[d_loss, g_loss]
1.4235165,-1.4235165
1.4113866,-1.4113866
1.4437019,-1.4437019
1.4061563,-1.4061563
1.4300406,-1.4300406
1.4280883,-1.4280883
1.4290502,-1.4290502
1.4082206,-1.4082206
1.3757563,-1.3757563
1.3627653,-1.3627653
1.3726895,-1.3726895
1.4474876,-1.4474876
1.4697931,-1.4697931
1.4342724,-1.4342724
1.4403641,-1.4403641
1.417216,-1.417216
1.3974454,-1.3974454
1.4247967,-1.4247967
1.3805847,-1.3805847
1.3743571,-1.3743571
1.3565619,-1.3565619
1.4419312,-1.4419312
1.4641961,-1.4641961
1.4036644,-1.4036644
1.3980743,-1.3980743
1.4258177,-1.4258177
1.3780874,-1.3780874
1.3094802,-1.3094802
1.3361238,-1.3361238
1.3455148,-1.3455148
1.3048127,-1.3048127
1.3357096,-1.3357096
1.3051054,-1.3051054
1.2759414,-1.2759414
1.2862203,-1.2862203
1.3020971,-1.3020971
1.3460293,-1.3460293
1.313894,-1.313894
1.3165369,-1.3165369
1.309351,-1.309351
1.3124222,-1.3124222
1.3126016,-1.3126016
1.3171399,-1.3171399
1.3205004,-1.3205004
1.3177066,-1.3177066
1.3506427,-1.3506427
1.3915436,-1.3915436
1.3742362,-1.3742362
1.3623488,-1.3623488
1.3899796,-1.3899796
1.384222,-1.384222
1.3501513,-1.3501513
1.406519,-1.406519
1.310771,-1.310771
1.3633296,-1.3633296
1.2809846,-1.2809846
1.3242348,-1.3242348
1.3369827,-1.3369827
1.3763194,-1.3763194
1.3261871,-1.3261871
1.2723062,-1.2723062
1.3909672,-1.3909672
1.3336556,-1.3336556
1.3215263,-1.3215263
1.3038812,-1.3038812
1.2695472,-1.2695472
1.2424937,-1.2424937
1.2190435,-1.2190435
1.3254881,-1.3254881
1.2158928,-1.2158928
1.2762802,-1.2762802
1.2529992,-1.2529992
1.2952065,-1.2952065
1.2431566,-1.2431566
1.2100569,-1.2100569
1.2522824,-1.2522824
1.2605586,-1.2605586
1.2023208,-1.2023208
1.2854894,-1.2854894
1.2897077,-1.2897077
1.1702378,-1.1702378
1.2616935,-1.2616935
1.2340468,-1.2340468
1.3158122,-1.3158122
1.2342219,-1.2342219
1.4340956,-1.4340956
1.4427614,-1.4427614
1.4296422,-1.4296422
1.3971748,-1.3971748
1.4274088,-1.4274088
1.5007561,-1.5007561
1.4698803,-1.4698803
1.3275979,-1.3275979
1.3306136,-1.3306136
1.3628244,-1.3628244
1.278191,-1.278191
1.3179415,-1.3179415
1.237458,-1.237458
1.276176,-1.276176
1.3106654,-1.3106654
1.3341899,-1.3341899
1.44719,-1.44719
1.4646858,-1.4646858
1.4515966,-1.4515966
1.3751755,-1.3751755
1.4240621,-1.4240621
1.351711,-1.351711
1.3056476,-1.3056476
1.3274819,-1.3274819
1.3373594,-1.3373594
1.3835288,-1.3835288
1.4284396,-1.4284396
1.4081105,-1.4081105
1.3887279,-1.3887279
1.3308668,-1.3308668
1.4429257,-1.4429257
1.3808246,-1.3808246
1.3693948,-1.3693948
1.3621336,-1.3621336
1.3409059,-1.3409059
1.3010237,-1.3010237
1.3703883,-1.3703883
1.3585538,-1.3585538
1.3163753,-1.3163753
1.2995187,-1.2995187
1.3137574,-1.3137574
1.3489249,-1.3489249
1.289972,-1.289972
1.391454,-1.391454
1.3260548,-1.3260548
1.3875432,-1.3875432
1.237154,-1.237154
1.3354121,-1.3354121
1.2705662,-1.2705662
1.2958009,-1.2958009
1.2436967,-1.2436967
1.1756055,-1.1756055
1.2898788,-1.2898788
1.2534785,-1.2534785
1.1716387,-1.1716387
1.1669133,-1.1669133
1.1934826,-1.1934826
1.1647439,-1.1647439
1.2043734,-1.2043734
1.332715,-1.332715
1.4015632,-1.4015632
1.2079344,-1.2079344
1.3053133,-1.3053133
1.289638,-1.289638
1.2174184,-1.2174184
1.2591661,-1.2591661
1.1975302,-1.1975302
1.1359676,-1.1359676
1.1851115,-1.1851115
1.1471958,-1.1471958
1.1540637,-1.1540637
1.2516999,-1.2516999
1.4297972,-1.4297972
1.5106887,-1.5106887
1.5191902,-1.5191902
1.5397907,-1.5397907
1.542233,-1.542233
1.4818383,-1.4818383
1.6211311,-1.6211311
1.7221614,-1.7221614
1.6715676,-1.6715676
1.6871006,-1.6871006
1.6494291,-1.6494291
1.522089,-1.522089
1.5423163,-1.5423163
1.4866621,-1.4866621
1.3633258,-1.3633258
1.5400252,-1.5400252
1.5279518,-1.5279518
1.4381249,-1.4381249
1.6104298,-1.6104298
1.4600804,-1.4600804
1.5674832,-1.5674832
1.4568682,-1.4568682
1.4498299,-1.4498299
1.5129411,-1.5129411
1.4594117,-1.4594117
1.6052127,-1.6052127
1.4603145,-1.4603145
1.5016148,-1.5016148
1.364048,-1.364048
1.4477239,-1.4477239
1.4683359,-1.4683359
1.3884939,-1.3884939
1.3444088,-1.3444088
1.3967953,-1.3967953
1.326119,-1.326119
1.4128051,-1.4128051
1.3969694,-1.3969694
1.4401721,-1.4401721
1.5239582,-1.5239582
1.5557265,-1.5557265
1.552928,-1.552928
1.5155089,-1.5155089
1.4962684,-1.4962684
1.5055449,-1.5055449
1.5683705,-1.5683705
1.4455483,-1.4455483
1.4792016,-1.4792016
1.5070899,-1.5070899
1.5165131,-1.5165131
1.3812712,-1.3812712
1.491903,-1.491903
1.4368501,-1.4368501
1.4323854,-1.4323854
1.4417005,-1.4417005
1.434397,-1.434397
1.2998571,-1.2998571
1.3443596,-1.3443596
1.3815337,-1.3815337
1.3420277,-1.3420277
1.3608902,-1.3608902
1.2969023,-1.2969023
1.2879982,-1.2879982
1.2563555,-1.2563555
1.2749264,-1.2749264
1.2960408,-1.2960408
1.2988671,-1.2988671
1.2218564,-1.2218564
1.2521293,-1.2521293
1.20749,-1.20749
1.3694723,-1.3694723
1.4381673,-1.4381673
1.4293845,-1.4293845
1.2538562,-1.2538562
1.3481884,-1.3481884
1.3244964,-1.3244964
1.2555315,-1.2555315
1.3275285,-1.3275285
1.2455051,-1.2455051
1.3123443,-1.3123443
1.232646,-1.232646
1.2263975,-1.2263975
1.2475741,-1.2475741
1.292147,-1.292147
1.4940376,-1.4940376
1.4859408,-1.4859408
1.4811196,-1.4811196
1.5030696,-1.5030696
1.4889371,-1.4889371
1.5223503,-1.5223503
1.4725754,-1.4725754
1.4855046,-1.4855046
1.3646455,-1.3646455
1.3826411,-1.3826411
1.312793,-1.312793
1.4309659,-1.4309659
1.3707834,-1.3707834
1.4504488,-1.4504488
1.499784,-1.499784
1.5052472,-1.5052472
1.5228682,-1.5228682
1.4493818,-1.4493818
1.4334332,-1.4334332
1.4158003,-1.4158003
1.3921832,-1.3921832
1.3472185,-1.3472185
1.2775306,-1.2775306
1.3015301,-1.3015301
1.3182249,-1.3182249
1.4753692,-1.4753692
1.5305697,-1.5305697
1.48523,-1.48523
1.4288706,-1.4288706
1.4291016,-1.4291016
1.4734154,-1.4734154
1.4767193,-1.4767193
1.4829569,-1.4829569
1.5588725,-1.5588725
1.4454331,-1.4454331
1.5177695,-1.5177695
1.5427718,-1.5427718
1.4933338,-1.4933338
1.348078,-1.348078
1.3994037,-1.3994037
1.4262125,-1.4262125
1.3696935,-1.3696935
1.3715589,-1.3715589
1.3889593,-1.3889593
1.3222322,-1.3222322
1.3170259,-1.3170259
1.2749281,-1.2749281
1.2185886,-1.2185886
1.3147881,-1.3147881
1.3573887,-1.3573887
1.4805374,-1.4805374
1.445832,-1.445832
1.4454415,-1.4454415
1.4141434,-1.4141434
1.4090902,-1.4090902
1.4444678,-1.4444678
1.3848611,-1.3848611
1.4430203,-1.4430203
1.4424813,-1.4424813
1.4382138,-1.4382138
1.3320246,-1.3320246
1.4043558,-1.4043558
1.3614824,-1.3614824
1.3886864,-1.3886864
1.3752577,-1.3752577
1.3505204,-1.3505204
1.3898995,-1.3898995
1.4164727,-1.4164727
1.3006544,-1.3006544
1.4247954,-1.4247954
1.3412231,-1.3412231
1.2307658,-1.2307658
1.3223481,-1.3223481
1.303607,-1.303607
1.2790599,-1.2790599
1.2678617,-1.2678617
1.258374,-1.258374
1.3773603,-1.3773603
1.3568244,-1.3568244
1.3406539,-1.3406539
1.3140603,-1.3140603
1.3063939,-1.3063939
1.2501357,-1.2501357
1.4203681,-1.4203681
1.465698,-1.465698
1.3002249,-1.3002249
1.4223576,-1.4223576
1.38955,-1.38955
1.4100039,-1.4100039
1.3766726,-1.3766726
1.4122128,-1.4122128
1.3500092,-1.3500092
1.3506333,-1.3506333
1.2723392,-1.2723392
1.3100859,-1.3100859
1.265406,-1.265406
1.287612,-1.287612
1.3460946,-1.3460946
1.3514506,-1.3514506
1.1920726,-1.1920726
1.2829434,-1.2829434
1.2173306,-1.2173306
1.2475965,-1.2475965
1.2484154,-1.2484154
1.1956737,-1.1956737
1.2205013,-1.2205013
1.1992865,-1.1992865
1.1994693,-1.1994693
1.2392874,-1.2392874
1.1895343,-1.1895343
1.2219324,-1.2219324
1.2580183,-1.2580183
1.2181882,-1.2181882
1.3255528,-1.3255528
1.323534,-1.323534
1.3928018,-1.3928018
1.3695782,-1.3695782
1.3690125,-1.3690125
1.266547,-1.266547
1.2929409,-1.2929409
1.2378488,-1.2378488
1.2198577,-1.2198577
1.317086,-1.317086
1.2711909,-1.2711909
1.2736583,-1.2736583
1.3759583,-1.3759583
1.282886,-1.282886
1.3190937,-1.3190937
1.2641246,-1.2641246
1.1698893,-1.1698893
1.2008435,-1.2008435
1.1605204,-1.1605204
1.1781192,-1.1781192
1.1050745,-1.1050745
1.1090397,-1.1090397
1.1462746,-1.1462746
1.1177993,-1.1177993
1.1584902,-1.1584902
1.1323392,-1.1323392
1.3436346,-1.3436346
1.2395349,-1.2395349
1.1770271,-1.1770271
1.3079448,-1.3079448
1.1886681,-1.1886681
1.2705917,-1.2705917
1.239621,-1.239621
1.2988443,-1.2988443
1.5778692,-1.5778692
1.4999819,-1.4999819
1.4779941,-1.4779941
1.4103363,-1.4103363
1.4455477,-1.4455477
1.5032535,-1.5032535
1.3950775,-1.3950775
1.4119445,-1.4119445
1.3629036,-1.3629036
1.5671496,-1.5671496
1.4192541,-1.4192541
1.3839253,-1.3839253
1.4115502,-1.4115502
1.4350014,-1.4350014
1.457566,-1.457566
1.4277118,-1.4277118
1.3436687,-1.3436687
1.3381131,-1.3381131
1.3066297,-1.3066297
1.1866634,-1.1866634
1.154399,-1.154399
1.131098,-1.131098
1.256042,-1.256042
1.2809031,-1.2809031
1.2088218,-1.2088218
1.3095033,-1.3095033
1.1999911,-1.1999911
1.1875968,-1.1875968
1.2381687,-1.2381687
1.2084296,-1.2084296
1.1681564,-1.1681564
1.1395879,-1.1395879
1.0481443,-1.0481443
1.0835472,-1.0835472
1.1345258,-1.1345258
1.1607053,-1.1607053
1.1835468,-1.1835468
1.2367772,-1.2367772
1.2168913,-1.2168913
1.112291,-1.112291
1.1734737,-1.1734737
1.1895585,-1.1895585
1.2352134,-1.2352134
1.1959237,-1.1959237
1.1649392,-1.1649392
1.1723716,-1.1723716
1.155695,-1.155695
1.2115269,-1.2115269
1.1917626,-1.1917626
1.1140027,-1.1140027
1.114592,-1.114592
1.1359224,-1.1359224
1.0270107,-1.0270107
1.0755166,-1.0755166
1.1167543,-1.1167543
1.0965284,-1.0965284
1.0555401,-1.0555401
1.0611644,-1.0611644
1.142453,-1.142453
1.1919857,-1.1919857
1.215166,-1.215166
1.4519721,-1.4519721
1.7635791,-1.7635791
1.7298467,-1.7298467
1.6229079,-1.6229079
1.7118355,-1.7118355
1.6704271,-1.6704271
1.5012282,-1.5012282
1.6596797,-1.6596797
1.6668988,-1.6668988
1.5584044,-1.5584044
1.6691203,-1.6691203
1.6482893,-1.6482893
1.486095,-1.486095
1.4521632,-1.4521632
1.5210897,-1.5210897
1.4386972,-1.4386972
1.5665568,-1.5665568
1.3724395,-1.3724395
1.317321,-1.317321
1.2622185,-1.2622185
1.4339867,-1.4339867
1.2835302,-1.2835302
1.3307623,-1.3307623
1.2182381,-1.2182381
1.2387972,-1.2387972
1.2478623,-1.2478623
1.3281534,-1.3281534
1.1794965,-1.1794965
1.2192395,-1.2192395
1.2325288,-1.2325288
1.1528397,-1.1528397
1.086981,-1.086981
1.2593887,-1.2593887
1.2928543,-1.2928543
1.2494836,-1.2494836
1.2602764,-1.2602764
1.3299136,-1.3299136
1.261646,-1.261646
1.1561241,-1.1561241
1.1738979,-1.1738979
1.2505369,-1.2505369
1.172713,-1.172713
1.1661413,-1.1661413
1.1872853,-1.1872853
1.133878,-1.133878
1.1353295,-1.1353295
1.2474024,-1.2474024
1.1356294,-1.1356294
1.1690907,-1.1690907
1.1438346,-1.1438346
1.0950801,-1.0950801
1.0342281,-1.0342281
1.0387822,-1.0387822
1.2492765,-1.2492765
1.6322932,-1.6322932
1.5721772,-1.5721772
1.8076311,-1.8076311
1.5677747,-1.5677747
1.687407,-1.687407
1.5497785,-1.5497785
1.7139893,-1.7139893
1.4228481,-1.4228481
1.3818712,-1.3818712
1.3679702,-1.3679702
1.3297453,-1.3297453
1.4335334,-1.4335334
1.3792442,-1.3792442
1.2478764,-1.2478764
1.2152851,-1.2152851
1.0539975,-1.0539975
1.105642,-1.105642
1.0359483,-1.0359483
1.2296205,-1.2296205
1.3801786,-1.3801786
1.3896761,-1.3896761
1.4001982,-1.4001982
1.3602524,-1.3602524
1.383291,-1.383291
1.3403084,-1.3403084
1.3325975,-1.3325975
1.377865,-1.377865
1.273519,-1.273519
1.2649717,-1.2649717
1.3374106,-1.3374106
1.3115422,-1.3115422
1.2007211,-1.2007211
1.2454926,-1.2454926
1.2345929,-1.2345929
1.0696514,-1.0696514
1.1680615,-1.1680615
1.2915571,-1.2915571
1.6054852,-1.6054852
1.5306597,-1.5306597
1.5713696,-1.5713696
1.5191274,-1.5191274
1.601208,-1.601208
1.4795778,-1.4795778
1.4439278,-1.4439278
1.4216466,-1.4216466
1.3957486,-1.3957486
1.3031104,-1.3031104
1.5630827,-1.5630827
1.4253446,-1.4253446
1.532001,-1.532001
1.4896119,-1.4896119
1.3751633,-1.3751633
1.4822736,-1.4822736
1.3016943,-1.3016943
1.3743126,-1.3743126
1.3522779,-1.3522779
1.3336968,-1.3336968
1.4382482,-1.4382482
1.3382034,-1.3382034
1.3144963,-1.3144963
1.2625613,-1.2625613
1.282324,-1.282324
1.3502878,-1.3502878
1.3273754,-1.3273754
1.4012991,-1.4012991
1.3643917,-1.3643917
1.4348071,-1.4348071
1.4188629,-1.4188629
1.3496954,-1.3496954
1.3386066,-1.3386066
1.3051211,-1.3051211
1.336331,-1.336331
1.3218514,-1.3218514
1.3286028,-1.3286028
1.3459456,-1.3459456
1.2243451,-1.2243451
1.2239585,-1.2239585
1.2321103,-1.2321103
1.180328,-1.180328
1.2280076,-1.2280076
1.281929,-1.281929
1.2683548,-1.2683548
1.1901441,-1.1901441
1.2237892,-1.2237892
1.1775808,-1.1775808
1.2378407,-1.2378407
1.1590149,-1.1590149
1.3438632,-1.3438632
1.2857516,-1.2857516
1.4662523,-1.4662523
1.4051614,-1.4051614
1.3573629,-1.3573629
1.3671865,-1.3671865
1.4976959,-1.4976959
1.4102589,-1.4102589
1.2512758,-1.2512758
1.2766773,-1.2766773
1.2852957,-1.2852957
1.1974075,-1.1974075
1.2655809,-1.2655809
1.1968366,-1.1968366
1.2020825,-1.2020825
1.1835668,-1.1835668
1.0538877,-1.0538877
1.1060104,-1.1060104
1.1754215,-1.1754215
1.1697512,-1.1697512
1.1690074,-1.1690074
1.1952094,-1.1952094
1.2045424,-1.2045424
1.2572838,-1.2572838
1.2231253,-1.2231253
1.2130303,-1.2130303
1.2262015,-1.2262015
1.2923,-1.2923
1.2864348,-1.2864348
1.3144699,-1.3144699
1.3116293,-1.3116293
1.2735531,-1.2735531
1.3620598,-1.3620598
1.2283485,-1.2283485
1.2489768,-1.2489768
1.2350234,-1.2350234
1.1229812,-1.1229812
1.2613893,-1.2613893
1.1475163,-1.1475163
1.171921,-1.171921
1.1181505,-1.1181505
1.1432233,-1.1432233
1.2200875,-1.2200875
1.109073,-1.109073
1.1996642,-1.1996642
1.049538,-1.049538
1.1081238,-1.1081238
1.163435,-1.163435
1.0347533,-1.0347533
1.1498578,-1.1498578
1.0511274,-1.0511274
1.1301041,-1.1301041
0.993519,-0.993519
1.1270716,-1.1270716
1.1606963,-1.1606963
1.661571,-1.661571
1.8486338,-1.8486338
1.6946445,-1.6946445
1.7932721,-1.7932721
1.6997602,-1.6997602
1.6322356,-1.6322356
1.674865,-1.674865
1.7150793,-1.7150793
1.6250206,-1.6250206
1.8397698,-1.8397698
1.4588642,-1.4588642
1.6755875,-1.6755875
1.599386,-1.599386
1.661108,-1.661108
1.4787741,-1.4787741
1.4618971,-1.4618971
1.368792,-1.368792
1.3446774,-1.3446774
1.4002964,-1.4002964
1.3755205,-1.3755205
1.3308462,-1.3308462
1.3272545,-1.3272545
1.3063653,-1.3063653
1.2295833,-1.2295833
1.3088055,-1.3088055
1.3312058,-1.3312058
1.3047879,-1.3047879
1.2585495,-1.2585495
1.2975528,-1.2975528
1.2710345,-1.2710345
1.3570169,-1.3570169
1.2038467,-1.2038467
1.3621075,-1.3621075
1.3181498,-1.3181498
1.3141539,-1.3141539
1.4108951,-1.4108951
1.3485532,-1.3485532
1.3371441,-1.3371441
1.3514372,-1.3514372
1.339264,-1.339264
1.2412004,-1.2412004
1.4002976,-1.4002976
1.3752174,-1.3752174
1.4357173,-1.4357173
1.3532251,-1.3532251
1.3908441,-1.3908441
1.3215154,-1.3215154
1.3177679,-1.3177679
1.3154476,-1.3154476
1.2552545,-1.2552545
1.2073796,-1.2073796
1.1996298,-1.1996298
1.2500336,-1.2500336
1.254988,-1.254988
1.3152385,-1.3152385
1.25139,-1.25139
1.3227592,-1.3227592
1.3305715,-1.3305715
1.253448,-1.253448
1.3799288,-1.3799288
1.2372167,-1.2372167
1.3335919,-1.3335919
1.202864,-1.202864
1.2241907,-1.2241907
1.2797726,-1.2797726
1.2554805,-1.2554805
1.205303,-1.205303
1.156671,-1.156671
1.1061711,-1.1061711
1.1365808,-1.1365808
1.0779666,-1.0779666
1.154541,-1.154541
1.234965,-1.234965
1.1815792,-1.1815792
1.144346,-1.144346
1.152587,-1.152587
1.1899006,-1.1899006
1.1927068,-1.1927068
1.1950741,-1.1950741
1.1986566,-1.1986566
1.2018733,-1.2018733
1.2166812,-1.2166812
1.2302821,-1.2302821
1.2318401,-1.2318401
1.1716113,-1.1716113
1.2334094,-1.2334094
1.2131706,-1.2131706
1.2328708,-1.2328708
1.1924176,-1.1924176
1.2767231,-1.2767231
1.2432873,-1.2432873
1.3258886,-1.3258886
1.2812738,-1.2812738
1.2597606,-1.2597606
1.3099787,-1.3099787
1.4036225,-1.4036225
1.2931118,-1.2931118
1.3382038,-1.3382038
1.3215481,-1.3215481
1.2646174,-1.2646174
1.3882806,-1.3882806
1.2729491,-1.2729491
1.300575,-1.300575
1.1480176,-1.1480176
1.2029536,-1.2029536
1.162401,-1.162401
1.124169,-1.124169
1.1681883,-1.1681883
1.2241821,-1.2241821
1.2098563,-1.2098563
1.345084,-1.345084
1.3328565,-1.3328565
1.3302916,-1.3302916
1.3212677,-1.3212677
1.4873114,-1.4873114
1.4846089,-1.4846089
1.4167737,-1.4167737
1.4493153,-1.4493153
1.3950171,-1.3950171
1.2289655,-1.2289655
1.3724462,-1.3724462
1.2581471,-1.2581471
1.1458099,-1.1458099
1.2611048,-1.2611048
1.1613519,-1.1613519
1.1045225,-1.1045225
1.19051,-1.19051
1.225982,-1.225982
1.1626375,-1.1626375
1.247471,-1.247471
1.2120864,-1.2120864
1.3024025,-1.3024025
1.1870532,-1.1870532
1.2931038,-1.2931038
1.1444697,-1.1444697
1.0928972,-1.0928972
1.2207506,-1.2207506
1.1609795,-1.1609795
1.0124121,-1.0124121
0.93480885,-0.93480885
0.8848517,-0.8848517
0.93657935,-0.93657935
1.2433054,-1.2433054
1.4450171,-1.4450171
1.2875836,-1.2875836
1.3253448,-1.3253448
1.1800722,-1.1800722
1.1860635,-1.1860635
1.0637366,-1.0637366
1.0247134,-1.0247134
1.0476463,-1.0476463
1.0849208,-1.0849208
1.1789317,-1.1789317
1.1736001,-1.1736001
1.1660726,-1.1660726
1.1602507,-1.1602507
1.1536525,-1.1536525
1.0799978,-1.0799978
1.0785674,-1.0785674
1.154599,-1.154599
1.1987008,-1.1987008
1.2275063,-1.2275063
1.2180743,-1.2180743
1.1890111,-1.1890111
1.2242913,-1.2242913
1.1462663,-1.1462663
1.2168167,-1.2168167
1.0843139,-1.0843139
1.0972645,-1.0972645
1.1721559,-1.1721559
1.0696864,-1.0696864
1.1333659,-1.1333659
1.1033096,-1.1033096
1.0160282,-1.0160282
1.1346512,-1.1346512
1.1717182,-1.1717182
1.3369753,-1.3369753
1.3367486,-1.3367486
1.3403041,-1.3403041
1.3635072,-1.3635072
1.1761894,-1.1761894
1.2791576,-1.2791576
1.322752,-1.322752
1.1793544,-1.1793544
1.2699902,-1.2699902
1.2491382,-1.2491382
1.1497079,-1.1497079
1.2118071,-1.2118071
1.1066725,-1.1066725
1.1086917,-1.1086917
1.0868552,-1.0868552
1.037984,-1.037984
1.2186021,-1.2186021
1.0496141,-1.0496141
1.0202914,-1.0202914
1.0298159,-1.0298159
0.94726443,-0.94726443
1.0251743,-1.0251743
0.9331526,-0.9331526
0.8855329,-0.8855329
0.88932693,-0.88932693
0.92178893,-0.92178893
0.84999573,-0.84999573
0.98144233,-0.98144233
0.90366846,-0.90366846
0.79704344,-0.79704344
0.993708,-0.993708
0.8960652,-0.8960652
0.9256072,-0.9256072
1.0344945,-1.0344945
0.99759126,-0.99759126
1.1291037,-1.1291037
1.3141407,-1.3141407
1.3906778,-1.3906778
1.3202009,-1.3202009
1.3261743,-1.3261743
1.2472506,-1.2472506
1.3154134,-1.3154134
1.2918795,-1.2918795
1.0686383,-1.0686383
1.2399142,-1.2399142
1.0348492,-1.0348492
1.1469152,-1.1469152
1.0020599,-1.0020599
0.91163564,-0.91163564
0.9050027,-0.9050027
0.9133258,-0.9133258
1.0113208,-1.0113208
0.9526007,-0.9526007
0.9260173,-0.9260173
0.9000803,-0.9000803
0.83428407,-0.83428407
0.9339348,-0.9339348
0.89455634,-0.89455634
0.7862347,-0.7862347
1.0136044,-1.0136044
0.96477187,-0.96477187
0.8722142,-0.8722142
1.0092727,-1.0092727
0.9534036,-0.9534036
1.0019853,-1.0019853
0.8640456,-0.8640456
0.901181,-0.901181
0.9224013,-0.9224013
0.9281664,-0.9281664
0.91524,-0.91524
0.85330594,-0.85330594
0.81627417,-0.81627417
1.0101402,-1.0101402
0.9214419,-0.9214419
0.8962141,-0.8962141
0.86931485,-0.86931485
0.92412883,-0.92412883
0.88597596,-0.88597596
0.980437,-0.980437
0.9625194,-0.9625194
0.7387228,-0.7387228
0.7708433,-0.7708433
0.9119862,-0.9119862
0.85020196,-0.85020196
0.715512,-0.715512
0.8951237,-0.8951237
0.7849258,-0.7849258
0.7615212,-0.7615212
0.78439254,-0.78439254
0.71641517,-0.71641517
0.9867093,-0.9867093
0.7723586,-0.7723586
0.8302951,-0.8302951
0.92335236,-0.92335236
0.88406545,-0.88406545
1.05631,-1.05631
1.0840101,-1.0840101
0.9817215,-0.9817215
1.0082357,-1.0082357
0.8676925,-0.8676925
0.86490464,-0.86490464
0.7593227,-0.7593227
0.9056688,-0.9056688
1.031982,-1.031982
1.1608118,-1.1608118
1.2293384,-1.2293384
1.428798,-1.428798
1.1982753,-1.1982753
1.2260433,-1.2260433
1.0325449,-1.0325449
0.9184707,-0.9184707
0.87860155,-0.87860155
0.9296682,-0.9296682
1.0973212,-1.0973212
0.98199606,-0.98199606
0.909757,-0.909757
0.8241885,-0.8241885
1.0288328,-1.0288328
1.1288455,-1.1288455
1.2522122,-1.2522122
1.0832151,-1.0832151
1.1177709,-1.1177709
1.0008686,-1.0008686
1.0289178,-1.0289178
1.1000682,-1.1000682
1.3130776,-1.3130776
1.1190634,-1.1190634
1.2425075,-1.2425075
1.0141718,-1.0141718
1.130274,-1.130274
1.0441761,-1.0441761
1.0560975,-1.0560975
0.92604625,-0.92604625
1.0728767,-1.0728767
0.9160649,-0.9160649
0.9782198,-0.9782198
1.0454824,-1.0454824
1.0314015,-1.0314015
0.9179889,-0.9179889
1.1169828,-1.1169828
