[step, epoch, max]
0,0,3,3,3,3,3,3,3,3,3,3,3,3,3,3,3,3,3,3,3,3,3,3,3,3,3,3,3,3,3,3,3,3
1,0,3,3,3,3,3,3,3,3,3,3,3,3,3,3,3,5,3,3,3,3,3,3,3,3,3,3,3,3,3,3,3,3
2,0,4,4,4,4,4,4,4,4,4,4,4,4,4,4,4,4,4,1,4,4,4,4,4,1,4,4,4,4,4,4,4,4
3,0,4,4,4,4,4,4,4,4,8,4,4,4,1,4,4,4,8,4,4,4,4,4,4,4,4,4,4,4,4,4,4,4
4,0,4,4,4,4,4,4,4,3,4,4,4,4,4,4,4,4,2,4,4,4,4,4,4,4,4,4,4,4,4,4,4,4
5,0,3,3,3,3,3,3,3,3,3,3,3,3,5,3,3,3,3,3,3,5,3,3,2,3,5,3,3,5,5,3,3,3
6,0,3,3,3,3,3,3,3,3,3,3,3,3,3,3,3,3,3,3,3,3,3,3,3,3,3,3,3,3,3,3,3,3
7,0,3,3,3,3,3,3,3,5,2,5,3,3,3,3,3,3,3,3,3,3,3,3,3,3,3,3,3,3,3,3,3,3
8,0,3,3,3,3,3,3,3,3,3,3,3,3,3,3,3,3,3,3,3,3,3,3,3,3,3,3,3,3,3,3,3,5
9,0,3,3,3,3,3,3,3,3,3,3,3,3,3,3,3,3,3,3,3,3,3,3,3,3,3,3,5,3,3,3,3,3
10,0,3,3,3,3,3,3,3,3,3,3,2,3,2,2,3,3,3,2,3,3,3,3,3,3,2,3,3,3,5,3,3,3
11,0,3,3,3,3,3,3,3,3,5,3,5,3,3,3,3,3,3,3,3,3,3,3,5,3,3,3,5,2,3,3,3,3
12,0,2,3,2,3,2,2,2,2,2,2,3,2,2,3,2,2,2,2,5,2,2,3,2,2,2,2,2,2,3,3,2,3
13,0,2,2,2,3,2,3,2,2,2,2,2,2,2,2,3,2,2,2,2,2,2,3,3,2,2,2,2,3,3,2,2,2
14,0,2,3,2,3,3,2,2,3,3,2,2,3,2,3,2,2,2,2,2,2,2,2,3,2,2,2,2,2,2,2,2,2
15,0,2,2,2,5,2,2,2,2,3,1,2,2,2,2,2,2,2,2,2,2,3,2,2,2,2,3,2,2,2,2,2,2
16,0,2,2,2,2,2,2,2,2,2,2,2,2,3,2,2,2,2,3,2,2,2,2,2,3,2,2,2,3,3,2,2,3
17,0,2,2,2,2,2,2,2,2,2,2,2,3,2,2,2,2,2,3,2,2,2,2,2,2,2,5,2,2,2,3,2,2
18,0,2,2,2,2,2,2,2,2,2,2,2,2,2,2,2,2,2,2,3,2,3,2,2,2,2,2,2,3,2,2,2,2
19,0,2,3,3,3,3,2,2,2,2,2,5,2,2,2,2,3,3,3,3,2,2,3,3,3,2,3,2,2,3,2,2,2
20,0,3,3,3,3,3,3,3,3,3,3,3,3,3,3,3,2,3,3,3,3,3,3,3,3,3,3,3,3,3,3,3,3
21,0,3,3,3,3,3,3,7,3,3,3,3,3,3,3,3,3,3,3,3,3,3,3,3,3,3,3,3,7,3,3,3,3
22,0,3,3,3,3,3,7,3,3,3,3,7,3,7,3,3,3,7,3,3,3,3,7,3,3,7,7,3,3,3,3,3,3
23,0,3,3,3,3,3,7,7,7,3,3,3,3,3,3,3,3,3,3,3,3,3,3,3,3,3,3,3,3,7,3,3,3
24,0,3,3,3,3,3,3,3,3,3,3,3,3,7,3,3,7,3,3,7,3,3,3,3,3,3,3,7,3,3,3,3,3
25,0,3,3,3,3,7,3,3,7,3,3,3,7,3,7,3,3,3,3,3,3,7,3,3,3,7,3,7,3,3,3,3,7
26,0,3,3,3,3,7,3,3,3,3,7,3,3,3,3,3,3,3,3,3,3,3,7,3,3,3,3,3,3,3,3,3,3
27,0,3,3,3,3,3,3,3,3,3,3,3,3,3,3,3,3,3,3,3,3,3,3,3,3,3,3,3,3,3,3,3,3
28,0,7,3,3,3,3,3,2,3,3,1,7,3,3,2,7,3,3,3,3,2,3,3,2,3,3,3,3,2,7,3,3,1
29,0,3,3,3,3,3,3,3,3,3,3,3,3,3,3,3,8,3,3,3,3,3,3,7,3,3,3,2,3,3,3,3,3
30,0,3,2,3,3,3,3,3,3,3,3,2,3,3,3,3,3,3,3,3,2,3,3,3,2,3,2,3,3,3,3,3,3
31,0,3,3,3,3,3,2,7,3,2,2,3,2,3,3,3,2,3,2,3,3,3,2,3,3,3,3,2,2,3,3,2,3
32,0,3,7,3,3,3,3,3,3,3,3,3,3,3,7,3,7,7,3,3,3,3,3,3,3,3,3,3,3,2,3,3,3
33,0,3,2,3,3,2,3,3,3,3,3,3,3,3,3,3,3,3,3,3,3,3,3,3,3,3,3,3,3,2,3,3,3
34,0,3,3,3,3,3,3,3,3,3,3,3,2,3,3,3,7,3,3,3,3,3,3,3,3,3,3,3,3,3,3,3,3
35,0,3,3,3,2,3,3,7,3,3,3,3,7,3,3,3,3,2,3,3,3,3,7,3,3,3,3,3,3,2,2,2,3
36,0,3,7,3,7,3,7,3,3,7,3,3,3,3,2,3,3,3,2,3,3,3,3,3,3,3,3,2,7,3,3,2,3
37,0,2,2,2,2,2,3,7,2,3,3,3,2,2,2,7,2,2,7,2,3,3,3,3,3,2,3,7,3,3,2,2,2
38,0,2,2,2,3,3,3,2,7,2,3,3,7,2,3,3,3,3,3,3,7,3,3,7,3,3,3,2,3,3,2,3,2
39,0,3,2,3,4,3,3,3,3,3,3,3,2,3,3,3,3,3,3,3,2,3,3,2,3,3,3,2,2,3,3,3,3
40,0,3,3,7,3,3,3,3,7,3,3,3,3,2,3,3,2,3,3,7,3,3,3,2,3,3,2,3,3,3,3,3,7
41,0,3,3,2,3,3,3,3,3,3,3,3,3,3,3,3,3,2,2,3,3,3,7,2,3,7,2,3,7,2,2,3,3
42,0,2,3,3,2,2,2,2,3,2,7,3,2,2,2,2,3,2,2,2,2,7,3,2,2,2,2,2,2,3,2,2,3
43,0,2,2,3,3,2,3,3,3,3,3,3,3,3,2,3,2,7,2,2,3,3,3,3,3,2,3,1,2,3,2,7,7
44,0,2,2,2,3,2,2,3,3,2,2,2,3,2,2,2,2,3,3,7,3,3,3,2,3,2,3,2,3,2,2,2,2
45,0,2,3,2,2,2,2,2,3,2,2,3,2,3,3,2,2,2,2,2,3,2,3,2,2,3,3,2,2,2,2,3,3
46,0,2,3,3,3,3,2,2,3,2,2,3,2,2,3,2,3,2,3,2,2,3,3,2,3,3,2,3,3,2,2,3,3
47,0,2,2,2,3,2,3,4,3,3,7,2,2,2,2,2,3,3,2,2,2,3,2,3,2,2,3,2,3,2,2,2,2
48,0,3,3,3,2,2,3,3,3,3,3,3,3,3,3,2,2,2,3,2,3,2,3,2,3,2,2,3,3,3,3,3,2
49,0,3,3,3,3,3,3,3,3,2,3,3,3,3,3,7,3,3,3,3,7,3,3,2,3,3,7,3,7,3,2,3,2
50,0,3,3,3,5,3,3,3,3,3,3,3,3,3,3,3,3,3,3,3,3,3,3,3,3,3,3,3,3,3,5,3,3
51,0,3,3,3,3,3,3,3,3,1,2,3,7,3,3,2,3,3,3,3,3,3,3,3,3,3,3,7,3,3,3,3,3
52,0,3,3,3,3,3,3,2,3,3,2,2,2,3,3,3,3,3,3,3,3,3,3,3,3,3,2,3,5,3,3,3,3
53,0,3,3,3,3,2,3,3,3,3,3,3,3,3,3,3,3,2,3,3,3,3,3,3,3,3,3,3,2,3,3,3,3
54,0,2,2,3,3,3,3,3,2,3,3,3,3,3,3,3,3,3,3,3,2,3,3,3,2,2,3,3,3,3,3,2,3
55,0,2,2,2,2,3,3,2,2,3,3,3,3,2,3,3,2,2,2,3,3,2,3,3,3,3,2,2,3,2,2,2,3
56,0,3,3,2,3,3,2,2,3,2,2,2,3,3,2,2,3,3,3,7,3,3,2,3,5,2,3,2,2,3,2,2,3
57,0,2,2,3,2,3,2,3,3,2,2,2,2,3,3,3,2,3,2,2,2,2,3,3,2,2,2,2,2,2,3,3,2
58,0,2,1,3,3,3,3,2,3,2,3,2,2,1,1,3,3,3,3,3,3,3,2,3,2,2,3,2,2,3,2,2,3
59,0,2,2,3,3,2,3,3,3,2,3,3,3,2,3,2,2,3,3,2,2,2,3,3,2,2,3,2,5,2,3,2,2
60,0,2,2,3,2,3,2,2,3,2,2,3,2,2,2,3,3,2,3,3,2,2,2,2,2,2,3,2,3,3,3,3,3
61,0,2,3,2,2,2,1,2,2,2,2,2,2,2,2,2,2,3,2,3,3,2,2,2,2,2,2,1,2,2,2,2,2
62,0,2,2,2,2,2,3,2,2,3,2,2,3,2,2,2,2,2,2,2,2,1,2,2,2,2,2,2,2,1,3,2,2
63,0,2,2,2,7,2,2,3,7,2,7,2,7,2,2,2,2,2,2,2,2,2,7,7,2,2,2,2,2,3,2,3,2
64,0,3,3,2,3,2,3,3,3,3,2,3,3,3,2,5,2,2,3,3,2,3,3,2,3,3,2,3,3,3,2,3,2
65,0,3,3,3,3,2,3,2,3,3,3,3,3,3,3,3,3,3,3,3,3,2,2,3,2,3,2,3,3,3,3,2,3
66,0,3,3,3,3,3,3,3,3,3,3,3,3,3,3,3,3,3,3,3,3,3,3,3,3,3,3,3,2,3,3,3,3
67,0,2,2,3,3,3,3,3,3,2,2,2,2,2,3,3,2,2,3,3,2,3,2,3,3,3,3,3,2,3,2,3,3
68,0,2,2,3,3,2,3,2,2,3,3,3,2,3,3,2,2,3,2,3,3,3,3,3,3,2,3,2,3,3,3,2,2
69,0,2,2,2,2,2,2,3,3,2,3,2,2,3,2,3,3,3,2,3,2,3,3,2,2,2,3,3,2,2,2,3,3
70,0,2,3,3,2,2,2,2,2,2,3,3,2,3,2,2,3,2,2,2,2,3,2,3,2,3,2,2,2,2,2,3,3
71,0,2,2,3,3,2,3,3,2,2,2,2,2,2,2,3,3,2,2,2,2,2,3,3,3,2,2,3,3,3,3,3,3
72,0,2,3,2,2,3,3,3,2,3,2,3,3,2,2,2,2,2,2,2,2,2,2,2,2,2,2,2,2,2,3,2,2
73,0,2,2,2,2,2,2,2,2,3,2,2,2,2,2,2,2,3,2,2,2,2,3,2,3,2,2,2,2,3,2,2,3
74,0,2,2,2,2,3,2,2,2,2,2,2,2,2,2,2,2,2,2,2,2,2,2,2,2,2,2,2,2,2,2,2,2
75,0,2,2,2,2,2,2,2,2,2,2,2,2,3,2,2,2,2,2,2,2,2,2,2,2,2,3,2,2,2,2,2,2
76,0,2,2,2,2,2,2,2,2,2,2,2,2,2,2,2,2,2,2,2,2,2,2,2,2,2,2,2,2,2,2,2,2
77,0,2,2,2,2,2,2,2,2,2,2,2,2,2,2,2,2,2,2,2,2,2,2,2,2,2,2,2,2,2,2,2,2
78,0,2,2,2,2,2,2,2,2,2,2,2,2,2,2,2,2,2,2,2,2,2,2,2,3,2,2,2,2,2,2,2,2
79,0,2,2,2,2,2,2,2,2,2,2,2,2,2,2,2,2,2,2,2,2,2,2,2,2,2,2,2,2,2,2,2,2
80,0,2,2,2,2,2,2,2,2,2,2,2,2,2,2,2,2,2,2,2,2,2,2,2,2,3,2,2,2,2,2,2,2
81,0,2,2,2,2,2,2,2,2,2,2,2,2,2,2,2,2,2,2,2,2,2,2,2,2,2,2,2,2,2,2,2,2
82,0,2,2,2,2,2,2,2,2,2,2,2,2,2,2,3,2,2,2,2,2,2,2,2,2,2,2,2,2,2,2,2,2
83,0,2,2,2,3,2,2,2,5,2,2,2,2,2,2,2,2,2,2,2,2,2,2,2,2,2,2,2,2,2,2,2,2
84,0,2,3,2,2,3,2,2,5,2,2,2,2,2,2,2,2,2,2,2,2,2,2,2,2,2,3,3,2,3,2,2,2
85,0,2,2,2,2,2,2,2,2,2,2,2,3,2,3,2,2,2,2,2,3,2,2,2,5,2,2,3,2,2,2,5,2
86,0,3,3,3,3,3,3,3,2,3,3,3,2,2,3,3,3,3,3,3,3,3,3,3,2,2,3,2,3,3,3,2,2
87,0,3,2,3,3,3,3,3,3,3,3,3,3,3,3,3,3,3,3,3,3,3,3,3,3,2,3,2,2,3,2,3,3
88,0,3,3,3,3,3,3,3,3,2,3,3,3,3,3,3,3,3,3,3,3,7,3,3,3,3,3,3,3,2,3,3,3
89,0,2,3,2,3,3,2,2,2,2,2,2,2,2,2,2,3,3,3,2,2,3,2,3,3,3,2,2,2,3,2,2,2
90,0,2,2,3,2,2,2,2,2,7,7,2,3,3,2,3,3,2,3,3,2,2,2,2,2,2,2,3,7,2,2,2,2
91,0,2,3,2,2,2,2,2,2,2,3,3,2,2,2,2,5,2,2,2,3,2,2,2,2,2,2,2,2,3,2,2,2
92,0,3,3,3,7,5,3,3,2,2,8,2,2,2,2,7,3,3,3,2,3,3,2,3,3,2,3,3,2,2,2,3,2
93,0,2,3,2,2,2,3,2,2,3,2,3,2,3,5,7,2,2,2,2,2,7,2,2,2,2,2,3,2,2,3,2,2
94,0,2,7,3,3,3,3,2,2,3,2,3,2,3,3,2,2,2,2,2,3,2,2,3,3,2,3,3,2,2,3,2,2
95,0,3,3,3,3,3,3,3,3,3,3,3,3,3,3,3,3,3,3,3,3,3,3,3,2,3,3,7,7,3,2,3,2
96,0,3,2,3,3,3,3,3,3,3,3,3,3,3,3,3,3,3,3,3,3,3,3,3,3,3,2,3,3,3,3,3,3
97,0,3,3,3,3,5,3,3,5,3,3,3,3,3,5,3,5,3,3,5,5,3,5,5,3,3,5,3,3,5,5,3,3
98,0,3,3,3,3,3,3,3,3,3,3,3,3,3,3,3,3,3,3,3,3,3,3,3,3,3,3,3,3,3,3,3,3
99,0,3,3,3,3,3,3,3,3,3,3,3,3,3,3,3,3,3,3,3,3,3,3,3,3,3,3,3,3,3,3,3,3
100,0,3,3,3,3,3,3,3,3,3,3,3,3,3,3,3,3,3,7,3,3,3,3,3,3,3,3,3,3,3,3,3,3
101,0,3,3,3,3,3,1,3,3,3,3,3,3,3,3,3,3,3,3,3,3,3,3,3,3,3,3,3,3,3,3,3,3
102,0,3,3,3,3,3,3,3,3,3,3,3,3,3,3,3,3,2,3,3,3,3,3,3,3,3,3,3,3,3,3,3,3
103,0,3,3,3,3,3,3,3,3,3,3,3,3,3,3,3,3,3,3,3,3,3,3,3,3,3,3,3,3,3,3,3,3
104,0,3,3,3,3,3,3,3,3,3,3,3,3,3,3,3,3,3,3,3,3,3,3,3,3,3,3,3,3,3,3,3,3
105,0,3,3,3,3,3,3,3,3,3,3,3,3,3,3,3,3,3,3,3,3,3,3,3,3,3,3,3,3,3,3,3,3
106,0,3,3,3,3,3,3,3,3,3,3,3,3,3,3,3,3,3,3,3,3,3,3,3,3,3,3,3,3,3,3,3,3
107,0,3,3,3,3,3,3,3,3,3,3,3,3,3,3,3,3,3,3,3,3,3,3,3,3,3,3,3,3,3,3,3,3
108,0,3,3,3,3,3,3,3,3,3,3,3,3,3,3,3,3,3,3,3,3,3,3,3,3,3,3,3,3,3,3,3,3
109,0,3,3,3,3,3,3,3,3,3,3,3,3,3,3,3,3,3,3,3,3,3,3,3,3,3,3,3,3,3,3,3,3
110,0,3,3,3,3,3,3,3,3,3,3,3,3,3,3,3,3,3,3,3,3,3,3,3,3,3,3,3,3,3,3,3,3
111,0,3,3,3,3,3,3,3,3,3,3,3,3,3,3,3,3,3,3,3,1,3,3,7,3,3,3,3,3,3,3,3,3
112,0,3,3,2,3,3,3,3,3,3,2,3,3,3,3,3,2,2,3,3,2,3,3,3,3,2,3,3,3,2,3,3,3
113,0,3,3,3,3,3,3,3,3,3,3,2,3,3,3,3,3,3,3,3,3,3,3,3,3,3,3,3,3,3,3,3,3
114,0,3,2,3,3,3,3,3,3,2,2,2,3,3,3,3,3,3,2,2,3,2,3,3,3,3,3,3,3,3,2,3,3
115,0,2,2,2,2,2,2,2,2,3,2,2,2,2,2,2,2,2,2,2,2,2,2,2,2,2,2,2,2,2,7,2,2
116,0,2,2,2,2,2,2,2,2,2,2,2,2,2,2,2,2,3,2,2,2,2,2,2,2,2,2,2,2,2,2,2,2
117,0,2,2,2,2,2,2,2,2,2,2,2,2,3,2,2,2,2,2,2,2,2,2,2,2,2,2,2,2,2,2,2,2
118,0,2,2,2,2,2,2,2,2,2,2,2,2,3,2,2,2,2,2,2,2,2,2,2,2,2,2,2,2,3,2,2,2
119,0,2,2,2,2,2,2,2,2,2,2,2,2,2,2,2,2,2,2,2,2,2,2,2,2,2,2,2,2,2,2,2,2
120,0,2,2,2,2,1,2,2,2,2,2,2,2,2,2,2,2,2,2,2,2,2,2,2,2,2,2,2,2,2,2,2,2
121,0,2,2,2,2,2,2,3,2,2,2,2,2,2,2,2,2,2,2,2,2,2,2,2,2,2,2,2,2,2,2,2,2
122,0,2,2,2,2,2,2,2,2,2,2,2,2,2,2,2,2,2,2,2,2,2,2,2,2,2,2,2,2,2,2,2,2
123,0,2,2,2,2,2,2,2,2,2,3,2,2,2,2,2,2,2,2,2,2,2,2,2,2,2,2,2,2,2,2,2,2
124,0,2,2,3,2,2,3,2,2,2,2,2,2,2,2,2,2,2,2,2,2,2,2,2,2,2,2,2,2,2,2,3,2
125,0,2,2,2,2,2,2,2,2,2,2,2,2,2,2,2,2,2,2,2,2,2,2,2,2,2,2,2,2,2,3,2,2
126,0,2,2,2,2,2,2,2,2,2,2,2,2,3,2,2,2,2,2,2,2,2,2,2,2,2,2,2,2,2,2,2,2
127,0,2,2,2,2,2,2,2,2,3,2,3,3,3,2,2,3,3,2,2,2,2,3,2,2,3,3,2,2,2,2,2,2
128,0,2,2,2,3,2,2,2,2,2,2,2,2,2,2,2,2,2,2,2,3,2,2,2,2,2,2,2,2,2,2,2,2
129,0,2,2,2,3,2,2,2,3,2,2,2,2,2,2,2,2,2,2,2,2,2,2,2,2,2,2,2,2,2,2,2,2
130,0,2,2,2,2,2,2,2,2,2,3,2,2,2,2,3,2,2,2,2,2,3,2,2,2,2,2,2,2,2,2,2,2
131,0,2,2,2,3,2,2,2,2,2,2,3,2,2,2,3,3,3,2,2,2,2,2,2,2,2,2,2,2,2,3,2,2
132,0,2,2,2,2,2,2,2,2,2,3,2,2,2,3,3,2,2,2,2,2,3,2,2,3,2,3,2,2,2,2,3,2
133,0,2,2,2,3,2,2,2,2,3,2,3,2,2,2,2,2,2,2,3,2,2,2,3,2,2,2,2,2,2,2,2,2
134,0,2,2,2,2,2,2,2,3,2,2,3,2,2,2,2,2,2,2,2,3,2,2,2,3,2,3,2,2,2,2,2,3
135,0,2,2,2,2,2,3,2,2,2,2,2,3,2,2,2,2,2,2,2,2,2,2,2,2,2,2,2,2,2,2,2,2
136,0,3,2,3,3,3,3,3,2,3,2,2,3,2,3,2,3,3,3,3,2,3,2,3,3,2,3,3,2,3,2,3,3
137,0,3,3,3,3,3,3,3,3,3,3,3,3,3,3,3,3,3,3,3,3,3,3,3,3,3,3,3,3,3,3,3,2
138,0,2,2,3,2,2,2,2,2,2,2,2,2,2,2,2,2,2,2,2,2,2,2,2,2,3,2,2,2,2,2,2,2
139,0,2,2,2,2,2,2,2,2,2,2,2,2,2,3,2,2,2,2,3,2,2,2,2,2,2,2,2,2,2,2,2,2
140,0,2,2,2,2,2,2,2,2,2,2,2,2,2,2,2,2,2,3,2,2,2,2,2,2,2,2,2,2,2,2,2,2
141,0,3,3,2,3,2,3,3,3,3,3,2,3,3,3,3,3,3,3,3,3,2,3,3,2,3,3,3,3,3,3,3,3
142,0,3,2,3,2,3,2,3,3,3,3,3,3,3,3,3,3,3,3,3,3,3,3,3,3,3,3,3,3,3,3,3,3
143,0,2,2,3,2,2,2,2,3,2,2,3,3,3,2,3,3,2,2,2,3,2,2,3,2,2,3,2,2,3,3,2,2
144,0,2,3,2,3,3,2,2,2,3,2,2,2,2,2,2,3,2,2,3,2,2,2,3,2,2,2,2,2,2,2,3,2
145,0,2,2,2,2,2,2,2,3,2,3,2,2,2,2,2,3,2,2,2,2,3,2,3,2,2,5,2,2,2,2,3,2
146,0,2,2,3,2,3,2,3,3,2,2,2,2,2,2,2,2,2,2,2,2,2,2,2,3,2,2,2,2,2,2,2,2
147,0,3,3,2,3,3,2,3,3,3,3,2,2,3,3,2,3,3,2,3,3,2,3,3,3,3,3,2,3,3,3,3,3
148,0,2,3,3,2,5,3,3,2,2,3,3,3,3,3,3,2,3,2,2,2,3,2,2,3,2,2,2,2,3,2,2,2
149,0,2,3,3,3,2,3,2,3,2,2,3,2,2,3,2,2,2,2,2,3,3,2,2,2,2,2,2,2,2,2,3,2
150,0,3,3,3,3,3,3,3,3,3,3,2,3,3,3,3,3,3,3,3,3,3,3,3,3,3,3,3,3,2,3,3,2
151,0,3,2,3,3,3,3,2,3,3,3,3,3,3,3,3,3,3,3,3,3,3,2,3,3,3,3,3,3,3,3,3,3
152,0,3,2,3,3,3,3,2,3,3,3,3,3,3,3,3,2,3,3,3,3,3,3,3,2,3,3,3,3,3,3,3,3
153,0,3,3,3,3,3,3,3,3,3,3,3,3,3,3,3,3,3,3,2,2,3,3,3,2,3,2,3,3,3,3,3,3
154,0,3,3,3,3,3,3,3,3,3,3,3,3,3,3,3,3,3,3,3,3,3,3,3,3,3,3,3,2,3,3,3,3
155,0,3,3,3,3,3,3,3,3,3,3,3,3,3,3,3,3,3,3,3,3,3,3,3,3,3,3,3,3,3,3,3,3
156,0,3,3,2,3,3,3,3,3,3,3,3,3,3,3,3,3,3,2,3,2,3,3,3,3,3,3,3,3,3,3,3,3
157,0,3,3,3,3,3,3,3,3,3,3,3,3,3,3,3,3,3,3,2,3,3,3,3,3,3,3,3,3,3,3,3,3
158,0,3,2,3,3,3,2,3,3,3,3,3,3,3,3,3,3,3,3,3,3,3,3,3,3,3,2,3,3,3,3,3,3
159,0,3,2,3,3,3,3,3,3,3,3,3,3,3,3,3,3,3,2,3,3,3,3,3,3,3,3,3,3,3,3,3,3
160,0,3,3,3,3,3,3,3,3,3,3,3,3,3,3,3,3,3,3,2,3,3,3,3,3,3,3,3,3,3,3,3,3
161,0,3,2,3,2,3,3,3,3,3,3,2,3,3,3,2,3,2,3,2,3,3,3,3,2,3,3,3,3,3,3,3,2
162,0,2,3,3,2,3,2,2,2,3,2,3,2,2,2,2,2,2,3,2,3,3,2,3,2,3,2,3,2,2,2,3,2
163,0,3,3,3,3,3,3,3,3,3,3,3,3,3,3,3,3,3,2,3,3,3,3,3,3,3,3,3,3,3,3,3,3
164,0,2,3,2,2,2,2,2,2,2,2,2,2,3,2,2,2,2,2,3,2,2,2,2,2,2,3,2,2,2,2,2,2
165,0,2,2,2,3,2,3,3,3,3,3,3,3,3,3,3,3,2,3,2,2,3,2,3,3,3,3,2,3,3,3,2,3
166,0,2,2,3,2,3,3,2,2,3,2,2,2,2,2,2,2,3,2,3,3,3,2,2,2,2,2,3,2,2,2,2,2
167,0,2,3,2,3,3,2,2,3,3,3,2,3,2,2,2,3,2,3,2,2,3,3,2,2,2,2,3,3,3,3,3,3
168,0,3,3,3,3,3,3,3,2,2,2,2,3,3,3,3,2,3,3,2,3,3,2,3,3,2,3,2,3,3,3,3,3
169,0,3,3,3,3,3,3,2,3,3,3,2,3,2,2,2,3,2,2,3,2,3,3,3,3,3,2,3,3,3,3,3,3
170,0,3,3,3,3,3,3,3,2,3,3,3,3,3,3,3,3,3,2,3,2,3,2,3,3,3,3,3,3,3,2,3,3
171,0,3,2,2,2,3,3,3,3,3,3,2,3,3,3,3,3,3,3,2,2,3,3,3,3,3,2,3,3,3,3,3,3
172,0,3,2,3,2,3,3,3,2,3,2,3,3,3,3,2,3,3,3,3,3,3,3,3,3,3,3,3,3,3,3,3,3
173,0,3,3,3,3,3,3,3,3,3,3,3,3,3,3,3,3,3,3,3,3,3,3,3,3,3,3,3,3,3,3,3,3
174,0,3,3,3,3,3,3,3,3,3,3,3,3,3,3,3,3,3,3,3,3,3,3,3,3,3,3,3,3,3,3,3,3
175,0,3,3,3,3,3,3,3,3,3,3,3,3,3,3,3,3,3,3,3,3,3,3,3,3,3,3,3,3,3,3,3,3
176,0,3,3,3,3,3,3,3,3,3,3,3,3,3,3,3,3,3,3,3,3,3,3,3,3,3,3,3,3,3,3,3,3
177,0,3,3,3,3,3,2,2,3,3,3,2,2,3,3,2,2,3,2,3,3,3,3,2,3,2,3,3,3,3,3,3,3
178,0,3,2,3,2,3,3,3,3,3,3,3,2,3,3,3,3,3,3,3,3,3,3,3,3,2,3,3,3,3,3,3,3
179,0,3,3,3,3,3,2,3,3,2,3,3,2,3,3,3,3,2,3,3,3,3,3,3,3,3,3,2,3,3,3,3,2
180,0,2,2,2,2,2,2,2,2,2,2,2,2,2,2,3,2,2,2,2,2,2,3,2,2,2,2,2,2,2,2,2,2
181,0,3,3,3,2,2,3,2,3,3,3,3,3,3,3,3,2,3,3,2,3,3,2,3,2,2,3,3,3,3,3,3,3
182,0,3,3,3,3,3,3,3,3,3,3,3,3,3,3,3,3,3,2,3,3,3,3,3,3,3,3,3,3,3,3,3,3
183,0,3,3,3,3,3,3,3,3,3,3,3,3,3,3,3,3,3,3,3,3,3,3,3,3,3,3,3,3,3,3,2,3
184,0,2,3,3,3,3,2,2,3,3,3,2,3,3,3,3,3,2,2,3,3,3,2,2,3,3,2,3,3,3,3,3,3
185,0,2,3,3,3,3,2,3,3,3,3,3,3,3,3,3,3,3,2,2,3,2,3,3,3,3,3,3,3,3,3,3,3
186,0,2,3,3,2,2,3,3,3,3,2,2,2,2,2,2,2,2,2,2,3,3,3,2,3,3,3,2,2,3,3,3,3
0,1,2,2,2,2,2,2,2,2,2,3,2,2,3,2,2,2,2,2,2,2,2,2,2,2,2,2,2,2,2,2,2,2
1,1,2,3,3,2,3,2,3,2,2,3,2,2,3,3,3,3,3,2,2,3,3,3,3,2,3,3,2,2,2,2,3,2
2,1,2,3,2,3,2,2,3,2,2,2,3,3,3,2,3,2,2,2,3,2,2,2,2,2,2,2,3,3,2,2,2,3
3,1,2,3,2,2,2,3,3,2,2,3,3,2,2,2,2,2,2,2,2,2,2,2,2,3,2,2,3,2,3,3,2,2
4,1,2,2,2,3,2,2,3,2,2,3,2,2,2,2,2,2,2,2,2,2,2,3,2,2,2,2,2,2,2,2,2,2
5,1,2,2,2,2,2,3,2,3,2,2,2,2,2,2,2,2,2,2,2,2,2,2,2,2,2,2,2,2,2,2,3,2
6,1,2,2,2,3,2,2,2,2,2,3,2,2,2,2,2,2,2,2,2,2,2,2,2,2,2,2,2,2,2,2,2,2
7,1,2,2,2,2,2,2,2,2,2,2,2,2,2,2,2,2,2,3,3,2,2,2,2,2,2,2,2,2,2,2,3,2
8,1,2,2,2,2,2,2,2,2,2,2,2,3,2,2,2,2,2,2,2,2,2,2,3,2,2,2,2,2,2,2,2,3
9,1,2,2,2,2,2,3,3,2,2,3,3,2,3,3,2,3,2,3,2,3,2,2,3,2,3,2,3,3,2,2,2,2
10,1,2,2,2,2,2,2,2,2,2,2,2,2,2,2,2,2,2,2,2,2,2,2,2,2,2,2,2,2,3,3,2,2
11,1,2,3,2,2,2,2,2,2,2,3,2,3,2,3,2,2,2,2,2,2,2,2,2,2,3,2,2,2,3,2,2,2
12,1,2,2,2,2,2,2,2,2,2,2,2,2,2,2,2,2,2,2,2,2,2,2,2,2,2,2,2,2,2,2,2,2
13,1,2,2,2,2,2,2,2,2,2,2,2,3,2,2,3,2,2,2,2,2,2,2,2,2,2,2,2,2,2,2,2,2
14,1,2,2,2,2,2,2,2,2,2,3,2,2,3,3,2,3,2,2,2,3,2,2,3,2,2,2,2,2,2,2,2,2
15,1,2,3,3,2,2,2,2,2,2,2,3,3,2,2,2,2,2,2,2,2,2,3,2,2,3,3,2,3,2,2,2,2
16,1,2,2,3,3,3,2,3,3,3,2,3,3,2,2,2,2,2,2,2,2,3,3,2,2,2,2,3,2,2,2,2,2
17,1,2,3,2,3,3,3,3,3,2,3,3,2,2,2,2,2,3,3,3,2,2,2,2,2,3,2,3,3,2,3,3,2
18,1,2,2,2,3,3,2,3,3,2,2,2,3,3,3,2,3,2,2,3,2,3,3,3,3,3,3,3,2,3,3,2,3
19,1,3,3,3,3,2,3,3,3,3,3,3,3,3,3,3,3,3,3,3,2,3,3,3,3,3,3,3,3,3,3,3,3
20,1,3,3,3,3,3,3,3,3,3,3,3,3,3,2,3,3,3,3,3,3,3,3,3,3,3,3,3,3,3,3,3,2
21,1,2,3,3,3,3,2,2,2,2,3,2,3,2,2,2,2,3,2,3,2,2,3,2,2,3,3,2,2,2,3,3,3
22,1,2,3,3,3,2,3,3,2,3,3,3,2,3,3,2,2,3,3,3,3,3,3,3,2,3,3,3,3,3,3,3,3
23,1,2,3,3,3,3,3,2,3,3,3,3,3,3,3,3,3,3,3,2,3,3,3,3,3,2,2,2,3,3,3,3,3
24,1,2,3,3,2,2,2,2,2,3,3,2,3,2,3,2,2,3,3,2,3,2,3,3,2,3,2,3,2,2,2,3,2
25,1,2,3,3,3,3,2,2,3,2,2,3,3,3,2,2,2,2,3,2,2,2,3,3,2,2,2,2,2,3,2,3,2
26,1,2,2,3,2,3,3,3,3,2,3,2,3,2,2,3,2,2,2,3,2,2,2,3,3,3,2,3,3,3,3,2,3
27,1,3,2,3,3,3,3,3,2,3,3,3,2,3,3,3,3,3,2,2,3,3,3,3,3,2,3,3,3,3,2,3,3
28,1,2,2,2,2,3,2,2,2,2,2,3,2,2,3,2,2,2,2,2,2,2,2,2,2,2,2,2,2,2,3,2,3
29,1,2,2,3,3,3,3,2,2,2,2,2,3,3,2,3,2,3,2,3,2,3,2,3,3,2,3,3,2,2,3,3,3
30,1,2,2,2,3,3,2,2,2,3,2,2,3,2,3,2,2,2,2,2,2,2,3,2,2,2,2,2,3,3,2,2,3
31,1,2,2,2,2,2,3,2,2,2,2,2,3,3,2,2,3,2,2,2,2,2,2,3,2,3,2,2,2,2,2,2,2
32,1,2,2,2,2,3,2,3,3,2,2,2,2,3,2,2,2,2,2,3,2,2,2,2,2,2,2,2,3,2,2,3,2
33,1,2,3,2,2,2,2,2,3,2,2,3,3,2,3,2,2,2,3,2,3,2,3,3,2,2,3,2,3,2,3,3,2
34,1,2,3,3,2,2,2,2,2,3,2,2,2,2,2,2,2,2,2,2,2,3,2,2,3,2,2,3,2,3,2,3,2
35,1,2,2,2,2,2,2,2,2,3,2,3,2,2,3,2,2,2,2,3,3,3,3,2,2,2,2,2,3,2,2,2,2
36,1,2,2,3,2,2,3,2,2,2,2,2,2,2,2,2,2,3,2,3,3,2,2,3,2,2,2,3,3,2,2,2,3
37,1,2,2,2,2,3,2,2,2,3,2,2,2,2,2,2,2,2,3,2,2,3,2,2,3,3,2,2,3,3,2,2,2
38,1,2,2,2,2,2,2,2,2,2,3,2,2,2,2,2,2,3,2,2,2,3,2,2,7,2,2,2,3,2,2,2,3
39,1,2,2,3,2,2,2,2,2,3,2,2,2,2,2,3,2,2,2,2,2,2,2,2,3,3,3,2,3,2,2,2,2
40,1,2,2,3,2,2,2,2,2,2,2,3,2,2,2,3,2,2,2,2,2,2,3,2,2,2,2,3,2,3,3,2,2
41,1,2,3,3,2,3,2,2,3,2,2,2,3,3,2,2,2,2,2,2,3,2,2,2,2,2,2,2,2,3,3,3,2
42,1,2,2,2,2,2,2,2,3,2,2,2,2,2,2,2,2,3,2,2,2,2,3,2,2,2,2,2,3,2,3,2,2
43,1,2,2,2,3,2,3,2,2,2,2,3,2,3,2,2,2,2,2,3,3,2,2,3,2,2,3,2,3,2,2,2,2
44,1,2,2,2,2,2,2,2,2,2,2,2,2,2,2,2,2,2,2,2,3,2,2,2,2,2,2,2,2,2,2,2,2
45,1,2,3,2,3,3,3,3,3,3,2,3,2,2,2,3,2,3,3,3,3,2,2,2,2,2,3,2,2,3,2,3,2
46,1,2,2,3,2,3,2,3,2,2,5,2,2,2,2,3,2,2,2,3,3,2,3,2,2,2,2,2,2,2,2,3,2
47,1,2,2,3,2,3,2,2,2,3,2,2,3,3,2,2,2,2,2,2,2,2,3,2,3,2,3,2,2,2,2,3,2
48,1,2,2,3,2,2,2,2,2,2,2,3,3,2,3,2,2,2,2,2,2,2,2,2,2,3,2,2,3,2,2,3,2
49,1,3,3,3,2,3,3,2,3,3,3,2,3,3,3,3,3,2,2,3,3,3,2,3,3,3,3,3,2,3,3,3,3
50,1,3,3,3,3,3,3,3,3,3,3,3,3,3,3,3,2,3,3,3,3,3,3,3,3,3,3,3,3,3,3,3,3
51,1,3,3,3,3,3,3,3,3,3,3,3,3,3,3,3,3,3,2,3,3,3,3,3,3,3,3,3,3,3,2,3,3
52,1,3,3,3,2,2,3,2,3,3,2,3,3,2,3,3,3,3,3,3,2,3,3,3,3,2,2,3,3,3,3,3,3
53,1,3,2,3,3,3,3,2,2,3,3,3,3,3,3,3,3,3,3,2,3,2,3,2,3,3,3,3,2,3,2,3,3
54,1,3,3,2,3,3,2,3,3,2,2,3,3,3,3,3,3,3,3,3,2,3,3,2,3,3,3,3,3,3,3,2,3
55,1,3,2,3,3,2,3,2,3,2,2,3,3,3,3,3,3,3,3,2,3,2,2,2,3,2,2,2,3,3,2,2,2
56,1,3,3,3,2,3,3,2,2,3,3,3,2,3,3,3,2,3,2,3,3,2,2,3,2,2,3,2,3,2,2,3,3
57,1,3,3,3,3,3,3,3,3,3,3,3,3,3,3,2,3,3,3,3,3,3,3,3,3,3,3,3,2,3,2,3,3
58,1,3,2,3,3,3,3,2,3,3,3,3,3,3,3,3,3,3,3,3,3,3,2,3,3,3,3,3,3,3,2,3,2
59,1,3,3,3,3,2,3,3,3,3,3,3,3,3,3,3,3,3,3,3,3,3,3,3,2,3,3,3,2,3,3,3,3
60,1,3,3,3,3,3,3,3,3,3,3,3,3,3,3,3,3,3,3,3,3,3,3,3,3,3,3,3,3,3,3,3,3
61,1,3,3,3,3,3,3,3,3,3,3,3,3,3,3,3,3,3,3,3,3,3,3,3,3,3,3,3,3,3,3,3,3
62,1,3,3,3,3,3,3,3,3,3,3,3,3,3,3,3,3,3,3,3,3,3,3,3,3,3,3,3,3,3,3,3,3
63,1,3,3,3,3,3,3,3,2,3,3,3,3,3,3,3,3,3,3,3,3,3,3,3,3,3,3,3,3,3,3,3,3
64,1,3,3,3,3,3,3,3,3,3,3,3,3,3,3,3,3,3,3,3,3,3,3,3,3,3,3,3,3,3,3,3,3
65,1,3,3,3,3,3,3,3,3,3,3,3,3,3,3,3,3,3,3,3,3,3,3,3,3,3,3,3,3,3,3,3,3
66,1,3,3,3,3,3,3,3,3,3,3,3,3,3,3,3,3,3,3,3,3,3,3,3,3,3,3,3,3,3,3,3,3
67,1,3,3,3,3,3,3,3,3,3,3,3,3,3,3,3,3,3,3,3,3,3,3,3,3,3,3,3,3,3,3,3,3
68,1,3,3,3,3,3,3,3,3,3,3,3,3,3,3,3,3,3,3,3,3,3,3,3,3,3,3,3,3,3,3,3,3
69,1,3,3,3,3,3,3,3,3,3,3,3,3,3,3,3,3,3,3,3,3,3,3,3,3,3,3,3,3,3,3,3,3
70,1,3,3,3,3,3,3,3,3,3,3,3,3,3,3,3,3,3,3,3,3,3,3,3,3,3,3,3,3,3,3,3,3
71,1,3,3,3,3,3,3,3,3,3,3,3,3,3,3,3,3,3,3,3,3,3,3,3,3,3,3,3,3,3,3,3,3
72,1,3,3,3,3,3,3,3,3,3,3,3,3,3,3,3,3,3,3,3,3,3,3,3,3,3,3,3,3,3,3,3,3
73,1,3,3,3,3,3,3,3,3,3,3,3,3,3,3,3,3,3,3,3,3,3,3,3,3,3,3,3,3,3,3,3,3
74,1,3,3,3,3,3,3,3,3,3,3,3,3,3,3,3,3,3,3,3,3,3,3,3,3,3,3,3,3,3,3,3,5
75,1,3,3,3,3,3,3,3,3,3,3,3,3,3,3,3,3,3,3,3,3,3,3,3,3,3,3,3,3,3,3,3,3
76,1,3,3,3,3,3,3,3,3,3,3,3,3,3,3,3,3,3,3,3,3,3,3,3,3,3,3,3,3,3,3,3,3
77,1,3,3,3,3,3,3,3,3,3,3,3,3,3,3,3,3,3,3,3,3,3,3,3,3,3,3,3,3,3,3,3,3
78,1,3,3,3,3,3,3,3,3,3,3,3,3,3,3,3,3,3,3,3,3,3,3,3,3,3,3,3,3,3,3,3,3
79,1,3,3,3,3,3,3,3,3,3,3,3,3,3,3,3,3,3,3,3,3,3,3,3,3,3,3,3,3,3,3,3,3
80,1,2,2,3,2,2,2,2,3,3,3,2,2,2,2,3,2,2,2,2,2,2,2,2,2,2,3,2,2,2,3,2,2
81,1,2,2,2,2,2,2,2,2,2,3,2,2,2,2,2,2,2,2,2,2,2,2,2,2,2,2,2,2,2,2,2,2
82,1,3,2,2,2,2,2,3,2,2,3,2,2,2,3,2,2,5,3,3,2,3,2,3,2,2,3,3,3,2,2,2,2
83,1,3,3,3,3,3,2,3,2,2,2,3,3,2,2,2,2,2,3,3,3,2,3,2,2,2,3,2,2,3,3,2,3
84,1,3,2,2,2,3,3,2,2,3,2,2,3,3,3,3,3,2,2,3,3,3,3,2,3,3,3,3,3,2,3,3,3
85,1,3,3,3,2,3,3,3,3,2,3,2,2,2,2,3,3,3,2,3,3,2,3,3,2,3,3,3,3,2,3,3,3
86,1,3,3,3,2,2,3,3,3,2,3,3,2,2,3,2,3,2,2,3,2,3,2,3,3,2,2,3,3,2,2,3,2
87,1,3,2,3,2,2,3,3,3,3,3,2,2,3,3,2,3,2,3,2,2,2,3,3,3,2,3,3,3,3,2,2,3
88,1,3,2,3,2,2,3,3,3,2,3,2,3,3,3,2,3,2,3,5,2,2,2,3,3,2,3,2,3,3,3,3,2
89,1,2,2,2,2,2,2,2,2,2,2,2,2,2,2,2,2,2,2,2,2,2,3,2,2,2,3,2,2,3,2,2,2
90,1,2,2,3,2,2,2,2,2,2,2,2,2,2,3,2,2,2,2,2,2,2,2,2,2,3,2,3,2,2,2,2,2
91,1,2,2,2,2,2,3,2,2,2,2,2,2,2,2,3,3,2,2,2,2,2,2,2,2,2,2,2,2,2,2,2,3
92,1,2,2,2,2,2,2,2,2,2,2,3,2,2,8,2,2,2,2,2,2,2,2,2,2,2,2,3,2,2,2,2,2
93,1,2,2,2,2,2,2,2,2,2,2,2,2,2,2,3,3,2,3,2,2,3,2,2,2,3,2,2,2,2,2,2,3
94,1,2,2,2,2,3,2,2,2,2,2,2,2,2,2,2,2,2,2,2,3,2,2,2,2,2,2,2,2,2,2,2,2
95,1,2,2,3,2,2,2,2,2,2,2,2,2,2,2,2,2,2,2,2,3,2,2,2,2,2,2,2,2,2,2,2,2
96,1,2,3,2,2,2,2,3,2,2,2,2,2,2,2,2,2,2,2,2,2,3,2,3,2,2,2,2,2,2,2,2,2
97,1,2,2,2,2,2,2,2,3,2,2,2,2,2,2,2,2,2,2,2,2,2,2,2,2,2,2,2,2,2,2,2,2
98,1,2,2,2,2,2,2,2,2,2,3,2,2,2,2,2,2,2,2,2,2,2,2,2,2,2,2,2,2,7,2,2,2
99,1,2,2,3,2,2,2,2,2,2,2,2,2,2,2,2,2,2,2,3,2,2,2,2,2,2,2,2,2,3,2,2,2
100,1,2,2,2,2,3,2,3,3,2,2,2,2,2,2,2,2,2,2,2,2,2,2,2,2,2,2,2,3,2,2,2,2
101,1,2,2,2,2,2,2,2,2,2,2,2,2,2,2,2,2,2,2,2,2,2,2,2,2,2,2,2,2,2,2,3,2
102,1,2,2,2,2,3,2,3,2,3,2,2,2,2,2,3,2,2,2,2,2,3,2,3,2,2,2,2,2,2,2,2,2
103,1,2,2,2,2,2,3,2,2,2,2,2,2,2,3,2,2,2,3,2,2,2,2,3,2,2,2,2,2,2,2,2,2
104,1,2,2,2,2,2,2,2,2,2,2,2,2,2,2,2,2,2,7,2,2,2,2,2,2,2,3,2,2,3,2,2,3
105,1,2,2,2,2,2,2,2,2,2,2,2,2,2,2,2,2,2,3,2,2,2,2,2,2,2,2,2,2,2,2,2,2
106,1,2,2,2,2,2,2,2,2,2,2,2,2,2,2,2,2,3,2,2,2,2,2,2,2,2,3,2,2,2,2,2,2
107,1,2,2,2,2,2,3,2,2,2,2,2,2,2,2,2,2,2,2,2,2,3,2,2,2,2,2,2,2,2,2,2,2
108,1,2,3,2,3,3,2,2,2,2,2,2,2,2,2,3,2,2,2,2,2,2,2,3,2,2,2,3,2,2,2,2,3
109,1,2,2,2,2,2,2,3,2,3,3,3,2,2,2,2,3,3,2,2,2,2,3,3,2,2,2,2,3,2,2,2,2
110,1,2,3,3,3,2,3,3,2,2,3,2,2,2,3,3,2,3,2,3,3,3,3,3,2,2,3,3,2,3,3,2,2
111,1,3,2,3,2,3,2,3,2,2,2,2,3,2,3,2,3,2,3,2,2,2,2,2,2,2,3,2,2,2,2,7,2
112,1,2,2,2,3,2,2,2,2,2,2,2,2,2,2,2,2,2,3,2,3,2,2,2,2,2,2,2,2,2,3,2,2
113,1,2,2,3,2,3,2,2,2,2,2,2,3,2,2,2,2,3,2,2,2,2,2,3,3,2,2,2,2,2,2,2,2
114,1,2,2,2,2,2,2,2,2,2,2,3,2,2,2,2,2,2,2,2,2,2,2,2,2,2,2,2,3,2,2,2,3
115,1,3,3,3,3,3,3,3,3,3,3,3,3,3,3,3,3,3,3,3,3,3,3,3,2,3,2,2,3,3,3,3,3
116,1,3,3,3,3,3,3,3,3,3,3,2,2,3,2,2,3,3,3,3,3,3,3,3,2,3,2,2,3,3,3,3,3
117,1,3,3,3,3,3,3,3,3,3,3,3,3,3,3,3,3,3,3,3,3,3,3,3,3,3,3,3,3,3,3,3,3
118,1,3,3,3,3,3,3,3,3,3,3,3,3,3,3,3,3,3,3,3,3,3,3,3,3,3,3,3,3,3,3,3,3
119,1,3,3,3,3,3,3,3,3,3,3,3,3,3,3,3,3,3,3,3,3,3,3,3,3,3,3,3,3,3,3,3,3
120,1,3,3,3,3,3,3,3,3,3,3,3,3,3,3,3,5,3,3,3,3,3,3,3,3,3,3,3,3,3,3,3,3
121,1,3,3,3,3,3,3,3,3,3,3,3,3,3,3,3,3,3,3,3,3,3,3,3,3,3,3,3,3,3,3,3,3
122,1,3,3,3,3,3,3,3,3,3,3,3,3,3,3,3,3,3,3,3,3,3,3,3,3,3,3,3,3,3,3,3,3
123,1,3,3,3,3,3,3,3,3,3,3,3,3,3,3,3,3,3,3,3,3,3,3,3,3,3,3,3,3,3,3,3,3
124,1,3,3,3,3,3,3,3,3,3,3,3,3,3,3,3,3,3,3,3,3,3,3,3,3,3,3,3,3,3,3,3,3
125,1,3,3,3,3,3,3,3,3,3,3,3,3,3,3,3,3,3,3,3,3,3,3,3,3,3,3,3,3,3,3,3,3
126,1,3,3,3,3,3,3,3,3,3,3,3,3,3,3,3,3,3,3,3,3,3,3,3,3,8,3,3,3,3,3,3,3
127,1,3,3,3,3,3,3,3,3,3,3,3,3,3,3,3,3,3,3,3,3,3,3,3,3,3,3,3,3,3,3,3,3
128,1,3,3,3,3,3,3,3,3,3,3,3,3,3,3,3,3,3,3,3,3,3,3,3,3,3,3,3,3,3,3,3,3
129,1,3,3,3,3,3,3,3,3,3,3,3,3,3,3,3,3,3,3,3,3,3,3,3,3,3,3,3,3,3,3,3,3
130,1,3,3,3,3,3,3,2,3,3,3,3,3,3,3,3,3,3,3,3,3,3,3,8,3,3,3,3,3,3,3,3,3
131,1,3,3,3,3,3,3,3,3,3,3,3,3,3,3,3,3,3,3,3,3,3,3,3,3,3,3,3,3,3,3,3,3
132,1,3,3,3,3,3,3,3,3,3,3,3,3,3,3,3,3,3,3,3,3,3,3,3,3,3,3,3,3,3,3,3,3
133,1,3,3,3,3,3,3,3,3,3,3,3,3,3,3,3,3,3,3,3,3,3,3,3,3,3,3,3,3,3,3,3,3
134,1,3,3,3,3,3,3,3,3,3,3,3,3,3,3,3,3,3,3,3,3,3,3,3,3,3,3,3,3,3,3,3,3
135,1,3,3,3,3,3,3,3,3,3,3,3,3,3,3,3,3,3,3,3,3,3,3,3,3,3,3,3,3,3,3,3,3
136,1,3,3,3,3,3,3,3,3,3,3,3,3,3,3,3,3,3,3,3,3,3,3,3,3,3,3,3,3,3,3,3,3
137,1,3,3,3,3,3,3,3,3,3,3,3,3,3,3,3,3,3,3,3,3,3,3,3,3,3,3,3,3,3,3,3,3
138,1,3,3,3,3,3,3,3,3,3,3,3,3,3,3,3,3,3,3,3,3,3,3,3,3,3,3,3,3,3,3,3,3
139,1,3,3,3,3,3,3,3,3,3,3,3,3,3,3,3,3,3,3,3,3,3,3,3,3,3,3,3,3,3,3,3,3
140,1,2,2,2,2,2,3,3,3,3,3,3,2,2,2,2,3,3,2,3,2,3,2,3,2,2,2,3,2,3,3,3,2
141,1,2,2,2,2,2,2,3,2,2,2,2,2,2,2,3,2,2,2,2,2,2,2,2,2,3,2,2,2,2,2,2,2
142,1,3,2,3,3,2,2,3,2,2,3,3,2,3,2,3,3,2,3,3,2,3,3,2,3,3,2,3,2,2,2,3,3
143,1,2,2,2,2,3,3,3,2,3,2,3,2,2,3,2,2,2,3,2,2,2,2,3,3,3,3,3,2,2,3,3,3
144,1,3,3,3,3,2,3,3,3,2,3,3,3,3,3,3,3,3,3,3,3,3,3,3,3,2,3,3,3,3,3,3,3
145,1,2,2,2,2,2,2,2,2,2,3,3,3,2,2,3,2,2,3,3,2,2,3,2,2,2,3,2,2,3,3,2,2
146,1,2,2,2,2,2,3,2,2,2,2,2,2,2,2,2,2,2,2,2,2,2,2,2,2,2,2,2,2,2,2,2,2
147,1,2,2,2,2,2,2,2,2,2,2,2,2,2,2,3,2,2,2,2,2,2,2,2,2,2,5,2,2,2,2,2,2
148,1,2,2,2,2,2,3,2,2,2,2,2,2,2,2,2,2,2,2,2,3,2,2,3,2,2,2,2,2,3,2,2,2
149,1,2,2,3,2,2,3,2,2,2,2,2,3,2,2,2,2,2,2,2,3,2,2,2,2,2,2,2,2,2,2,2,2
150,1,2,3,2,2,3,2,2,2,2,2,3,2,2,3,2,2,2,2,3,2,3,2,3,2,2,2,2,2,2,3,2,2
151,1,2,2,2,2,2,2,2,3,2,3,3,2,2,2,2,3,2,2,2,2,2,2,3,2,2,2,2,2,2,3,2,2
152,1,2,2,2,2,2,2,2,3,2,2,2,2,2,2,2,2,3,2,2,2,2,3,2,3,2,2,2,3,2,3,2,2
153,1,3,3,3,3,3,3,2,3,3,3,3,3,3,3,3,3,3,3,3,3,3,3,3,3,3,3,3,3,3,3,3,3
154,1,2,3,3,3,2,3,2,2,3,3,3,2,3,3,2,3,3,3,3,2,2,2,2,3,2,2,2,2,2,3,2,3
155,1,3,3,2,2,2,3,3,3,2,2,3,3,3,2,3,2,3,3,3,3,2,2,3,2,3,2,3,2,2,2,3,3
156,1,3,3,3,2,3,3,2,3,3,2,3,2,3,3,2,3,3,3,2,3,3,3,3,3,2,3,3,3,3,2,3,3
157,1,3,3,3,3,2,3,2,3,3,3,3,3,2,3,3,3,3,2,3,3,2,3,2,2,2,3,3,3,3,3,3,3
158,1,3,3,3,3,3,5,3,3,3,3,3,3,3,3,3,3,3,3,3,3,3,3,3,3,3,3,3,3,3,3,3,3
159,1,3,3,3,3,3,3,3,3,3,3,3,3,3,3,3,3,3,3,3,3,3,3,3,3,3,3,3,3,3,3,3,2
160,1,3,3,3,2,3,3,2,3,3,3,3,2,3,3,3,3,2,3,3,3,3,3,3,3,3,3,3,3,2,3,3,3
161,1,3,3,2,5,3,3,2,3,3,3,3,3,2,2,2,2,2,3,3,3,3,3,3,2,3,2,3,2,3,3,2,3
162,1,3,3,3,3,3,3,3,3,3,2,3,3,3,3,3,3,3,3,3,3,3,3,3,3,3,3,2,3,3,3,3,3
163,1,3,3,3,3,3,3,3,3,3,3,3,3,3,3,3,3,3,3,3,3,3,3,3,3,3,3,3,3,3,3,3,3
164,1,3,3,3,3,3,3,3,3,3,3,3,3,3,3,3,3,3,3,3,3,3,3,3,3,3,3,3,3,3,3,3,3
165,1,3,3,3,3,3,3,3,3,3,3,3,3,3,3,3,3,3,3,3,3,3,3,3,3,3,3,3,3,3,3,3,3
166,1,3,3,3,3,3,3,3,3,3,3,3,3,3,3,3,3,3,3,3,3,3,3,3,3,3,3,3,3,3,3,3,3
167,1,3,3,3,3,3,3,3,3,3,3,3,3,3,3,3,3,3,3,1,3,3,3,3,3,3,3,3,3,3,3,3,3
168,1,3,3,3,3,3,3,3,3,3,3,3,3,3,3,3,3,3,3,3,3,3,3,3,3,3,3,3,3,3,3,3,3
169,1,3,3,3,3,3,3,3,3,3,3,3,3,3,3,3,3,3,3,3,3,3,3,3,3,3,3,3,3,3,3,3,3
170,1,3,3,3,3,3,3,3,3,3,3,3,3,3,3,3,3,3,3,3,3,3,3,3,3,3,3,3,3,3,3,3,3
171,1,3,3,3,3,3,3,3,3,3,3,3,3,3,3,3,3,3,3,2,3,3,3,3,3,3,3,3,3,3,3,3,3
172,1,3,3,3,3,3,2,3,3,3,3,3,3,3,3,3,3,3,3,2,3,3,3,3,3,3,3,3,3,3,3,3,3
173,1,3,3,3,3,3,3,3,3,3,3,3,3,3,3,3,3,3,3,3,3,3,3,3,3,3,3,3,3,3,3,3,3
174,1,3,3,3,3,3,3,3,3,3,3,3,3,3,3,3,3,3,3,3,3,3,3,3,3,3,3,3,3,3,3,3,3
175,1,3,3,3,3,3,3,3,3,3,3,3,3,3,3,3,3,3,3,3,3,3,3,3,3,3,3,3,3,3,3,3,3
176,1,3,3,3,3,3,3,3,3,3,3,3,3,3,3,3,3,3,3,3,3,3,3,3,3,3,3,3,3,3,3,3,3
177,1,3,3,3,3,3,3,3,3,3,3,3,3,3,3,3,3,3,3,3,3,3,3,2,3,3,3,3,3,3,3,3,3
178,1,3,3,3,3,3,3,3,3,3,3,3,3,3,3,3,3,3,3,3,3,3,3,3,3,3,3,3,3,3,3,3,3
179,1,3,3,3,3,3,3,3,3,3,3,3,3,3,3,3,3,3,3,3,3,3,3,3,3,3,3,3,3,3,3,3,3
180,1,3,3,3,3,3,3,3,3,3,3,3,3,3,3,3,3,3,3,3,3,3,3,3,3,3,3,3,3,3,3,3,3
181,1,3,3,2,3,3,3,3,3,3,3,2,3,3,3,3,3,3,3,3,3,3,3,3,3,3,3,3,3,3,3,3,3
182,1,3,3,3,3,3,3,3,3,3,3,3,3,3,3,3,3,3,2,2,3,3,3,3,3,3,3,3,3,3,3,3,3
183,1,3,3,3,3,3,3,3,3,2,3,3,3,2,3,3,3,3,2,3,3,2,3,3,3,2,3,3,3,3,3,3,3
184,1,3,3,3,3,3,3,3,3,3,3,3,3,3,2,3,3,3,3,3,2,3,2,3,2,3,3,3,3,3,3,3,3
185,1,3,3,3,3,3,3,3,3,3,3,3,3,3,3,3,3,3,3,3,3,3,3,3,2,3,3,3,3,3,3,3,3
186,1,3,2,3,3,3,3,2,2,3,3,2,3,2,3,3,2,3,3,3,3,3,3,3,2,3,3,3,3,3,3,3,2
0,2,3,3,3,3,3,3,3,2,3,3,3,3,3,3,3,3,3,3,3,3,3,3,3,3,3,3,3,3,3,3,3,3
1,2,3,3,3,3,3,3,3,3,3,3,3,3,3,3,3,3,3,3,3,3,3,3,3,2,3,3,3,3,3,3,3,5
2,2,3,3,3,3,3,2,3,3,3,3,3,3,3,3,2,3,3,3,3,3,3,3,3,8,3,3,3,3,3,3,3,3
3,2,3,3,3,3,3,3,3,3,3,3,3,3,3,3,3,3,3,3,3,3,3,3,3,3,3,3,3,3,3,3,3,3
4,2,3,3,3,3,3,3,3,3,3,3,3,2,3,3,3,3,3,3,3,3,3,3,3,3,3,3,3,3,3,3,3,3
5,2,3,2,3,3,3,3,3,3,3,2,3,3,3,3,3,3,3,3,3,3,3,3,3,3,2,3,3,3,3,3,3,2
6,2,3,3,3,3,3,3,2,3,3,3,3,3,3,3,2,3,3,3,3,3,3,3,3,3,2,2,3,3,3,2,3,3
7,2,3,3,3,3,3,3,3,3,2,3,3,2,3,3,3,3,2,3,2,3,3,3,3,3,3,3,3,3,3,2,3,3
8,2,3,3,2,3,2,3,3,3,3,3,3,3,3,3,3,3,3,3,3,3,3,3,3,3,3,3,3,3,3,3,3,3
9,2,3,3,2,3,3,3,3,3,3,3,3,3,3,3,2,3,3,3,3,3,3,2,3,3,3,3,3,3,3,3,3,3
10,2,3,3,3,3,3,3,3,2,3,3,3,2,3,3,3,3,3,3,3,3,3,3,2,3,3,3,3,2,3,3,3,2
11,2,3,3,3,3,3,3,3,3,3,3,3,2,3,3,3,2,3,3,2,3,3,3,3,3,3,3,3,3,3,3,2,3
12,2,3,3,3,3,3,3,3,3,3,3,3,3,3,3,3,3,3,3,3,3,2,3,3,3,2,3,2,3,3,3,3,3
13,2,3,3,3,3,3,3,3,3,3,3,3,3,3,3,3,3,3,3,3,3,3,3,3,3,3,3,3,3,3,3,3,3
14,2,2,2,3,3,2,3,3,3,2,2,3,3,3,2,3,2,3,3,3,3,3,3,3,2,2,3,3,2,3,2,3,3
15,2,2,3,2,2,3,3,2,3,3,3,3,2,2,3,3,3,3,3,2,2,2,3,1,3,3,2,2,3,3,7,2,2
16,2,3,3,3,3,3,2,3,3,5,3,3,2,3,3,2,3,3,3,1,3,7,2,2,3,3,2,2,3,2,2,3,3
17,2,3,3,3,3,2,3,3,3,3,3,3,3,3,7,3,3,3,3,3,3,3,3,3,3,3,3,3,2,3,3,3,3
18,2,3,3,3,3,3,3,3,3,3,3,2,3,3,3,3,3,3,3,3,3,3,3,3,3,3,3,3,3,3,3,3,3
19,2,3,2,3,3,3,3,3,3,3,3,3,3,3,3,3,3,3,2,3,3,3,3,3,3,3,3,3,2,3,3,5,3
20,2,3,3,3,3,3,3,3,3,3,3,3,3,3,3,3,3,3,3,3,3,3,3,3,3,5,3,3,3,3,3,3,3
21,2,3,3,3,3,3,3,3,3,3,3,3,3,3,3,3,3,3,3,3,3,3,3,3,3,3,3,3,3,3,3,1,3
22,2,3,3,3,3,3,3,3,3,3,3,3,3,3,3,3,3,3,3,3,3,3,3,3,3,3,3,3,3,3,3,3,3
23,2,3,3,3,3,3,3,3,3,3,3,3,3,3,3,3,3,3,3,3,3,3,3,3,3,3,3,3,3,3,3,3,5
24,2,3,3,3,3,3,3,3,3,3,3,3,3,3,3,3,3,3,3,3,3,3,3,3,3,3,3,3,3,3,3,3,3
25,2,3,3,3,3,3,3,3,3,3,3,3,3,3,3,3,3,3,3,3,3,3,3,3,3,3,3,3,3,3,3,3,3
26,2,3,3,3,3,3,3,3,3,3,3,3,3,3,3,3,3,3,3,3,3,2,3,3,3,3,3,3,3,3,3,3,3
27,2,3,3,3,3,3,3,3,3,3,3,3,3,3,3,3,3,3,3,3,3,3,3,3,3,3,3,3,3,3,3,3,3
28,2,3,3,3,3,3,3,3,3,3,3,3,3,3,3,3,3,3,3,3,3,3,2,3,3,3,3,3,3,3,3,5,3
29,2,3,3,3,3,3,3,3,3,3,3,3,3,3,3,3,3,3,3,3,3,3,3,3,3,3,3,3,3,3,3,3,3
30,2,3,3,3,3,3,1,3,3,3,3,3,3,3,3,3,3,3,3,3,3,3,3,3,3,3,3,3,3,3,3,3,3
31,2,3,3,3,3,3,3,3,3,3,3,3,3,3,3,3,3,3,3,3,3,3,3,3,3,3,3,3,3,3,3,3,7
32,2,3,3,3,3,3,3,3,3,3,3,3,3,3,3,3,3,3,3,3,3,3,3,3,3,3,3,3,3,3,3,3,3
33,2,3,3,3,3,3,3,3,3,3,3,3,3,3,3,3,3,3,3,5,3,3,3,3,3,3,3,3,3,3,3,3,3
34,2,3,3,3,3,3,3,3,3,3,3,3,3,3,3,3,3,3,3,3,3,3,3,3,3,3,3,3,3,3,3,3,3
35,2,3,3,2,3,3,3,3,3,3,3,3,3,3,3,2,3,3,3,3,3,3,3,3,2,3,3,1,3,3,3,3,3
36,2,3,3,3,3,3,3,3,3,3,3,2,3,3,3,3,3,3,3,3,3,3,3,3,3,3,3,3,3,3,3,3,3
37,2,3,3,3,3,3,3,2,3,3,2,8,3,3,3,3,3,8,3,5,3,3,3,3,3,3,3,3,3,3,3,3,3
38,2,2,3,3,2,3,3,2,7,2,2,2,3,3,3,2,2,2,2,2,2,2,2,2,3,3,2,3,2,2,3,3,2
39,2,2,2,3,2,2,2,2,3,3,5,3,3,2,2,3,2,3,2,2,2,3,3,2,2,2,2,2,2,3,3,3,3
40,2,2,2,2,2,3,2,2,2,3,2,2,2,2,2,2,2,2,2,2,3,2,2,3,2,2,2,3,2,2,2,2,2
41,2,2,2,2,3,2,2,2,3,2,2,2,2,2,3,2,2,2,3,2,2,2,2,2,2,2,3,3,3,3,2,2,2
42,2,2,3,2,3,2,2,3,3,3,2,2,2,2,3,2,2,3,2,2,2,3,2,3,2,2,3,3,2,3,2,2,2
43,2,2,3,2,2,2,3,2,3,2,3,3,2,2,2,2,2,2,2,2,5,2,2,2,2,2,2,2,2,3,2,2,2
44,2,2,2,2,3,3,2,2,2,2,2,3,2,2,2,2,3,2,2,3,2,2,3,2,3,2,2,2,2,2,3,2,2
45,2,2,2,2,2,3,2,3,2,2,3,3,2,2,2,2,2,2,2,2,2,2,3,3,3,2,2,2,2,3,2,2,2
46,2,2,2,3,2,2,2,2,2,2,3,2,2,3,2,2,2,2,2,2,3,2,2,2,2,2,3,2,2,2,2,2,3
47,2,3,3,3,3,3,3,3,3,3,3,3,3,3,3,3,3,3,3,3,3,3,3,3,3,3,3,3,3,3,3,3,2
48,2,3,3,3,3,3,3,3,3,3,3,3,3,3,3,3,3,3,3,3,3,3,3,3,3,3,3,2,3,3,3,3,3
49,2,3,3,3,3,3,3,3,3,3,3,3,3,3,3,3,3,3,3,3,3,3,3,3,3,3,3,3,3,3,3,3,3
50,2,2,2,2,2,3,2,3,2,3,2,3,3,3,2,2,2,2,3,3,3,3,3,2,2,2,2,3,3,2,2,2,3
51,2,2,2,2,2,2,2,3,2,2,2,3,2,2,3,2,2,2,2,2,2,2,2,2,2,2,2,2,2,2,2,2,2
52,2,2,2,2,2,2,2,2,2,2,2,2,2,2,2,2,2,2,2,2,2,3,2,2,2,2,2,2,2,3,2,2,2
53,2,2,2,2,2,2,2,2,2,2,2,2,2,2,2,2,2,2,2,2,2,2,2,2,2,2,3,2,2,2,2,2,2
54,2,2,2,2,2,2,2,2,2,5,2,2,2,2,2,2,2,2,2,2,2,2,2,2,2,2,2,2,2,2,2,2,2
55,2,2,2,3,2,2,2,2,2,2,2,2,2,2,2,2,2,2,2,2,2,2,2,2,2,2,2,2,2,2,2,2,2
56,2,2,2,2,2,2,2,2,2,2,2,2,2,2,2,2,2,2,2,2,2,2,2,2,2,2,2,2,2,2,2,2,2
57,2,2,2,2,2,2,2,2,2,2,2,2,2,2,2,2,2,2,2,2,2,2,2,2,2,2,2,2,2,2,2,2,2
58,2,2,2,2,2,2,2,2,2,2,2,2,2,2,3,2,2,2,2,2,2,2,2,2,5,2,2,2,2,2,2,3,2
59,2,2,2,2,2,2,2,2,2,2,2,2,2,2,2,2,2,2,7,3,2,2,3,2,2,2,2,2,2,2,2,2,2
60,2,2,2,2,2,2,2,2,2,2,2,3,2,2,2,2,2,2,2,2,2,3,2,2,2,2,2,2,2,2,3,2,2
61,2,2,2,2,2,2,2,2,2,5,2,2,2,2,2,2,2,2,2,2,2,2,2,2,2,2,2,2,2,2,2,2,2
62,2,2,2,2,3,2,2,2,2,2,2,2,2,2,2,2,2,2,2,2,2,2,2,2,2,2,2,2,2,2,5,2,2
63,2,2,2,2,2,2,3,2,3,2,3,2,2,2,2,2,2,2,2,2,2,2,2,2,2,2,2,2,2,2,2,2,2
64,2,2,2,2,2,2,2,2,3,5,2,3,2,2,2,2,3,2,2,2,2,2,2,3,3,2,3,3,2,2,5,2,2
65,2,2,2,2,2,2,2,2,2,2,2,3,2,2,3,2,3,2,2,2,2,2,2,2,2,2,3,2,3,2,3,2,3
66,2,2,2,2,2,2,3,2,2,2,2,3,2,2,2,2,2,2,3,3,2,2,3,5,2,2,2,2,2,2,2,2,2
67,2,3,3,3,3,3,3,3,3,3,3,3,3,3,3,3,3,5,3,3,3,5,3,3,3,3,3,5,3,3,3,3,3
68,2,3,3,3,3,3,3,3,3,3,3,3,3,3,3,3,3,3,3,3,3,3,3,3,3,3,3,3,3,3,3,3,3
69,2,3,3,3,3,3,3,3,3,3,3,3,3,3,3,3,3,3,3,3,3,3,3,3,3,3,3,3,3,3,3,4,3
70,2,3,8,3,3,3,3,3,3,3,3,3,3,3,3,3,3,3,3,3,3,3,3,3,3,3,3,3,3,3,3,3,3
71,2,3,3,3,3,3,3,3,3,3,3,3,3,3,3,3,3,3,3,3,3,3,3,3,3,3,3,3,3,3,3,5,3
72,2,3,3,5,3,3,3,3,3,3,3,3,3,7,3,3,3,3,3,3,3,3,3,3,3,3,3,3,3,3,3,3,3
73,2,3,3,3,3,3,3,3,3,3,3,3,3,3,3,3,3,3,3,3,3,3,3,3,3,3,2,3,2,3,3,3,3
74,2,3,3,3,3,3,3,3,3,2,3,3,3,3,3,3,3,3,3,3,3,3,3,3,3,3,3,3,3,3,3,3,3
75,2,3,3,3,3,3,3,3,3,3,3,3,3,3,3,2,3,8,2,5,3,3,3,3,3,3,3,3,3,3,3,2,3
76,2,3,3,2,3,3,3,3,3,3,3,3,3,3,3,3,3,3,3,3,3,3,3,3,3,3,3,3,2,3,3,3,3
77,2,3,3,3,3,3,3,3,3,3,3,3,3,3,5,3,3,3,3,3,3,3,3,3,3,3,3,5,3,3,5,3,3
78,2,3,3,2,3,3,3,3,3,3,3,3,2,3,3,3,3,3,3,3,3,3,3,3,3,3,3,3,3,3,3,3,3
79,2,3,3,3,3,5,3,3,3,2,2,2,2,2,3,3,3,3,3,3,3,3,3,3,2,3,3,3,3,3,3,2,3
80,2,3,3,3,3,3,3,3,3,3,3,3,2,3,3,3,3,3,3,3,3,3,3,3,3,3,3,3,3,3,3,3,3
81,2,3,2,3,3,3,3,3,3,3,3,3,3,3,2,3,2,3,3,3,2,3,3,3,3,3,3,2,3,3,3,3,3
82,2,2,2,2,2,2,2,2,2,2,2,2,2,2,2,2,2,2,2,2,3,2,3,2,2,2,2,2,2,2,2,2,2
83,2,3,3,2,3,3,2,3,3,3,3,3,3,3,3,3,2,2,3,3,3,3,3,3,2,3,3,3,3,2,3,3,2
84,2,3,2,2,3,3,3,3,3,3,3,2,3,3,3,3,2,3,3,3,3,3,3,3,3,3,3,3,3,3,3,3,3
85,2,3,2,3,3,3,3,3,3,2,3,3,3,3,3,3,3,3,3,3,3,3,3,2,2,3,3,3,3,2,3,3,3
86,2,3,2,2,3,3,2,3,3,3,2,3,3,2,2,2,3,3,3,3,3,2,2,3,3,3,3,3,3,3,2,3,3
87,2,3,3,3,3,3,3,3,3,3,3,3,3,3,3,3,2,3,2,3,3,3,2,3,3,2,7,2,3,3,3,3,3
88,2,2,2,2,3,3,2,5,2,2,3,2,3,3,2,3,3,2,2,2,2,5,2,3,2,3,2,2,2,2,2,3,2
89,2,2,2,2,3,2,2,2,2,2,3,3,2,2,2,2,2,2,2,2,2,3,3,3,2,2,2,3,2,3,2,2,2
90,2,2,2,2,2,2,3,2,3,2,2,2,2,2,2,2,2,2,3,3,2,3,2,2,2,2,2,2,3,2,3,2,2
91,2,2,7,3,2,2,2,3,2,2,2,2,2,2,2,2,2,3,2,2,2,2,3,3,2,2,3,2,3,3,3,2,3
92,2,3,3,3,2,3,2,3,3,3,2,2,3,3,3,3,3,2,3,2,2,2,2,2,3,3,2,2,3,3,3,2,2
93,2,3,2,2,3,2,3,3,3,2,2,3,3,2,2,3,3,3,2,2,3,3,3,2,5,3,2,2,2,2,3,3,2
94,2,2,3,2,2,3,2,3,3,2,2,2,2,3,3,2,3,3,3,2,3,3,2,3,2,2,3,2,2,2,2,3,3
95,2,2,3,2,3,3,3,2,2,2,3,3,2,2,2,2,2,2,3,2,3,3,2,3,2,3,2,3,3,2,3,2,2
96,2,2,2,2,2,3,3,2,2,3,2,3,2,3,2,3,3,3,2,2,3,2,3,2,2,3,2,2,2,3,3,2,3
97,2,2,2,3,3,2,3,3,2,2,3,3,3,3,2,2,2,2,2,2,3,2,3,2,2,3,2,3,2,2,2,3,2
98,2,2,2,2,2,2,2,2,2,2,2,2,2,2,2,2,3,3,2,2,2,3,3,3,2,3,2,3,2,2,2,2,2
99,2,2,2,3,2,2,2,2,2,3,2,2,2,3,2,2,3,2,2,2,2,2,2,2,2,2,2,2,2,2,2,2,2
100,2,2,2,2,2,2,2,2,2,2,3,2,2,2,3,2,2,2,2,2,2,2,2,2,2,2,2,2,2,2,2,2,2
101,2,2,2,2,2,2,2,2,2,2,2,2,2,2,2,2,2,2,2,2,2,2,2,2,2,2,3,2,3,2,2,3,2
102,2,2,2,2,2,3,2,2,2,2,2,2,3,2,2,3,2,2,2,2,2,2,2,2,3,2,2,2,2,3,2,2,2
103,2,2,2,2,2,3,2,2,2,3,2,2,2,2,2,2,3,2,2,2,2,3,2,2,3,2,3,2,2,2,2,2,2
104,2,2,2,3,2,2,2,3,2,2,2,2,2,2,2,3,2,2,2,3,2,2,2,2,2,2,2,2,2,2,2,2,3
105,2,2,2,2,2,2,2,2,3,2,2,5,2,2,2,2,3,2,2,2,3,2,2,2,2,2,2,2,2,2,2,2,2
106,2,2,2,2,3,2,2,2,3,2,3,3,3,2,2,3,2,3,3,3,2,3,2,2,2,2,3,3,2,2,3,2,3
107,2,2,2,2,2,2,2,2,2,2,2,2,2,2,3,2,2,2,2,2,3,2,2,2,2,2,2,2,2,2,2,2,2
108,2,2,2,2,2,2,2,2,2,2,2,2,2,2,2,2,2,2,2,2,2,2,2,2,2,2,3,2,5,2,2,2,2
109,2,2,2,2,2,2,2,2,2,2,2,2,2,3,2,2,2,2,2,2,2,2,2,2,2,2,2,2,2,2,2,2,2
110,2,2,2,2,2,2,2,2,2,2,2,2,2,2,2,2,2,2,2,2,2,2,2,2,2,2,2,2,2,2,2,2,2
111,2,2,2,2,2,2,2,2,2,2,2,2,2,2,2,2,2,2,2,2,2,2,2,2,2,2,2,2,2,2,2,2,2
112,2,2,2,2,2,2,2,3,2,2,2,2,2,2,2,2,2,2,2,2,2,2,2,2,2,2,2,2,2,2,2,2,2
113,2,2,2,2,2,2,2,2,2,2,2,2,2,2,2,2,2,2,2,2,2,2,2,2,2,2,2,2,2,2,2,2,2
114,2,2,2,2,2,2,2,2,2,2,2,3,2,2,2,2,2,2,3,2,2,2,2,2,2,2,2,2,2,2,2,2,2
115,2,2,2,3,2,2,2,2,2,2,2,2,2,2,2,2,2,2,3,2,2,2,2,2,2,2,2,2,2,2,2,2,2
116,2,2,2,2,2,2,3,2,2,2,2,2,3,2,2,2,2,2,2,2,2,2,2,2,2,2,2,2,2,2,2,2,2
117,2,2,2,2,2,2,2,2,2,2,2,2,2,2,2,3,2,3,3,3,2,2,2,3,2,2,2,2,2,2,2,2,2
118,2,2,2,2,2,2,2,2,2,3,2,3,2,2,2,2,3,2,2,3,2,2,2,2,3,2,2,2,2,2,3,2,3
119,2,2,2,3,3,2,2,2,2,3,5,2,5,2,3,3,2,3,2,2,3,2,5,3,5,3,2,5,2,5,3,5,2
120,2,2,2,2,2,2,2,2,2,2,3,3,2,2,2,2,2,2,2,2,3,2,2,5,2,2,2,2,2,2,2,2,5
121,2,3,3,3,3,3,2,3,3,2,3,2,7,3,3,3,2,3,3,2,3,3,3,2,3,3,2,3,3,3,2,3,3
122,2,3,2,3,3,2,2,2,3,3,2,3,3,3,3,2,2,3,3,2,3,2,3,2,3,2,3,3,3,2,3,3,3
123,2,2,2,2,2,2,2,2,3,2,2,2,2,2,3,2,3,3,2,2,2,3,3,2,2,2,2,3,2,2,2,3,3
124,2,3,2,2,2,3,2,2,3,3,2,2,2,2,3,2,2,3,3,2,3,3,2,3,2,3,2,2,2,2,2,2,3
125,2,2,2,2,2,2,2,2,2,2,2,7,2,2,2,2,2,2,2,2,2,3,2,3,2,2,2,2,2,2,2,2,2
126,2,2,2,2,2,2,2,2,2,2,2,2,2,2,2,2,2,2,2,2,2,3,2,2,2,2,2,2,2,2,2,2,2
127,2,2,2,3,2,2,2,2,2,2,2,2,2,2,2,2,2,2,2,2,2,2,2,2,2,2,2,2,2,2,2,2,2
128,2,2,2,2,2,2,3,3,2,2,2,2,2,2,2,2,2,2,2,2,2,2,2,2,2,2,2,2,3,2,2,3,2
129,2,2,2,2,2,2,3,2,2,2,2,2,2,2,3,2,2,2,2,2,3,2,2,2,2,3,3,2,2,2,2,2,3
130,2,2,2,3,2,2,2,2,2,2,2,3,2,2,2,2,2,2,2,2,2,2,2,2,2,2,2,3,2,2,2,2,2
131,2,2,2,2,2,3,2,2,2,2,2,2,2,2,2,2,2,3,2,2,2,3,2,3,2,2,2,3,2,2,2,2,2
132,2,2,2,2,2,2,3,2,2,2,3,2,2,2,2,2,2,2,2,2,2,2,2,2,2,2,3,2,2,2,3,2,2
133,2,2,2,2,2,2,2,3,2,2,2,2,2,2,2,3,2,2,2,3,2,2,2,2,2,3,2,3,2,2,2,2,3
134,2,2,2,2,2,3,2,2,2,2,2,2,2,2,2,2,2,2,2,2,2,2,2,2,2,2,3,2,2,2,2,2,2
135,2,2,3,3,3,2,2,2,3,2,3,3,2,2,2,2,2,3,3,2,3,2,2,3,2,2,2,2,2,2,2,5,2
136,2,2,2,2,2,2,3,3,2,2,2,2,2,2,3,2,2,2,2,2,2,2,2,2,2,3,2,2,2,2,2,2,2
137,2,3,3,3,3,2,3,3,3,3,2,2,3,3,2,3,3,2,3,3,3,2,3,3,3,2,3,3,3,2,2,2,3
138,2,3,3,3,3,3,3,3,3,3,3,3,3,3,3,3,3,3,3,3,3,3,3,3,3,3,3,3,3,3,3,3,3
139,2,2,2,3,2,2,2,2,2,2,2,2,2,2,3,2,3,2,2,2,2,2,2,2,2,2,2,2,3,2,2,2,2
140,2,2,2,2,2,2,2,2,2,2,3,2,2,2,3,2,2,3,3,2,2,2,2,2,2,2,2,2,2,2,2,2,3
141,2,2,2,2,3,2,2,2,3,2,2,2,2,2,3,2,3,2,2,2,2,2,2,2,2,2,2,2,3,2,2,3,2
142,2,2,3,2,2,2,2,2,2,3,3,2,3,2,3,2,2,3,2,2,2,2,3,2,2,2,2,3,2,3,2,2,2
143,2,2,2,3,3,2,2,2,3,2,2,2,2,2,3,2,2,2,3,2,2,2,2,3,3,2,2,3,3,2,2,3,2
144,2,2,2,2,2,2,3,2,2,3,2,2,3,2,2,3,2,2,2,2,3,2,3,2,2,2,2,3,2,3,3,2,3
145,2,2,2,2,3,2,2,2,3,2,2,2,2,2,2,2,2,2,3,2,2,2,3,2,2,2,2,2,2,2,2,2,2
146,2,2,2,2,3,3,3,2,2,2,2,2,2,2,2,3,2,2,2,2,2,2,2,2,2,2,2,3,2,2,2,2,2
147,2,2,1,2,2,2,2,3,2,3,3,3,3,2,2,3,3,2,2,3,3,2,2,2,2,2,3,2,2,2,2,3,2
148,2,2,2,2,2,3,2,3,2,2,3,3,3,2,3,2,3,2,8,3,2,3,2,2,2,2,3,3,2,3,2,3,3
149,2,2,3,3,3,2,3,2,2,2,2,3,2,3,3,2,2,3,3,3,2,3,2,2,2,3,3,2,3,3,2,2,2
150,2,3,2,2,2,3,2,3,2,2,2,2,2,3,2,2,2,2,2,2,2,2,3,2,2,2,3,2,2,2,2,3,3
151,2,3,2,3,3,2,3,3,3,3,3,3,3,3,3,2,3,3,3,2,3,3,3,3,3,3,3,3,3,3,3,3,3
152,2,2,2,3,3,2,2,2,2,3,3,2,3,2,3,3,2,2,2,2,2,2,3,2,2,2,3,2,3,3,3,2,2
153,2,2,3,2,2,2,3,3,3,2,2,2,2,2,2,3,2,2,2,2,3,2,2,3,2,2,2,3,2,2,2,2,3
154,2,3,3,2,3,2,3,2,2,2,2,3,2,3,3,3,3,3,2,2,3,3,3,3,2,3,3,2,3,3,2,3,2
155,2,3,3,3,3,3,3,3,3,3,3,3,3,3,3,3,3,3,3,3,2,3,3,3,3,3,3,3,3,3,3,3,3
156,2,3,3,3,3,3,3,3,3,3,3,3,3,3,3,3,3,3,3,3,3,3,3,3,3,3,3,3,3,2,2,3,3
157,2,3,3,3,3,3,3,3,3,2,2,3,3,3,3,3,3,3,3,3,3,3,3,3,3,3,3,3,3,3,3,3,3
158,2,3,3,3,3,3,3,3,3,3,3,3,3,3,3,3,3,3,3,3,2,3,3,3,3,3,3,3,3,3,3,3,3
159,2,3,3,3,3,3,3,3,3,3,3,3,3,3,2,3,3,3,3,3,3,3,3,3,3,3,3,3,3,3,3,3,3
160,2,3,3,3,3,3,3,3,3,3,3,3,3,3,3,3,3,3,3,3,3,3,3,3,3,3,3,3,3,3,3,3,3
161,2,3,3,3,3,3,3,3,3,3,3,3,3,3,3,3,3,3,3,3,3,3,3,3,3,3,3,3,3,3,3,3,3
162,2,3,3,3,2,3,3,3,3,3,3,3,3,3,3,3,3,3,3,3,3,3,3,3,3,3,3,3,3,3,3,3,3
163,2,3,3,3,3,3,3,3,3,3,3,3,3,3,3,3,3,3,3,3,3,2,3,3,3,3,3,3,3,3,3,3,3
164,2,3,3,3,3,3,3,3,3,3,3,3,3,3,3,3,3,3,3,3,3,3,3,3,3,3,3,2,3,3,3,3,3
165,2,3,3,3,3,3,3,3,3,3,3,3,3,3,3,3,3,3,3,3,3,3,3,3,2,3,3,3,3,3,3,3,3
166,2,2,2,2,2,2,3,3,3,3,3,2,2,2,2,2,2,3,3,3,2,3,2,3,3,3,3,2,3,2,3,3,3
167,2,3,3,2,3,2,3,2,3,3,3,3,3,3,3,3,3,3,3,2,2,3,3,2,3,3,2,3,3,2,3,3,3
168,2,3,3,3,3,3,3,3,3,3,3,3,3,3,3,3,3,3,3,3,2,3,3,3,2,3,2,2,3,3,3,2,3
169,2,3,3,3,3,3,3,3,3,3,3,3,3,3,3,3,3,3,3,3,2,2,3,3,3,3,3,3,3,3,3,3,3
170,2,3,3,3,3,3,3,3,3,3,3,3,3,3,3,3,3,3,3,3,3,3,3,3,3,3,3,3,3,3,3,3,3
171,2,3,3,3,3,3,3,3,3,3,3,3,3,2,3,3,3,3,3,3,2,3,3,3,3,3,3,3,3,3,3,3,3
172,2,3,3,3,3,3,3,3,3,3,3,3,3,3,3,2,3,3,3,3,3,3,3,3,3,3,3,3,3,3,3,3,3
173,2,3,3,3,3,3,3,3,3,3,3,3,3,2,3,3,3,3,2,3,3,2,3,3,3,3,3,3,3,3,3,3,3
174,2,3,2,3,3,3,3,3,2,3,3,3,3,3,3,3,8,3,3,3,2,2,2,3,3,3,3,3,2,3,2,3,3
175,2,3,3,2,3,3,3,3,3,3,3,3,3,3,3,3,2,3,3,3,3,3,3,3,3,3,2,3,3,3,3,3,3
176,2,3,3,3,3,3,3,3,3,3,3,3,3,3,3,3,3,3,3,3,3,3,3,3,3,3,3,3,3,3,3,3,3
177,2,3,3,3,3,3,3,3,3,3,3,3,3,3,3,3,3,3,3,3,3,3,3,3,3,3,3,3,3,3,3,3,3
178,2,3,2,3,3,2,3,3,3,3,2,3,3,3,3,3,3,3,3,3,3,3,3,2,2,3,3,3,3,3,2,3,3
179,2,3,3,3,3,3,2,2,3,3,3,3,3,3,3,2,3,3,3,3,3,2,3,3,2,3,3,3,3,3,3,3,2
180,2,3,2,3,3,3,3,3,3,3,3,3,3,3,3,3,3,3,3,3,3,3,3,3,3,3,3,3,2,3,3,3,3
181,2,2,2,2,3,2,2,3,3,3,2,2,3,3,3,3,2,2,3,2,2,2,3,2,2,2,3,2,3,3,3,2,3
182,2,2,2,2,2,3,2,2,3,2,2,3,3,3,2,2,2,2,2,3,2,2,2,3,2,2,2,3,2,2,2,2,3
183,2,2,3,2,2,3,2,2,2,3,2,2,3,2,2,3,2,2,3,3,2,2,2,3,2,2,2,2,2,2,2,2,2
184,2,2,2,2,2,2,2,2,2,2,3,2,2,2,2,2,2,2,2,3,2,2,2,3,2,2,2,2,2,2,2,2,2
185,2,2,3,2,2,2,2,2,2,2,2,3,2,2,3,2,2,2,2,2,2,3,2,2,2,2,2,2,2,2,2,2,2
186,2,2,2,3,2,2,2,2,2,2,2,2,3,2,2,2,2,2,2,2,2,2,2,2,2,2,2,2,2,2,2,2,2
0,3,2,2,2,2,2,2,2,2,2,2,2,2,2,2,2,2,2,2,2,3,2,2,2,2,2,2,2,2,2,2,2,2
1,3,2,2,2,2,2,2,2,2,2,2,2,3,2,2,2,3,2,2,2,2,2,3,2,2,2,2,2,2,2,2,3,5
2,3,2,3,2,2,2,2,2,2,2,2,3,2,2,2,2,2,2,2,2,5,3,2,2,2,2,2,3,2,2,2,2,2
3,3,2,3,2,2,2,2,2,2,2,2,2,2,2,2,2,2,2,2,2,2,2,2,2,2,2,2,2,2,2,2,2,2
4,3,2,2,2,2,2,2,2,2,2,2,2,2,2,2,2,2,2,2,2,2,2,2,2,2,2,2,2,2,3,2,2,2
5,3,2,2,3,2,3,2,2,2,2,2,2,2,2,2,2,2,2,2,2,2,2,2,2,2,2,2,2,2,2,2,2,2
6,3,2,2,2,2,2,2,2,2,3,2,2,2,3,2,2,2,2,2,2,2,2,3,2,2,2,2,2,2,2,2,2,2
7,3,2,2,3,2,2,2,2,2,2,2,2,2,2,2,2,2,2,2,2,2,2,2,2,2,2,2,2,2,2,2,2,2
8,3,2,2,2,2,2,2,2,2,2,2,2,2,2,2,2,2,2,2,2,2,2,2,2,2,2,3,2,2,2,2,2,2
9,3,2,3,2,2,2,2,3,2,2,2,2,2,2,5,2,2,2,2,2,2,2,2,2,2,2,5,2,2,2,2,2,2
10,3,2,2,2,2,2,2,2,2,2,2,2,2,2,2,2,2,2,2,2,2,2,2,2,2,2,2,2,2,3,2,2,2
11,3,2,2,2,2,2,2,2,2,2,2,2,2,2,2,2,2,2,2,2,2,2,2,2,2,2,2,2,2,2,2,2,2
12,3,2,2,2,2,2,2,3,2,2,5,2,2,2,2,2,2,2,2,2,2,2,2,2,2,2,2,2,2,3,2,2,3
13,3,2,2,2,2,2,2,2,2,2,2,2,2,2,2,2,2,2,2,2,2,2,2,2,2,2,2,2,2,2,2,2,2
14,3,3,3,3,3,2,3,3,3,3,3,3,3,3,3,3,3,3,3,3,3,3,3,3,5,3,3,3,2,3,3,2,2
15,3,3,2,2,5,2,5,2,3,5,2,5,5,2,3,3,5,2,3,3,5,5,5,2,2,3,3,3,2,3,3,2,2
16,3,3,3,3,3,3,3,3,3,3,2,3,3,3,3,3,3,5,3,3,3,3,3,5,3,3,3,3,2,3,3,2,3
17,3,3,3,3,3,5,5,2,3,3,3,3,3,2,3,3,3,5,3,3,3,3,3,5,3,3,3,3,3,5,3,3,3
18,3,3,3,3,3,3,3,3,3,3,3,3,3,3,3,3,3,3,3,3,3,3,3,3,3,3,3,3,2,3,2,3,5
19,3,3,2,3,3,3,5,3,3,5,3,3,3,3,5,3,3,2,3,3,3,3,5,3,3,3,3,3,3,2,3,5,5
20,3,3,3,3,3,3,3,3,3,3,3,3,3,3,3,3,3,3,5,3,3,3,3,3,3,3,3,3,2,3,3,2,3
21,3,3,2,3,3,2,3,2,3,3,3,3,2,2,2,3,3,3,3,3,3,3,3,3,3,3,3,3,3,2,3,3,3
22,3,3,3,3,3,3,3,3,3,3,3,3,3,3,3,3,3,3,2,3,3,3,3,3,3,3,3,3,3,3,3,3,3
23,3,3,3,2,3,3,3,3,3,3,2,3,3,3,3,3,3,3,3,3,3,3,3,3,3,3,3,3,3,3,3,3,3
24,3,3,3,3,3,3,3,3,3,3,3,3,3,3,2,3,3,3,3,3,3,2,3,3,3,3,3,3,3,3,3,3,3
25,3,2,2,2,2,2,2,2,2,2,3,2,2,3,2,2,3,3,2,3,3,2,2,3,2,3,3,2,2,2,2,2,2
26,3,2,2,3,2,2,2,2,2,2,2,2,2,2,2,2,2,3,3,2,3,5,2,2,2,2,2,2,2,2,2,2,3
27,3,2,2,3,3,3,3,2,2,3,3,3,2,3,2,2,2,2,2,2,2,3,3,2,3,3,2,2,2,3,2,2,2
28,3,2,2,2,2,2,2,2,2,2,3,2,2,2,2,2,2,2,2,2,3,2,2,2,2,2,2,3,2,2,2,2,2
29,3,2,2,2,3,3,2,2,2,2,2,2,2,2,2,3,2,2,2,2,2,2,3,3,3,2,3,3,2,2,2,2,3
30,3,2,3,3,3,2,2,2,2,2,3,3,2,3,2,3,3,2,2,1,3,2,3,3,2,3,2,3,3,3,2,2,2
31,3,2,2,2,3,3,2,2,2,2,2,2,2,2,2,2,3,3,3,3,3,2,2,2,2,2,3,3,2,3,2,3,2
32,3,2,2,3,2,3,3,3,3,3,3,2,2,3,2,3,3,2,2,3,2,3,2,2,3,2,3,3,2,2,2,2,2
33,3,2,3,7,2,3,3,2,3,3,3,3,2,3,2,2,2,3,2,3,2,2,3,2,3,2,2,2,3,2,2,3,2
34,3,2,2,3,2,2,2,3,2,2,3,2,3,3,2,3,2,3,2,2,2,2,2,2,2,3,2,2,2,2,3,2,2
35,3,3,3,3,3,3,3,3,2,3,3,3,3,3,3,3,3,3,3,3,3,3,3,3,3,3,3,3,3,3,3,3,3
36,3,3,3,3,3,3,3,3,3,3,3,3,3,3,3,3,3,3,3,3,3,3,3,3,3,3,3,3,3,3,3,3,3
37,3,3,3,3,3,3,3,3,3,3,3,3,3,3,3,3,3,3,3,3,3,3,3,3,3,3,3,3,3,3,3,3,3
38,3,3,3,3,3,3,3,3,3,3,3,3,3,3,3,3,3,3,3,3,3,3,3,3,3,3,3,3,3,3,3,3,3
39,3,3,3,3,3,3,3,3,3,3,3,3,3,3,3,3,3,3,3,3,3,3,3,3,3,3,3,3,3,3,3,3,3
40,3,3,3,3,3,3,3,3,3,3,3,3,3,3,3,3,3,3,3,3,3,3,3,3,3,3,3,3,3,3,3,3,3
41,3,3,3,3,3,3,3,3,3,3,3,3,3,3,3,3,3,3,3,3,3,3,3,3,3,3,3,3,3,3,3,3,3
42,3,3,3,3,3,3,3,3,3,3,3,3,3,3,3,3,3,3,3,3,3,3,3,3,3,3,3,3,3,3,3,3,3
43,3,3,3,3,3,3,3,3,3,3,3,3,3,3,3,3,3,3,3,3,3,3,3,3,3,3,3,3,3,3,3,3,3
44,3,2,3,3,3,3,3,3,3,2,3,3,3,2,3,3,3,2,2,3,3,2,3,3,3,3,3,3,3,3,3,3,3
45,3,2,3,2,2,2,2,2,2,2,2,2,2,2,2,2,2,2,3,2,3,2,2,2,2,2,2,2,2,2,2,2,3
46,3,2,2,2,2,2,2,2,2,2,2,2,2,2,2,2,2,2,2,2,2,2,2,2,2,2,2,2,2,2,2,2,2
47,3,2,3,2,2,2,2,2,2,2,2,2,2,2,2,2,2,2,2,2,3,2,2,3,2,3,3,3,3,2,2,2,2
48,3,2,2,2,2,2,2,2,2,2,2,2,2,2,2,2,2,2,2,2,2,3,2,2,2,3,2,2,2,2,2,2,2
49,3,2,2,3,2,3,3,2,2,2,2,2,2,2,2,2,2,2,2,2,3,3,2,2,2,2,2,2,3,2,2,2,2
50,3,2,2,2,3,2,2,2,2,2,2,2,2,2,2,2,2,3,3,2,2,2,2,2,2,2,2,2,2,2,2,1,2
51,3,2,2,2,2,2,2,2,2,3,3,2,3,2,2,2,2,3,2,3,3,2,3,2,2,3,2,2,2,2,3,2,3
52,3,2,3,3,2,3,2,2,2,2,3,3,2,2,2,3,3,2,2,2,2,2,2,3,2,2,3,2,2,2,2,3,3
53,3,2,2,2,3,2,2,3,3,3,3,2,2,2,2,2,2,2,2,2,2,2,2,2,2,3,2,3,2,3,2,2,2
54,3,2,3,2,3,3,2,2,2,2,2,2,2,2,2,2,2,2,2,2,2,2,2,2,2,3,2,2,2,2,2,2,2
55,3,2,2,2,3,2,3,2,2,3,2,2,2,2,2,3,2,3,2,2,2,3,1,2,2,2,2,2,2,3,2,2,2
56,3,2,3,2,3,3,2,2,2,2,2,2,2,2,2,2,2,2,2,3,2,2,2,2,2,2,3,2,2,2,2,2,2
57,3,3,3,3,3,2,3,2,3,3,3,3,3,3,2,3,3,2,2,2,3,3,3,2,3,3,3,3,3,3,2,3,2
58,3,3,3,2,3,3,3,3,3,3,3,3,2,3,3,3,3,3,3,3,3,3,2,3,3,3,3,3,3,3,3,3,3
59,3,3,3,3,3,3,3,3,3,3,2,3,3,3,3,3,3,3,3,2,2,3,2,3,2,3,3,3,3,3,3,3,3
60,3,3,3,2,3,3,3,2,3,3,3,3,2,3,3,3,2,3,3,3,3,3,3,2,3,3,2,3,2,3,3,3,3
61,3,2,2,2,2,2,2,2,2,3,2,2,2,2,2,2,3,2,2,2,3,2,2,2,2,2,3,2,2,2,2,2,2
62,3,2,2,2,2,2,2,2,2,2,2,2,2,2,2,2,2,2,2,2,2,2,2,2,2,2,2,2,2,2,2,2,2
63,3,2,3,2,3,3,2,3,2,2,2,2,2,2,2,2,3,2,2,3,3,2,3,3,2,2,2,2,2,2,3,2,2
64,3,2,2,2,2,2,2,2,2,2,2,2,2,2,2,2,2,2,2,3,2,2,3,3,2,2,2,2,2,2,2,2,2
65,3,2,2,3,2,2,2,2,2,3,2,2,2,2,2,2,3,2,2,2,3,2,2,2,2,2,2,2,2,3,2,2,2
66,3,2,2,2,2,2,2,2,2,2,3,2,2,2,2,2,2,2,3,2,2,2,2,2,2,2,3,2,2,2,2,3,2
67,3,2,2,2,2,2,2,2,2,2,2,2,2,2,2,2,2,2,2,2,2,2,2,2,2,2,2,2,3,2,2,2,2
68,3,2,2,2,2,2,2,2,2,2,2,2,2,3,2,2,2,2,2,2,2,2,2,3,2,3,2,2,3,2,2,2,2
69,3,2,2,2,2,2,2,2,2,2,3,2,2,2,3,3,2,3,2,3,3,2,2,3,2,2,3,2,2,2,3,2,2
70,3,2,2,3,2,3,2,2,2,2,3,2,2,3,2,2,3,2,2,2,2,2,2,2,2,2,3,2,2,2,2,2,2
71,3,2,2,2,2,2,2,2,2,2,2,2,2,2,3,3,2,3,3,2,2,3,2,2,2,2,2,2,2,2,2,3,2
72,3,2,2,2,2,2,2,2,3,2,2,2,2,2,2,2,2,2,2,2,2,2,2,2,2,3,2,2,2,2,2,2,3
73,3,2,2,2,3,2,2,2,2,2,2,2,2,2,2,2,2,2,2,2,2,2,2,2,2,2,2,2,2,2,2,2,2
74,3,2,2,2,2,2,2,2,2,2,2,2,2,2,2,2,2,2,2,3,2,2,2,2,3,2,2,2,2,2,2,2,2
75,3,2,2,2,2,2,2,2,2,2,2,2,2,2,2,2,2,2,2,2,2,2,2,2,2,2,2,3,2,2,2,2,2
76,3,2,3,2,2,2,2,2,2,2,2,2,2,2,2,2,2,2,2,2,2,2,2,2,3,2,2,2,2,2,2,2,2
77,3,3,2,2,2,2,3,2,2,3,3,2,2,2,2,2,2,2,2,2,2,2,2,2,2,2,2,2,2,3,2,2,2
78,3,3,2,3,3,2,3,3,3,3,3,3,2,3,3,3,3,2,2,3,2,2,3,3,3,3,2,2,2,2,3,3,3
79,3,3,3,3,3,3,3,2,3,3,3,3,3,3,3,2,2,2,3,3,3,3,2,3,3,3,3,3,3,3,3,3,3
80,3,2,3,2,3,2,3,3,2,2,2,2,2,2,2,3,3,3,3,3,3,3,2,2,2,3,2,3,2,2,2,3,3
81,3,2,3,2,2,2,3,3,3,3,3,3,3,3,2,2,3,3,3,2,2,3,3,2,2,3,2,3,2,3,3,3,2
82,3,2,3,2,3,3,2,3,2,3,3,3,3,3,2,2,2,2,2,3,2,2,3,2,3,3,3,2,2,3,3,3,3
83,3,3,3,3,3,3,3,2,2,3,3,2,3,2,3,2,3,3,2,3,2,3,2,3,3,3,3,3,3,3,3,3,3
84,3,2,2,2,3,2,2,2,2,2,2,2,2,2,2,2,2,2,2,2,2,2,2,2,2,2,3,2,2,3,2,2,2
85,3,2,2,3,2,3,3,2,2,2,3,3,2,2,2,3,2,3,3,3,2,3,2,3,2,3,2,3,3,2,2,3,3
86,3,3,3,3,3,3,3,3,3,3,3,3,3,2,3,3,3,2,3,3,3,3,3,3,2,3,2,2,3,2,2,3,3
87,3,3,3,3,3,3,3,3,3,3,3,2,3,3,3,2,3,2,3,3,3,2,2,2,3,3,3,3,3,3,3,3,3
88,3,3,3,2,3,3,3,2,3,3,3,3,2,3,3,3,3,3,3,3,3,3,3,3,3,2,3,3,3,3,3,3,2
89,3,2,3,3,2,2,3,3,2,3,3,2,2,2,3,2,3,3,3,3,2,2,2,2,2,2,2,2,2,2,2,2,2
90,3,2,2,2,2,2,2,3,2,2,2,2,2,2,3,2,2,2,2,3,2,3,2,2,2,2,2,2,2,3,2,2,2
91,3,2,3,2,2,2,2,2,2,2,2,2,3,2,2,2,2,2,2,2,2,2,2,2,2,2,3,2,2,2,2,2,3
92,3,2,2,2,2,2,2,2,2,2,2,2,2,2,2,2,2,2,2,2,2,2,2,2,2,2,2,2,2,2,2,2,2
93,3,2,2,2,2,2,2,2,2,2,2,2,2,2,2,2,2,2,2,3,2,2,2,2,2,2,2,2,2,2,2,2,3
94,3,2,2,3,3,2,2,2,3,2,2,3,2,2,2,2,2,3,2,2,2,2,2,3,2,2,2,2,2,2,2,2,2
95,3,2,2,2,2,2,2,2,2,2,2,2,2,2,3,2,2,2,2,2,2,2,2,3,2,2,2,2,2,2,3,2,2
96,3,2,2,2,2,3,3,2,2,2,2,2,2,2,2,2,3,2,2,2,2,3,3,3,3,2,2,3,2,2,3,2,3
97,3,3,3,3,2,3,3,3,3,2,2,2,2,2,2,3,2,3,2,3,2,3,2,3,3,3,2,3,3,3,3,3,3
98,3,3,3,2,3,3,5,3,3,3,3,3,2,3,3,2,8,3,2,2,2,2,3,2,2,3,2,3,2,3,3,3,2
99,3,3,2,3,3,3,3,3,3,2,3,2,2,3,3,3,3,2,2,3,3,2,2,5,2,3,3,3,3,2,3,3,2
100,3,3,3,3,2,3,3,3,3,3,3,3,3,3,3,3,3,3,3,3,3,3,3,3,3,3,3,3,3,3,3,3,3
101,3,3,2,3,3,3,2,3,3,3,3,2,3,2,2,2,3,3,3,3,3,3,3,3,3,2,3,3,3,3,3,3,2
102,3,3,2,3,3,3,3,3,3,3,3,3,3,2,3,3,2,3,2,3,3,3,3,3,3,2,2,3,3,2,3,2,3
103,3,3,2,3,3,3,3,3,3,2,3,3,2,3,3,3,2,3,3,3,3,3,3,3,3,3,3,3,3,3,3,2,3
104,3,2,2,2,3,2,2,2,2,2,2,2,2,3,3,2,3,2,3,2,2,3,2,3,3,2,2,2,3,2,3,3,2
105,3,2,2,2,2,2,2,2,2,2,2,2,2,2,2,2,2,2,2,2,2,2,2,2,2,2,2,2,2,2,2,2,2
106,3,2,2,2,2,2,2,2,2,3,2,2,3,2,2,2,2,2,2,2,2,2,2,2,2,2,2,2,2,3,2,2,2
107,3,2,2,2,2,2,2,2,2,2,2,2,2,3,2,3,3,2,3,2,2,2,3,2,2,2,3,2,2,2,2,2,2
108,3,2,2,2,2,3,2,2,2,2,3,2,2,3,2,2,3,2,2,2,3,2,3,2,2,2,2,2,2,2,2,3,3
109,3,2,2,3,3,2,3,2,2,2,2,3,3,3,2,2,2,2,3,2,3,2,3,3,2,2,2,2,3,2,2,3,3
110,3,2,2,2,2,2,3,2,2,3,3,2,2,2,3,3,2,3,2,2,2,3,2,3,3,2,2,3,3,2,2,3,2
111,3,2,3,3,3,2,3,2,2,3,3,2,2,3,3,2,2,2,2,2,3,2,3,2,3,2,2,2,3,3,3,2,2
112,3,2,3,2,2,2,3,3,3,3,2,2,3,2,2,2,3,2,2,2,2,3,2,3,2,3,2,3,3,3,3,2,3
113,3,2,2,2,2,2,3,2,3,2,2,2,2,3,2,2,2,2,2,2,2,3,3,2,3,2,3,3,2,2,3,3,2
114,3,2,2,2,2,2,2,3,2,3,3,3,2,2,2,2,2,2,2,2,2,3,3,3,3,3,2,2,2,3,2,3,2
115,3,3,2,3,3,3,3,3,3,3,5,3,3,3,3,3,3,3,3,3,3,5,3,3,3,3,3,3,3,3,2,3,3
116,3,3,3,3,3,3,3,3,3,3,3,3,3,3,3,3,3,3,3,3,3,3,3,3,3,3,3,3,3,3,3,3,3
117,3,3,3,3,3,3,3,3,3,3,3,3,3,3,3,3,3,3,3,3,3,3,3,3,3,3,2,3,3,3,3,3,3
118,3,3,3,3,3,3,3,3,3,3,3,3,3,3,3,3,3,3,3,3,3,3,3,3,3,3,3,3,3,3,3,3,3
119,3,3,3,3,3,3,2,3,3,3,3,3,3,3,3,3,3,3,3,3,3,3,3,3,3,3,3,3,3,3,3,3,3
120,3,3,3,3,3,3,3,3,3,3,3,3,3,3,3,3,3,3,3,3,3,3,3,3,3,3,3,3,3,3,3,3,3
121,3,3,3,3,3,3,3,3,2,3,3,3,3,3,3,3,3,3,3,3,2,3,3,3,3,3,3,3,3,3,3,3,3
122,3,3,3,3,2,3,3,3,3,3,3,3,3,3,3,3,3,3,3,3,3,3,3,3,3,3,3,2,3,3,3,3,3
123,3,3,3,3,3,3,3,2,3,3,3,3,3,3,3,3,3,2,3,3,3,3,3,3,3,3,3,3,3,3,3,3,3
124,3,3,3,3,3,3,3,3,3,2,3,3,3,3,2,3,2,3,2,3,3,3,3,2,3,3,3,3,3,3,3,2,3
125,3,2,3,3,3,3,2,2,2,2,2,2,2,2,2,2,2,2,2,3,2,8,2,3,2,2,3,2,2,2,2,3,2
126,3,2,2,2,2,2,2,2,2,2,2,2,2,2,2,2,2,2,2,2,2,2,2,2,2,2,2,2,2,2,2,2,2
127,3,2,2,2,2,2,2,2,2,2,2,2,2,2,2,2,2,2,3,2,2,2,2,2,2,2,2,2,2,2,2,2,2
128,3,2,2,2,2,2,2,3,2,2,2,2,2,2,2,2,2,2,2,2,2,2,2,2,2,2,2,3,2,2,2,2,2
129,3,2,2,2,2,2,2,3,2,2,2,2,2,2,3,2,3,2,2,2,2,2,2,2,2,2,2,3,2,2,2,2,2
130,3,2,2,3,2,2,2,2,2,2,2,2,2,2,2,2,2,3,2,2,2,2,2,3,2,2,2,2,2,2,2,3,2
131,3,2,2,2,2,3,2,2,2,2,2,2,3,2,2,2,2,2,2,2,2,2,2,2,2,2,2,3,2,2,2,2,3
132,3,2,2,2,3,2,2,2,2,3,2,2,2,2,3,2,2,2,2,2,2,2,2,2,2,2,2,2,2,2,2,2,2
133,3,2,2,2,2,2,3,3,2,2,3,3,2,2,2,2,2,2,2,2,2,2,2,2,2,2,2,2,2,2,2,2,2
134,3,3,3,3,3,3,2,2,3,3,3,3,2,3,2,3,2,3,3,3,3,3,3,3,3,3,2,2,3,2,3,3,2
135,3,3,3,2,3,2,3,2,3,2,3,3,2,3,3,3,2,2,3,3,2,3,3,3,3,2,3,3,3,2,2,2,2
136,3,3,3,3,3,3,3,3,3,3,2,3,3,3,3,2,3,3,2,3,3,3,3,2,3,3,3,3,3,3,3,3,2
137,3,3,3,3,3,3,2,2,2,2,2,3,2,2,3,2,3,3,3,2,2,3,3,3,3,3,3,3,2,3,3,2,3
138,3,3,3,3,3,3,2,3,2,3,3,3,2,3,3,3,3,3,3,3,3,2,3,2,3,3,3,2,2,3,3,3,2
139,3,3,2,3,2,3,3,2,3,3,3,3,3,3,3,3,3,3,3,3,3,3,3,3,3,3,3,2,3,3,3,3,3
140,3,2,2,2,2,2,2,2,3,2,2,3,3,2,2,2,2,2,2,3,3,3,2,3,2,2,3,2,2,3,3,2,2
141,3,2,5,3,3,2,3,2,2,2,2,3,2,3,2,2,2,2,3,2,2,2,2,3,3,3,2,3,5,2,3,2,3
142,3,2,3,2,2,2,2,3,2,2,2,2,3,2,2,3,2,2,2,2,2,2,2,2,3,2,2,2,2,3,2,3,2
143,3,2,2,3,3,2,3,2,3,3,2,3,2,2,3,3,2,2,3,3,2,3,2,3,2,2,3,2,3,3,3,3,3
144,3,2,2,2,2,2,3,2,2,2,2,3,3,2,2,2,2,2,2,2,3,3,3,3,3,2,2,2,2,2,3,2,2
145,3,2,2,2,2,2,3,3,2,3,2,2,2,2,2,2,2,2,3,3,2,2,2,2,2,2,5,2,2,3,2,2,2
146,3,2,3,2,3,2,2,2,2,3,2,2,2,2,2,2,2,2,2,2,2,3,2,2,2,2,2,2,2,2,2,5,2
147,3,2,2,2,2,3,2,3,3,2,2,2,2,2,2,2,3,2,2,2,2,2,8,2,2,2,2,2,2,2,3,2,2
148,3,2,2,2,2,2,2,2,3,2,2,2,2,2,2,2,2,2,2,3,2,2,2,2,2,2,3,2,2,2,2,2,2
149,3,2,2,2,2,2,2,2,2,2,2,2,2,2,2,2,2,2,2,2,2,2,2,2,2,2,2,2,2,2,2,2,2
150,3,2,2,2,3,2,2,2,2,2,2,2,2,2,3,2,3,2,2,2,2,2,2,3,2,2,2,3,2,2,2,2,2
151,3,2,2,2,2,3,2,2,2,2,2,2,2,3,2,3,2,2,2,2,2,2,2,2,2,2,2,3,2,2,2,2,2
152,3,2,2,2,2,2,2,2,2,2,2,2,2,3,2,2,2,2,2,2,2,2,2,2,2,2,2,2,2,2,2,2,2
153,3,2,2,2,2,2,2,2,2,2,2,2,2,2,2,2,2,2,2,2,2,2,2,2,3,2,2,2,3,2,2,2,2
154,3,2,2,2,2,2,2,2,2,2,2,2,2,2,2,2,2,2,2,2,2,2,2,2,2,2,2,2,2,2,2,2,2
155,3,2,2,2,3,2,3,2,2,2,2,2,2,2,2,2,2,2,2,2,2,2,2,2,2,2,2,2,2,2,2,2,2
156,3,2,2,2,2,2,3,2,2,2,2,2,2,2,2,2,2,3,2,2,2,2,2,2,2,3,2,2,2,2,2,2,2
157,3,2,2,2,2,2,2,2,2,2,2,2,2,2,2,2,2,2,2,2,2,2,2,2,2,2,2,2,2,2,2,2,2
158,3,2,2,2,2,2,2,2,2,2,3,2,2,2,2,2,2,2,2,2,2,2,2,2,2,2,2,2,2,2,2,2,2
159,3,2,2,2,2,2,2,3,2,2,3,2,2,2,2,2,2,2,2,2,2,2,2,2,2,2,2,2,2,2,2,2,2
160,3,2,2,2,2,2,2,2,2,2,2,2,2,2,2,2,2,2,2,2,2,2,2,3,2,2,2,2,2,2,2,2,2
161,3,2,2,2,2,2,2,2,2,2,2,2,2,2,3,2,2,2,2,2,2,2,2,2,3,3,2,5,2,2,2,2,2
162,3,2,2,2,2,2,2,2,2,2,2,2,2,2,2,2,2,2,2,2,2,2,2,2,2,2,2,2,2,3,2,2,2
163,3,2,2,2,2,2,2,2,2,2,2,2,2,2,2,2,2,2,2,2,2,2,2,2,2,2,2,2,2,2,2,2,2
164,3,2,2,2,2,2,3,2,2,2,2,2,2,2,2,2,2,2,2,2,2,2,2,2,2,2,2,2,2,3,2,3,2
165,3,2,3,2,2,2,2,2,2,2,2,2,2,2,2,2,2,2,2,2,2,2,2,2,2,2,2,2,2,2,2,2,2
166,3,2,2,2,2,2,2,2,2,2,2,2,2,2,2,2,2,2,2,2,2,2,2,2,2,2,2,2,2,2,3,2,2
167,3,2,2,2,3,2,3,2,3,2,2,3,2,2,2,3,2,3,2,3,3,2,3,2,2,2,3,2,3,2,2,2,2
168,3,3,3,3,3,3,3,3,3,3,3,3,3,3,3,3,3,3,3,3,3,3,3,3,3,3,3,3,3,3,3,3,3
169,3,3,3,3,3,3,3,3,3,3,3,3,3,3,3,3,3,3,3,3,3,3,3,3,3,3,3,3,3,3,3,3,3
170,3,3,3,3,3,3,3,3,3,3,3,3,3,3,3,3,3,3,3,3,3,3,3,3,3,3,3,3,3,3,3,3,3
171,3,3,3,3,3,3,3,3,3,3,3,3,3,3,3,3,3,3,3,3,3,3,3,3,3,3,3,3,3,3,3,3,3
172,3,3,3,3,3,3,3,3,3,3,3,3,3,3,3,3,3,3,3,3,3,3,3,3,3,3,3,3,3,3,3,3,3
173,3,3,3,3,3,3,3,3,3,3,3,3,3,3,3,3,3,3,3,3,3,3,3,3,3,3,3,3,3,3,3,8,3
174,3,3,3,3,3,3,3,3,3,3,3,3,3,3,3,3,3,3,3,3,3,3,3,3,3,3,3,3,3,3,3,3,3
175,3,3,3,3,3,3,3,3,3,3,3,3,3,3,3,3,3,3,3,3,3,3,3,3,3,3,3,3,3,3,3,3,2
176,3,3,3,3,3,3,3,3,3,3,3,3,3,3,3,3,3,3,3,3,3,3,3,3,3,3,3,3,3,3,3,3,3
177,3,3,3,3,3,3,3,3,3,3,3,3,3,3,3,3,3,3,3,3,3,3,3,3,3,3,3,3,3,3,3,3,3
178,3,3,3,3,3,3,3,3,3,3,3,3,3,3,3,3,3,3,3,3,3,3,3,3,3,3,3,3,3,3,3,3,3
179,3,3,3,3,3,3,3,3,3,3,3,3,3,3,3,3,3,3,3,3,3,3,3,3,3,3,3,3,3,3,3,3,3
180,3,3,3,3,3,3,3,3,3,3,3,3,3,3,3,3,3,3,3,3,3,3,3,3,3,3,3,3,3,3,3,3,3
181,3,3,3,3,3,3,3,3,3,3,3,3,3,3,3,3,3,3,3,3,3,3,3,3,3,3,3,3,3,3,3,3,3
182,3,3,3,3,3,3,3,3,3,3,3,3,3,3,3,3,3,3,3,3,3,3,3,3,3,3,3,3,3,3,3,3,3
183,3,3,3,3,3,3,3,3,3,3,3,3,3,3,3,3,3,3,3,3,3,3,3,3,3,3,3,3,3,3,3,3,3
184,3,3,3,3,3,3,3,3,3,3,3,3,3,3,3,3,3,3,3,3,3,3,3,3,3,3,3,3,3,3,3,3,3
185,3,3,3,3,3,3,3,3,3,3,3,3,3,3,3,3,3,3,3,3,3,3,3,3,3,3,3,3,3,3,3,3,3
186,3,3,3,3,3,3,3,3,3,3,3,3,3,3,3,3,3,3,3,3,3,3,3,3,3,3,3,3,3,3,3,3,3
0,4,3,3,3,3,3,3,3,3,3,3,3,3,3,3,3,3,8,3,3,3,3,3,3,3,3,3,3,3,3,3,3,3
1,4,3,3,3,3,3,3,3,3,3,3,3,3,3,3,3,3,3,3,3,3,3,3,3,3,3,3,3,3,3,3,3,3
2,4,3,3,3,3,3,3,3,3,3,3,3,3,3,3,3,3,3,3,3,3,3,3,3,3,3,3,3,3,3,3,3,3
3,4,3,3,3,3,3,3,3,3,3,3,3,3,3,3,3,3,3,3,3,3,3,3,3,3,3,3,3,3,3,3,3,3
4,4,3,3,3,3,3,3,3,3,3,3,3,3,3,3,3,3,3,3,3,3,3,3,3,3,3,3,3,3,3,3,3,3
5,4,3,3,3,3,3,3,3,3,3,3,3,3,3,3,3,3,3,3,3,3,3,3,3,3,3,3,3,3,3,3,3,3
6,4,3,3,3,2,3,3,3,3,3,3,3,3,3,3,3,3,3,3,3,3,3,3,3,3,3,3,3,3,3,3,3,3
7,4,3,3,8,3,3,3,3,3,2,3,2,3,3,2,3,3,3,3,3,3,3,3,3,3,3,3,2,3,3,3,3,3
8,4,3,3,3,3,3,3,2,3,3,3,3,3,3,2,3,2,2,2,3,3,3,3,3,3,2,3,3,3,3,3,2,3
9,4,3,3,3,3,2,3,3,3,2,3,3,3,3,3,3,3,3,3,3,2,3,3,2,3,3,3,3,3,3,3,3,2
10,4,3,3,3,3,3,3,3,3,3,3,3,3,3,3,3,3,3,3,3,3,3,3,3,3,3,3,3,3,3,3,3,3
11,4,3,3,2,3,3,3,3,3,3,3,3,3,3,3,3,3,3,3,3,3,8,3,3,3,3,3,3,3,3,3,3,3
12,4,3,3,2,3,2,3,3,2,3,2,3,3,2,2,2,3,3,3,3,3,2,3,2,2,2,3,3,2,2,3,2,2
13,4,2,2,2,2,2,2,2,2,2,3,3,2,2,2,3,2,2,3,2,2,5,2,3,2,2,3,2,2,2,2,3,2
14,4,3,3,2,2,2,2,3,3,2,2,3,2,3,2,2,3,2,2,2,3,2,2,2,3,3,2,2,2,3,2,2,2
15,4,2,3,2,2,2,2,2,2,2,2,2,2,2,2,2,2,2,2,2,3,2,2,3,3,2,2,2,2,2,2,2,2
16,4,2,2,3,2,2,2,3,2,2,8,2,2,2,3,3,2,2,2,2,3,3,3,3,2,2,2,2,3,2,2,2,2
17,4,2,2,2,2,2,2,2,2,2,2,2,2,2,2,2,2,3,2,2,2,2,2,2,2,2,2,3,2,2,3,2,2
18,4,3,2,3,2,2,2,2,3,2,3,3,2,2,2,3,2,2,2,2,2,2,3,2,2,2,2,3,2,3,2,2,2
19,4,3,2,3,3,2,3,3,2,3,3,3,2,3,2,3,2,2,3,3,3,3,3,2,2,3,2,2,3,2,3,2,3
20,4,3,2,3,2,3,3,3,3,2,3,3,2,3,2,2,2,2,3,3,2,2,2,2,2,2,3,2,2,2,2,3,2
21,4,3,3,2,3,3,3,3,3,2,2,3,3,3,3,3,3,3,3,2,3,3,2,3,2,2,2,2,7,7,3,3,3
22,4,3,3,3,3,3,3,3,3,2,3,3,3,3,3,3,3,3,3,3,3,3,3,3,3,3,3,3,3,3,3,3,3
23,4,3,3,3,3,3,3,3,3,3,3,3,3,3,3,2,2,3,3,3,3,3,3,3,3,3,3,3,3,3,2,3,3
24,4,3,3,3,3,3,3,3,3,3,3,3,3,3,2,3,3,3,3,3,3,3,2,2,3,3,3,3,3,3,3,3,3
25,4,3,3,3,3,3,3,2,3,3,3,3,2,2,3,3,3,2,3,3,3,3,3,3,3,3,3,3,3,3,3,3,3
26,4,3,2,3,3,3,3,3,3,3,3,3,3,3,2,3,2,3,3,3,3,3,2,3,3,2,3,3,3,3,3,3,3
27,4,3,3,3,3,2,3,3,3,3,3,3,3,3,3,3,2,3,3,3,2,3,3,3,3,2,3,3,3,3,2,3,3
28,4,3,3,3,4,3,3,3,3,2,3,3,3,3,3,3,3,2,3,3,3,3,2,3,3,3,3,3,2,2,3,3,3
29,4,3,3,3,3,3,3,3,3,3,2,3,3,3,2,3,3,3,3,3,3,3,3,3,3,8,5,3,3,3,3,3,3
30,4,2,2,2,2,2,2,2,2,2,2,2,2,2,2,2,2,2,2,2,2,2,2,2,2,2,2,3,2,2,2,2,2
31,4,2,2,2,3,2,3,2,2,2,2,2,3,2,2,2,2,2,2,2,3,2,2,2,2,2,2,2,2,2,2,2,2
32,4,2,2,2,2,2,3,2,2,2,2,2,2,3,3,2,3,3,2,3,2,2,2,2,2,2,2,2,2,2,3,2,3
33,4,2,2,2,2,3,2,2,2,2,2,2,2,2,2,2,3,2,2,2,2,2,2,2,3,2,2,2,3,2,2,2,2
34,4,2,3,3,2,3,2,3,3,3,3,3,2,3,5,2,3,2,2,2,2,3,2,2,2,3,3,3,3,2,2,3,3
35,4,2,2,3,3,3,2,2,2,3,2,5,2,3,3,2,2,2,2,2,2,2,3,2,2,3,2,2,2,2,2,2,2
36,4,2,2,2,2,3,2,2,2,2,3,2,2,2,3,2,2,2,2,3,2,2,2,3,2,3,2,2,2,2,2,2,2
37,4,2,2,2,2,2,3,3,3,3,3,2,3,2,2,2,2,2,2,2,3,2,2,3,2,3,3,3,2,2,3,3,3
38,4,2,2,3,2,2,2,2,2,3,3,2,2,3,2,3,2,3,2,3,3,3,2,2,2,2,2,2,2,2,2,2,2
39,4,2,2,2,2,2,2,2,2,2,2,2,2,2,2,2,2,2,3,2,2,3,2,3,2,2,3,2,2,2,2,3,2
40,4,2,2,3,2,2,2,3,2,3,3,2,3,3,2,2,2,2,2,2,2,3,2,2,2,7,2,2,2,2,2,2,2
41,4,2,2,2,2,2,2,3,2,3,2,2,2,2,2,3,2,2,2,3,2,2,3,3,2,2,2,3,2,2,2,2,2
42,4,2,3,2,2,2,3,2,2,3,2,2,2,3,3,2,2,3,3,3,2,2,3,2,2,2,2,2,2,3,2,2,2
43,4,3,3,3,2,3,3,3,3,2,3,2,3,3,3,3,3,2,3,3,2,3,3,3,3,2,3,3,3,3,2,3,3
44,4,2,3,2,2,3,3,3,3,3,2,3,3,3,2,2,3,2,3,3,3,2,3,3,2,3,2,3,2,3,2,2,3
45,4,2,2,2,2,2,3,2,2,2,2,3,2,2,3,2,3,3,2,2,3,2,2,2,3,3,3,2,2,2,2,3,3
46,4,2,2,3,2,2,3,2,2,2,3,2,2,3,2,3,3,3,3,3,3,3,2,2,2,3,3,2,2,3,2,3,3
47,4,2,2,2,2,3,2,2,3,3,2,3,2,3,2,3,2,2,2,2,3,3,3,3,3,2,2,2,3,3,2,3,3
48,4,2,2,2,2,3,2,3,2,2,3,2,3,3,2,3,3,2,2,3,3,2,2,2,2,3,2,2,2,3,2,2,8
49,4,2,2,3,2,3,2,3,2,2,2,2,2,3,2,2,2,2,2,2,2,3,2,2,2,2,3,3,3,2,2,3,3
50,4,2,3,2,2,2,3,2,2,3,2,3,2,2,2,2,2,2,2,3,3,2,2,3,2,2,3,3,2,2,3,3,2
51,4,2,2,2,2,2,2,2,2,2,2,2,2,3,2,5,2,2,2,3,3,2,3,2,2,2,2,3,2,2,2,2,3
52,4,2,3,2,2,2,2,2,2,2,3,2,2,2,2,2,2,3,2,2,2,2,2,2,2,2,2,3,2,5,2,2,2
53,4,2,2,3,2,2,2,2,3,2,2,3,2,2,2,2,2,2,3,2,2,2,2,2,3,2,2,2,2,3,3,2,3
54,4,2,2,3,3,2,3,3,3,2,2,3,2,3,2,3,3,3,3,2,3,2,3,3,3,2,2,2,2,3,2,3,3
55,4,2,2,3,3,2,2,3,2,2,2,2,8,2,2,3,2,2,2,2,2,3,2,2,2,3,3,2,2,2,2,3,2
56,4,1,1,2,3,3,3,1,3,3,3,3,3,3,7,1,1,3,3,3,3,3,3,7,3,7,3,3,7,1,1,3,3
57,4,1,3,7,1,1,1,3,1,1,4,1,7,2,1,3,1,1,3,1,1,1,3,3,1,1,1,1,3,2,3,1,1
58,4,1,7,7,3,2,7,3,3,3,7,7,2,7,3,7,3,7,7,3,3,7,1,7,1,7,3,7,7,7,3,1,7
59,4,1,1,2,2,3,1,1,3,2,2,1,2,3,1,3,1,1,1,1,1,3,1,2,1,7,1,1,2,1,1,2,2
60,4,1,7,7,3,3,7,3,7,3,7,7,7,1,1,1,7,7,1,1,3,1,7,2,1,7,7,1,7,3,7,7,3
61,4,1,7,3,7,1,7,3,3,1,7,3,7,7,3,3,3,7,7,2,7,1,2,1,2,7,3,7,1,7,2,7,7
62,4,1,3,7,7,7,1,3,1,3,3,7,1,1,3,3,3,1,2,1,1,1,7,2,2,7,7,1,7,7,2,3,1
63,4,2,2,2,2,2,2,2,2,2,3,2,3,2,2,2,2,2,2,2,2,2,2,2,2,2,2,2,2,2,2,2,2
64,4,2,2,3,2,2,2,3,2,2,2,2,2,2,8,2,2,2,3,2,2,2,3,2,2,2,2,2,2,2,2,2,2
65,4,2,2,2,2,2,2,2,2,2,2,2,3,2,2,3,2,2,2,2,2,2,2,2,2,2,2,2,2,2,2,2,2
66,4,2,2,2,2,2,2,2,2,2,2,2,2,2,2,2,2,2,2,2,2,2,2,3,2,2,2,3,2,2,2,2,2
67,4,2,2,2,2,2,2,2,2,3,2,2,2,2,2,8,2,3,3,2,2,2,2,2,2,2,2,3,2,2,2,2,2
68,4,2,3,3,2,2,2,2,2,3,3,2,2,2,2,2,2,2,2,2,2,2,2,2,2,2,2,2,2,2,2,2,2
69,4,2,2,3,2,2,2,2,2,2,2,2,2,2,2,2,2,2,2,2,2,2,3,2,2,2,2,2,2,2,2,2,2
70,4,2,3,2,2,2,2,2,3,2,2,2,2,2,2,2,2,2,2,2,2,2,2,2,2,3,2,2,2,2,2,2,2
71,4,2,2,2,2,2,2,2,2,2,3,2,2,2,2,2,2,2,5,2,2,2,2,2,2,2,2,2,2,2,2,2,2
72,4,2,2,2,2,2,2,3,2,3,2,2,2,2,2,2,2,2,2,2,2,2,2,2,2,2,2,2,2,2,2,3,5
73,4,2,3,2,2,2,2,2,2,2,2,2,2,2,2,2,2,2,2,2,2,2,2,3,2,2,2,2,2,2,2,2,2
74,4,2,2,2,2,3,2,2,2,2,2,2,2,2,2,2,3,2,2,2,2,2,2,2,2,2,3,2,2,2,2,2,2
75,4,2,2,2,2,2,2,2,2,2,2,3,3,2,2,2,2,2,2,2,2,2,2,2,2,2,2,2,2,2,2,2,3
76,4,2,2,2,2,2,2,2,2,2,2,2,2,3,3,2,2,2,2,2,2,2,2,2,3,3,3,2,3,2,3,2,2
77,4,2,2,2,2,2,2,2,2,2,3,3,2,2,2,2,2,2,2,2,2,3,3,3,2,2,3,3,2,3,2,2,2
78,4,2,2,2,2,2,2,2,2,2,2,2,2,2,2,2,2,2,2,2,3,2,2,2,2,2,2,2,2,2,2,2,2
79,4,3,3,3,3,2,2,2,2,3,2,2,2,3,3,3,3,3,3,3,2,2,3,3,3,2,3,2,3,3,2,3,3
80,4,3,2,3,3,2,3,2,5,5,2,3,3,5,3,3,2,3,3,3,2,3,3,2,3,3,3,3,3,5,3,3,3
81,4,3,3,3,2,2,3,3,3,5,5,3,5,3,3,3,3,3,3,3,2,3,3,5,5,3,3,3,3,3,5,3,3
82,4,2,3,3,2,2,2,3,2,2,3,3,3,2,3,2,2,3,2,2,2,3,2,3,3,3,2,2,3,3,2,3,2
83,4,2,3,3,2,3,2,2,3,2,2,3,2,2,2,3,3,2,2,2,3,2,3,3,3,2,3,3,3,2,2,3,2
84,4,2,3,2,2,3,3,3,2,3,2,2,3,3,2,3,3,3,3,3,2,3,3,3,3,3,3,3,2,2,3,2,2
85,4,3,3,3,2,3,2,2,3,2,2,2,2,3,3,3,3,3,3,2,3,2,2,2,5,2,2,2,2,2,2,3,3
86,4,3,2,3,3,3,2,2,2,2,2,3,3,3,2,2,2,2,2,3,2,3,3,3,2,3,3,3,2,3,2,3,3
87,4,3,3,3,3,3,3,3,3,3,3,3,2,3,3,3,3,3,3,3,3,3,3,3,3,3,3,3,3,3,3,3,2
88,4,3,3,3,3,3,3,3,3,3,2,3,3,3,3,3,3,3,2,3,3,3,3,2,2,3,3,3,3,3,3,2,3
89,4,3,3,3,3,3,3,3,3,3,3,3,3,3,3,3,3,3,3,3,3,3,2,3,3,3,3,3,3,3,3,3,3
90,4,3,2,3,3,2,3,3,3,3,3,3,3,3,3,3,3,3,3,3,3,3,3,3,3,3,3,3,3,3,3,3,3
91,4,2,2,3,3,2,3,2,2,3,3,3,3,2,3,3,3,2,2,3,3,2,3,3,2,3,3,2,2,2,2,2,3
92,4,3,3,2,3,3,3,5,3,2,2,3,3,3,3,2,3,3,3,2,3,3,3,3,3,3,3,3,3,3,2,3,3
93,4,3,3,2,3,3,2,3,3,3,3,2,2,2,2,3,3,2,2,2,3,3,3,3,2,3,3,3,3,3,2,2,3
94,4,3,3,3,3,3,3,3,3,3,3,3,3,2,3,3,2,3,3,3,3,3,3,3,3,3,3,3,3,3,3,3,3
95,4,3,3,3,3,3,2,3,3,3,3,3,3,3,3,3,2,3,2,3,3,3,3,3,3,3,3,3,3,3,3,3,3
96,4,3,3,3,2,2,3,2,2,3,3,2,3,2,3,2,3,3,3,3,3,3,3,3,3,3,2,3,3,3,3,3,3
97,4,3,3,3,2,3,3,3,3,3,3,3,3,3,2,3,3,3,3,7,2,3,7,5,3,3,3,3,3,3,3,3,3
98,4,2,2,3,2,2,2,3,2,2,2,2,3,2,3,2,2,2,3,3,2,2,2,2,3,2,2,2,3,2,2,2,2
99,4,2,2,2,2,2,2,2,2,3,2,2,2,2,2,2,3,2,2,2,2,2,2,2,2,2,2,3,2,5,2,3,2
100,4,2,2,2,3,2,2,2,2,2,2,5,2,2,2,2,3,2,2,3,2,2,2,5,2,2,2,2,2,3,2,2,3
101,4,2,2,2,3,2,2,3,2,2,2,2,2,3,2,2,3,3,3,2,2,2,2,2,2,2,3,2,2,2,2,2,3
102,4,2,2,2,2,3,2,2,3,3,2,2,2,2,2,2,3,2,3,2,2,2,7,2,2,2,2,3,2,2,2,2,2
103,4,2,2,2,2,2,2,2,2,2,2,2,2,2,3,2,2,2,2,2,2,2,3,2,3,2,2,2,2,2,2,2,2
104,4,2,3,2,2,3,3,2,3,2,3,3,3,3,2,3,3,3,3,3,3,3,2,3,3,3,3,3,3,3,3,3,3
105,4,2,2,3,3,2,2,2,3,3,3,2,2,2,2,2,2,2,2,2,2,2,3,2,2,2,3,2,3,3,2,2,2
106,4,3,1,3,3,2,3,2,3,2,2,2,2,3,2,3,2,3,2,2,3,2,2,2,2,2,2,3,2,2,2,3,3
107,4,2,2,2,2,3,2,2,2,2,3,3,2,3,2,3,2,2,3,2,2,3,3,3,3,2,3,2,2,2,3,2,2
108,4,2,2,3,2,3,2,3,3,2,2,2,2,2,2,2,3,2,3,2,2,3,2,2,3,2,2,2,3,3,3,2,3
109,4,2,2,2,3,2,2,2,3,3,2,2,2,3,2,3,3,3,3,3,2,2,2,3,2,2,2,2,3,2,3,3,2
110,4,2,3,3,2,3,2,2,3,3,3,2,3,2,3,3,3,3,3,2,2,2,2,3,2,3,3,2,2,3,2,2,2
111,4,3,3,3,3,3,3,3,3,2,2,2,3,3,3,3,3,3,3,3,3,3,3,3,3,3,2,2,3,3,2,3,3
112,4,3,3,2,3,3,3,3,3,3,3,2,3,3,3,3,3,2,3,3,3,3,3,3,3,3,3,3,3,3,3,2,3
113,4,3,3,3,3,3,3,3,3,3,3,3,3,3,3,3,3,3,3,3,3,3,3,3,3,3,3,3,3,3,3,3,3
114,4,3,2,3,3,3,3,3,3,3,3,3,2,3,3,3,1,2,3,3,2,3,3,3,3,2,3,2,2,3,3,2,3
115,4,3,3,3,3,3,3,3,3,3,3,3,3,3,3,3,3,3,3,3,3,3,3,2,3,3,3,3,3,3,3,3,3
116,4,3,3,2,3,3,3,3,3,3,3,3,3,3,3,3,3,3,3,3,2,3,3,3,3,3,3,3,3,3,3,3,3
117,4,3,3,3,3,3,3,3,3,3,3,3,3,3,3,3,3,2,3,3,3,3,3,3,3,3,3,3,3,3,3,2,3
118,4,3,3,3,3,3,3,3,3,3,3,3,3,3,3,3,3,3,3,3,3,3,3,3,3,3,3,2,2,3,3,3,3
119,4,3,3,3,3,3,3,3,3,3,3,3,3,3,3,3,3,3,3,3,3,3,3,3,3,3,3,3,3,3,3,3,3
120,4,3,3,3,3,3,3,3,3,3,3,3,3,3,3,3,3,3,3,3,3,3,3,3,3,3,3,3,3,3,3,3,3
121,4,3,3,3,3,3,3,3,3,3,3,3,3,3,3,3,3,3,3,3,3,3,3,2,3,3,3,3,3,3,3,3,3
122,4,3,3,3,3,2,3,3,3,3,3,3,2,2,3,2,3,3,3,3,3,3,3,3,3,3,3,3,3,3,2,3,3
123,4,3,3,3,3,3,3,3,3,3,3,3,3,3,3,3,3,3,3,3,3,3,3,3,3,3,3,3,3,3,3,3,3
124,4,3,3,3,3,3,3,7,3,7,3,3,3,3,3,3,3,3,3,3,3,7,3,3,3,3,3,3,3,3,3,3,3
125,4,3,3,3,3,3,3,3,3,3,3,3,3,3,3,3,3,3,3,3,3,3,3,3,3,3,3,3,3,3,3,3,3
126,4,3,3,3,3,3,3,3,3,3,3,3,3,3,3,3,3,3,3,3,3,3,3,3,3,3,3,3,3,3,3,3,3
127,4,3,3,3,3,3,3,2,3,3,3,3,3,3,3,3,3,2,3,3,3,3,3,2,3,3,3,2,3,3,3,3,3
128,4,3,3,3,3,2,3,3,3,3,3,3,3,3,3,3,3,3,3,3,3,3,3,3,3,3,3,5,3,3,3,3,3
129,4,3,3,3,3,2,3,3,3,3,2,3,3,3,3,3,3,3,3,2,3,3,3,3,3,3,2,3,3,7,3,3,2
130,4,3,3,3,3,3,3,3,3,3,3,3,3,3,3,3,3,3,3,3,3,3,3,3,3,3,3,3,2,3,3,3,3
131,4,3,3,3,3,3,3,3,3,3,3,3,3,3,3,3,3,3,3,3,3,3,3,3,3,3,3,3,3,3,3,3,3
132,4,3,3,3,3,3,3,3,3,3,3,3,3,3,3,3,3,3,3,3,3,3,3,3,3,3,3,3,3,3,3,7,3
133,4,2,2,5,3,2,2,2,2,2,2,2,2,2,3,2,2,2,3,2,2,2,3,2,2,3,2,3,2,2,2,3,2
134,4,2,2,3,2,2,2,3,3,3,2,2,2,2,3,2,3,3,3,3,3,2,3,2,2,2,3,2,3,3,3,3,3
135,4,2,3,2,3,2,2,3,3,2,2,2,3,3,3,2,2,3,2,3,2,2,2,3,2,2,7,2,2,2,2,2,2
136,4,2,3,2,3,3,3,3,2,3,2,3,3,3,3,3,2,2,3,2,2,3,3,3,3,3,3,3,3,2,3,2,2
137,4,2,3,2,2,3,2,2,3,3,3,2,3,2,3,3,3,3,3,2,3,3,3,2,2,2,3,3,3,3,2,2,3
138,4,2,2,2,3,2,2,3,2,2,8,3,3,3,2,2,2,3,2,3,3,3,2,3,7,3,3,3,2,3,2,2,2
139,4,2,2,2,3,8,2,3,3,2,2,2,3,2,2,2,2,3,2,2,3,2,3,2,2,3,2,2,2,7,3,3,2
140,4,2,2,2,2,2,2,2,3,2,2,3,2,2,2,3,3,2,3,3,3,2,2,2,3,3,3,2,2,2,2,3,2
141,4,2,2,3,2,3,2,2,8,2,2,2,3,3,2,2,3,2,2,3,2,3,2,2,3,2,3,3,3,2,2,3,3
142,4,2,2,2,2,2,2,2,2,3,2,2,3,3,3,3,2,2,3,2,3,2,2,2,3,2,3,3,3,2,2,2,3
143,4,2,2,2,2,2,2,2,2,3,2,2,2,2,2,2,2,2,2,2,2,2,2,3,2,3,2,2,2,2,3,2,2
144,4,2,3,3,3,3,2,3,2,2,2,2,3,2,2,2,3,3,2,3,2,2,7,2,2,2,2,7,2,2,2,2,3
145,4,2,2,2,3,2,2,2,2,8,2,2,3,2,2,2,3,2,2,2,3,2,2,2,2,2,2,2,2,2,2,2,2
146,4,2,2,3,3,2,3,2,3,2,3,2,2,3,3,2,2,2,2,2,2,2,2,2,3,2,2,3,3,3,2,3,2
147,4,3,3,3,2,3,3,3,3,3,3,3,2,3,2,3,3,3,2,3,3,3,3,3,3,3,2,3,2,2,3,3,3
148,4,3,3,3,3,3,3,3,3,3,3,3,3,3,3,3,3,3,3,3,3,3,3,3,3,3,3,3,3,8,3,3,3
149,4,3,3,3,3,3,3,3,3,3,3,3,3,3,3,3,3,3,3,3,3,3,3,3,3,3,3,3,3,3,3,3,3
150,4,3,3,3,3,3,3,3,3,3,3,3,3,3,3,3,3,3,3,3,3,3,3,3,3,3,3,8,3,3,3,3,3
151,4,3,3,3,3,3,3,3,3,3,3,3,3,3,3,3,3,3,3,3,3,3,3,3,3,3,3,3,3,3,3,3,3
152,4,3,3,3,3,3,3,3,3,3,3,3,3,3,8,3,3,3,3,3,3,3,3,3,3,3,3,3,3,3,3,3,3
153,4,3,3,3,3,3,3,3,3,3,3,3,3,8,3,3,3,3,3,3,3,3,3,3,3,3,3,3,3,3,3,3,3
154,4,3,3,3,3,3,3,3,2,3,3,3,3,3,3,3,3,3,3,3,3,3,3,3,3,3,3,3,3,3,3,3,3
155,4,3,3,3,3,3,3,3,3,3,3,3,3,3,3,3,3,3,3,3,3,3,3,3,3,3,3,3,3,3,3,3,3
156,4,3,3,3,3,3,3,3,3,3,8,3,3,3,3,3,3,3,3,3,3,3,3,3,3,3,3,3,3,3,3,3,3
157,4,3,3,3,3,3,3,3,3,3,3,3,3,3,3,3,2,3,3,3,3,3,3,3,3,3,3,3,3,3,3,3,3
158,4,3,3,3,3,3,3,3,2,3,3,3,3,3,3,3,3,3,3,3,3,3,3,3,3,3,3,3,3,3,3,3,3
159,4,3,3,2,3,3,3,3,3,3,3,3,3,3,3,3,3,3,3,3,3,3,3,3,3,3,3,3,3,3,3,3,3
160,4,2,3,3,3,3,3,3,3,3,2,3,3,3,2,3,2,2,3,3,2,2,2,2,3,2,2,3,3,2,2,2,3
161,4,3,3,3,3,3,3,3,3,8,3,3,2,3,2,3,3,3,8,3,3,3,3,3,3,3,2,3,3,3,3,3,3
162,4,3,3,3,3,3,3,3,3,2,2,3,3,2,3,3,3,3,3,2,3,2,3,3,3,3,3,2,3,3,3,2,3
163,4,3,3,3,2,3,3,3,2,2,3,2,3,3,2,3,2,2,2,2,3,3,3,2,2,2,2,2,2,3,2,2,2
164,4,3,3,2,2,2,3,3,3,2,2,3,3,3,2,3,3,3,2,3,2,3,3,2,3,3,3,2,2,3,3,3,3
165,4,3,3,2,3,3,3,3,3,2,3,3,2,3,3,3,3,2,3,3,3,3,3,3,3,3,3,2,3,3,2,3,3
166,4,3,2,2,3,3,2,3,2,3,2,2,3,3,3,2,3,8,3,2,2,3,2,3,3,3,3,3,3,2,3,2,2
167,4,3,2,3,2,2,3,3,3,3,3,3,3,2,3,2,3,2,3,3,2,3,3,3,2,2,3,3,3,2,2,3,8
168,4,3,3,2,2,2,2,2,3,3,3,2,2,2,3,2,3,3,3,3,2,3,2,3,3,2,3,3,2,2,2,2,3
169,4,3,2,2,3,3,3,3,3,3,3,3,3,3,3,3,3,3,2,3,3,3,3,0,3,3,3,3,3,3,3,2,3
170,4,3,3,3,3,3,3,3,3,3,2,2,3,3,2,3,3,8,3,3,3,2,3,3,3,3,3,3,2,3,3,2,2
171,4,2,2,2,2,2,3,2,2,2,2,2,2,2,2,2,2,8,2,2,2,2,2,2,2,2,2,2,2,2,8,2,2
172,4,2,2,2,2,2,2,2,2,2,5,2,2,2,2,2,2,2,2,2,2,2,3,2,2,2,2,2,2,2,2,2,2
173,4,2,2,2,2,2,2,2,2,2,2,2,3,2,2,5,2,2,2,2,2,2,2,2,2,3,2,2,3,2,2,2,2
174,4,2,2,2,2,2,2,2,2,2,2,2,2,2,2,2,2,2,2,2,2,2,2,2,2,2,2,2,3,2,3,2,2
175,4,2,2,2,2,2,2,2,2,2,3,2,2,3,2,2,2,2,2,2,2,8,2,2,2,3,2,2,2,2,2,2,2
176,4,2,2,2,2,2,2,2,2,3,3,2,2,2,2,2,2,2,2,2,2,2,2,2,2,2,2,3,2,2,2,2,2
177,4,2,2,2,2,2,2,2,2,2,3,2,2,3,2,2,2,3,2,2,2,2,2,2,2,2,2,2,2,2,2,2,2
178,4,2,2,2,2,2,2,3,3,2,2,2,2,2,2,3,2,2,2,2,2,2,2,2,2,2,2,2,2,2,4,2,2
179,4,2,2,2,2,2,2,2,2,2,2,2,2,2,2,2,2,2,2,2,2,2,2,2,3,2,3,2,2,2,2,3,2
180,4,2,2,2,3,2,2,2,2,2,2,2,2,2,3,2,2,2,2,2,2,2,2,2,2,2,3,2,3,2,3,2,2
181,4,2,2,2,2,2,2,2,2,2,3,3,2,2,2,2,2,2,2,2,2,2,2,2,2,2,2,2,2,2,2,2,2
182,4,2,2,2,2,3,3,2,2,2,2,2,2,2,2,2,2,2,2,2,2,2,2,2,2,2,2,2,2,2,2,3,2
183,4,2,2,2,2,2,2,2,2,2,2,2,2,2,2,2,2,2,2,2,2,2,2,2,2,2,2,2,2,2,2,2,2
184,4,2,2,2,2,2,2,2,2,2,2,2,2,3,2,3,2,2,2,2,2,2,2,2,2,2,2,2,2,2,2,2,2
185,4,2,3,2,2,2,2,2,2,2,2,2,2,2,2,2,3,2,2,2,2,2,2,2,2,2,3,2,2,2,2,2,2
186,4,2,2,2,2,2,2,2,2,2,2,2,2,2,2,2,2,2,2,2,2,2,2,2,2,2,2,2,2,2,2,2,2
