[step, epoch, max]
0,0,3,3,3,3,3,3,3,3,3,3,3,3,3,3,3,3,3,3,3,3,3,3,3,3,3,3,3,3,3,3,3,3
1,0,3,3,5,3,3,3,3,5,3,3,3,3,3,3,3,3,3,3,3,3,3,3,3,3,3,3,3,3,3,3,3,3
2,0,3,3,3,3,3,3,3,3,3,3,3,3,3,3,3,3,3,3,3,3,3,3,3,3,3,3,3,3,3,3,3,3
3,0,4,4,4,7,4,3,4,4,4,1,4,4,4,4,4,4,4,4,1,4,4,4,7,4,7,4,4,4,4,4,4,4
4,0,4,4,5,4,4,4,4,3,4,5,4,4,4,4,4,4,4,4,4,4,4,4,4,4,4,4,4,4,4,2,4,4
5,0,1,1,5,1,1,1,1,5,2,1,1,1,7,1,1,1,1,1,1,1,1,5,1,3,1,1,7,1,1,1,1,1
6,0,1,1,1,1,1,1,1,1,1,1,4,4,1,1,1,1,1,1,1,1,1,1,1,3,4,1,3,1,3,1,1,1
7,0,1,1,1,1,1,1,1,1,1,7,1,1,1,1,1,1,1,3,3,1,1,1,5,1,1,5,1,1,1,1,1,1
8,0,1,1,1,1,1,1,1,1,1,1,1,1,1,1,1,3,1,1,1,1,1,1,3,5,3,1,1,1,1,5,1,1
9,0,1,1,1,1,5,3,3,1,5,1,1,1,1,1,3,1,1,5,1,1,1,3,1,5,3,1,4,1,1,1,1,3
10,0,1,1,1,1,5,3,3,1,7,1,1,1,3,3,1,1,3,1,1,1,1,3,3,1,1,3,1,3,1,5,1,5
11,0,3,3,3,5,3,5,3,1,3,3,3,3,3,3,3,3,5,3,3,3,1,1,3,5,3,3,3,3,3,1,3,1
12,0,3,3,3,8,3,3,3,3,3,3,4,3,3,3,3,3,3,3,3,3,3,3,1,3,3,3,3,3,3,7,3,3
13,0,1,1,1,3,1,1,1,1,3,3,1,3,1,1,1,1,1,5,3,3,3,5,1,5,3,1,5,3,3,1,1,3
14,0,5,3,5,3,3,3,3,5,3,3,3,3,5,3,5,5,5,5,7,3,3,3,5,5,3,5,3,5,5,3,5,3
15,0,3,5,5,5,5,5,5,5,5,5,5,3,7,3,1,5,5,5,3,5,5,1,3,5,5,5,5,5,5,5,5,1
16,0,5,5,3,3,3,5,5,1,3,6,3,3,3,3,3,3,1,3,5,1,5,5,5,5,3,5,3,5,3,3,3,5
17,0,5,3,1,5,5,5,1,5,5,3,1,3,3,1,5,5,1,5,3,5,5,5,5,5,1,3,3,5,3,5,5,5
18,0,3,3,3,3,3,3,3,3,3,3,3,3,3,3,3,3,3,3,3,3,3,3,3,3,3,7,3,5,3,3,3,3
19,0,3,3,3,3,3,3,1,3,3,1,3,3,3,3,3,3,3,3,3,7,1,1,3,3,3,3,3,3,3,3,3,3
20,0,3,1,3,3,3,1,7,3,3,1,3,3,3,3,1,3,3,3,3,3,3,3,3,1,3,3,3,3,1,3,3,3
21,0,1,1,3,3,1,3,3,3,3,3,3,3,3,3,3,3,3,3,3,3,1,1,3,3,1,7,3,1,3,3,3,3
22,0,3,3,3,3,1,3,3,3,3,3,5,3,3,3,3,3,1,3,1,3,1,3,3,3,3,3,3,3,3,1,3,3
23,0,3,3,3,3,3,3,3,3,3,3,3,2,3,3,3,3,3,3,3,3,3,3,3,1,3,1,3,3,3,3,3,3
24,0,3,3,3,3,3,3,3,3,3,3,3,3,3,3,1,3,3,3,3,3,3,3,3,3,3,3,3,3,3,3,3,3
25,0,3,3,3,3,3,3,3,3,3,3,3,3,3,3,3,3,1,3,3,3,3,3,3,3,3,3,3,3,3,3,3,3
26,0,3,3,3,3,3,3,3,3,3,3,3,3,3,3,3,3,3,3,3,3,3,3,3,3,3,3,3,3,3,3,3,3
27,0,3,3,3,3,3,3,3,3,3,3,3,3,3,3,3,3,3,3,3,3,3,3,3,3,3,3,3,3,3,3,3,3
28,0,3,3,3,3,3,3,3,2,3,3,3,3,3,3,3,3,3,3,3,3,3,3,3,3,3,3,3,3,3,3,3,3
29,0,3,3,3,3,3,3,3,3,3,3,3,3,3,3,3,3,3,3,3,3,3,3,3,3,3,3,3,3,3,3,3,3
30,0,3,3,3,3,3,3,3,3,3,3,3,3,3,3,3,3,3,3,3,3,3,3,3,3,3,3,3,3,3,3,3,3
31,0,3,3,2,2,3,7,3,2,3,3,3,3,2,2,3,3,3,3,2,2,7,2,1,3,3,2,3,3,3,3,2,3
32,0,2,3,2,3,2,3,3,3,3,3,3,3,2,3,3,3,3,3,3,3,2,3,2,2,2,2,3,2,2,3,2,2
33,0,2,3,3,2,3,2,2,2,2,2,2,2,3,2,2,2,3,3,3,2,3,2,2,2,3,3,2,3,3,2,3,3
34,0,3,2,3,3,3,3,3,3,3,3,3,2,3,2,3,3,2,3,2,3,3,3,3,3,3,3,3,3,3,3,3,2
35,0,2,3,3,3,3,3,3,3,2,2,3,3,2,2,3,3,2,8,2,3,3,3,2,2,3,3,3,2,2,3,3,3
36,0,3,3,3,3,3,2,3,3,3,3,3,3,3,3,3,3,3,3,3,3,3,3,3,3,3,3,2,3,3,3,3,7
37,0,3,7,3,5,3,3,3,3,3,3,3,3,3,3,3,3,3,3,3,3,3,3,3,3,2,2,3,5,3,3,3,3
38,0,3,3,3,3,3,3,3,3,3,3,3,3,3,3,3,3,3,3,3,3,3,3,3,3,3,3,3,3,3,3,3,3
39,0,3,3,3,3,3,3,3,3,3,3,3,3,3,3,3,3,3,3,3,3,3,3,3,3,3,3,3,3,3,3,3,3
40,0,3,3,3,3,3,3,3,3,2,3,3,3,3,3,3,3,3,3,3,3,3,3,3,3,3,3,3,3,3,3,3,3
41,0,3,3,3,3,3,3,3,3,3,3,3,3,3,3,3,3,3,3,3,3,3,3,3,3,3,3,3,3,3,3,3,3
42,0,3,3,3,3,3,3,3,3,3,5,3,3,3,3,3,3,3,3,3,3,3,3,3,3,3,3,3,3,1,3,3,3
43,0,3,3,3,2,3,3,3,3,3,3,3,3,3,3,3,2,3,3,3,3,3,3,3,3,3,3,3,3,3,3,7,3
44,0,3,3,3,4,3,3,3,7,3,3,3,3,3,3,3,3,3,3,1,3,3,3,3,3,3,3,3,3,3,3,3,3
45,0,3,3,3,3,3,3,5,3,3,3,3,1,3,3,3,3,3,3,3,3,3,3,3,3,3,3,3,3,3,3,3,3
46,0,3,3,3,3,1,3,3,3,3,3,3,3,3,3,3,3,3,3,3,3,3,3,3,3,3,3,3,3,3,3,3,7
47,0,3,3,3,3,3,3,3,3,3,3,3,3,3,3,3,3,3,3,3,3,3,3,3,3,3,3,3,3,3,3,3,3
48,0,3,3,5,3,3,3,3,3,3,3,3,3,3,3,3,3,3,3,3,3,3,3,3,3,3,3,3,3,3,3,3,3
49,0,3,3,3,3,3,3,3,3,3,3,3,3,3,3,3,3,3,3,5,3,3,3,3,3,3,3,3,3,3,3,3,3
50,0,3,3,3,3,3,3,3,3,3,3,3,3,3,3,3,3,3,3,3,3,3,3,3,3,3,3,3,3,3,3,3,3
51,0,3,3,3,3,3,3,3,3,3,3,3,3,3,3,3,3,3,3,3,3,3,3,3,3,3,3,3,3,3,3,3,3
52,0,3,3,3,3,3,3,3,3,3,3,3,3,3,3,3,3,3,3,3,3,3,3,3,3,3,5,3,3,3,3,3,3
53,0,7,7,7,3,7,7,7,7,3,7,7,7,7,7,7,2,3,3,2,7,3,7,7,7,2,7,3,7,7,7,3,7
54,0,3,7,3,3,7,7,3,3,3,7,7,7,7,7,3,7,7,7,3,7,7,7,7,2,3,3,3,3,7,3,3,3
55,0,7,7,7,3,7,7,7,2,2,3,4,7,7,7,7,2,7,7,7,7,3,7,3,2,7,3,7,7,7,7,7,7
56,0,7,7,7,3,2,7,7,7,7,7,7,7,7,3,7,7,7,7,7,7,7,3,2,3,7,7,7,7,7,7,7,7
57,0,7,7,7,3,7,7,7,7,7,7,3,7,7,7,7,7,7,3,7,7,7,7,7,7,4,7,7,7,7,7,7,7
58,0,1,7,1,3,7,3,7,1,3,3,3,1,1,3,7,7,7,1,1,1,7,3,4,3,7,3,3,7,7,3,1,3
59,0,7,7,7,3,1,3,1,7,1,3,3,7,3,3,3,7,7,3,1,7,7,7,7,3,7,7,3,3,7,3,3,7
60,0,2,2,1,3,1,3,1,3,1,2,2,3,1,3,2,3,2,3,1,3,3,2,1,1,2,5,1,2,1,1,3,2
61,0,2,2,3,2,3,3,2,2,2,3,2,2,3,2,3,2,2,3,2,2,2,2,2,4,3,2,2,3,3,3,2,2
62,0,2,2,3,3,2,3,2,2,7,3,3,3,2,2,7,2,2,3,7,2,3,2,3,2,3,2,2,3,8,5,3,3
63,0,2,2,3,2,3,2,2,2,2,2,2,2,2,3,2,3,2,2,2,3,3,3,3,2,2,2,3,3,3,2,2,2
64,0,2,2,1,3,5,5,2,2,2,5,1,3,2,3,3,2,3,5,1,2,2,5,3,3,2,3,2,2,2,2,5,5
65,0,2,2,2,2,5,5,2,5,3,2,2,3,2,2,3,2,2,3,2,5,2,2,2,3,2,1,2,5,5,2,2,5
66,0,3,2,1,3,3,2,1,3,3,3,2,2,3,2,2,3,3,3,2,3,3,2,1,2,3,3,3,3,3,2,3,1
67,0,2,2,2,5,3,2,2,1,3,2,3,2,2,3,3,3,2,3,2,2,3,2,3,2,3,2,3,2,2,3,2,3
68,0,2,2,3,2,2,2,5,2,2,3,3,5,3,2,2,2,3,3,2,2,2,3,3,2,2,2,2,2,3,3,2,3
69,0,3,3,2,3,3,3,3,5,3,3,3,3,3,3,3,3,3,3,3,3,3,3,3,3,3,3,3,3,3,3,3,2
70,0,3,3,3,3,3,3,3,2,2,3,7,3,3,3,3,3,3,1,3,3,3,3,3,3,3,3,3,3,3,3,3,3
71,0,3,3,3,3,1,1,3,3,3,3,3,3,3,1,3,1,3,3,3,3,3,3,3,3,3,3,3,3,3,1,3,3
72,0,3,3,1,3,3,3,3,3,3,3,3,3,3,3,3,3,1,3,1,3,3,3,3,1,1,3,3,1,3,3,3,3
73,0,3,3,3,3,3,1,3,3,3,3,3,3,3,1,3,3,1,3,3,3,1,1,3,3,3,3,3,1,3,3,3,1
74,0,1,3,3,1,1,1,3,1,1,3,1,3,1,1,3,3,1,3,1,3,3,3,3,1,1,1,1,1,3,1,1,1
75,0,1,3,2,3,3,1,3,1,3,1,3,1,1,1,1,3,1,1,3,1,3,2,3,3,1,3,1,1,1,1,1,1
76,0,1,1,1,3,1,3,1,1,1,1,1,3,1,1,1,1,1,1,3,1,1,1,1,3,1,1,3,1,3,1,1,3
77,0,3,3,3,3,3,1,3,3,1,2,3,3,3,7,3,3,3,3,5,7,1,3,3,3,3,3,3,3,3,3,3,3
78,0,3,3,3,1,3,1,3,7,1,3,3,3,2,1,3,1,1,1,3,3,3,3,3,1,1,2,3,7,3,7,3,3
79,0,1,1,1,1,1,3,7,1,1,1,3,1,3,1,1,1,7,1,1,3,1,1,1,3,1,1,1,1,1,3,1,1
80,0,1,1,1,1,1,3,1,1,1,1,1,1,3,1,1,1,1,3,1,1,1,1,3,1,3,1,1,1,1,1,1,1
81,0,1,1,3,3,1,7,1,1,1,1,3,1,1,1,3,1,1,1,7,3,3,3,1,1,3,3,1,1,3,1,3,3
82,0,1,1,3,3,1,1,1,1,1,1,1,1,1,3,1,1,3,1,3,3,1,1,1,3,3,3,3,1,3,1,1,1
83,0,1,3,1,3,1,3,1,3,3,3,1,1,3,1,1,3,3,1,3,1,1,1,1,3,1,3,1,1,1,1,1,3
84,0,1,1,1,1,1,1,3,5,1,1,3,1,1,3,3,1,1,1,1,1,1,1,1,1,1,3,1,1,1,3,1,1
85,0,3,3,3,3,3,3,3,3,1,3,3,1,3,3,3,3,3,3,3,3,3,3,1,3,3,3,3,3,3,1,3,3
86,0,3,3,1,1,3,1,3,3,1,1,1,1,3,3,3,1,3,3,3,3,3,3,1,3,3,1,3,1,1,1,3,1
87,0,3,3,3,3,3,3,3,1,1,3,3,1,1,1,1,3,3,3,3,1,3,7,1,3,3,3,1,1,1,3,3,3
88,0,3,3,3,3,3,3,1,3,3,3,3,3,3,3,3,1,3,1,3,1,1,3,1,3,3,1,1,3,1,3,3,3
89,0,3,1,1,3,1,3,3,3,3,3,1,5,3,3,3,3,1,3,3,1,5,3,5,1,3,3,3,3,3,1,3,3
90,0,3,3,3,7,3,1,3,1,1,3,7,3,3,3,7,1,3,3,3,1,3,1,3,3,1,3,7,1,3,3,3,7
91,0,7,3,7,7,1,3,7,7,3,1,1,7,7,7,3,7,1,1,7,7,1,3,1,7,1,3,7,7,7,7,7,1
92,0,1,3,1,1,1,1,3,1,1,3,3,3,1,3,1,3,1,1,1,1,1,1,1,1,1,3,1,1,1,1,1,1
93,0,1,3,1,1,3,3,1,1,3,1,1,3,1,3,1,3,1,1,1,3,1,1,1,1,1,1,3,3,1,3,1,7
94,0,1,1,1,1,3,1,1,3,1,1,1,1,1,1,1,1,1,3,1,1,1,3,1,3,1,1,3,1,1,1,1,1
95,0,1,3,3,1,1,1,1,1,1,1,1,1,3,1,3,1,3,1,1,1,1,2,1,1,3,1,1,1,3,1,1,1
96,0,1,1,1,3,1,1,1,1,1,1,1,3,1,3,1,3,1,3,1,1,1,1,1,1,1,1,1,1,1,1,1,1
97,0,1,1,1,1,1,1,1,1,1,1,2,1,1,3,3,1,1,1,1,1,1,1,1,1,1,3,1,3,1,3,1,1
98,0,1,1,1,1,1,1,1,1,1,3,1,1,1,1,1,3,1,1,1,3,3,2,1,3,1,3,1,1,2,1,3,1
99,0,1,1,1,1,1,1,1,1,1,1,1,1,1,1,1,1,1,1,1,1,1,1,1,1,1,1,1,1,1,1,1,1
100,0,1,1,1,1,1,1,3,1,1,1,1,1,1,1,1,1,1,1,1,1,1,1,1,1,1,1,1,1,1,1,1,1
101,0,1,1,1,1,1,1,1,1,1,1,1,1,1,1,1,1,1,1,1,1,1,1,1,1,1,1,1,1,1,1,1,1
102,0,1,1,1,1,1,1,1,1,1,1,1,1,1,1,1,1,1,1,1,1,1,1,1,1,1,1,1,1,1,1,1,1
103,0,1,1,1,1,1,1,1,1,1,1,1,1,3,1,1,1,1,1,1,1,1,1,1,1,1,1,1,1,3,1,1,1
104,0,1,1,1,1,1,1,1,1,1,1,1,1,1,1,1,1,1,1,1,1,1,1,1,1,1,1,1,1,1,1,1,1
105,0,1,1,1,1,1,1,1,1,1,1,1,1,1,1,4,1,1,1,1,1,1,1,2,1,2,1,1,1,1,1,1,1
106,0,2,2,1,2,2,2,2,1,2,2,2,2,2,2,2,2,3,2,2,2,1,2,2,2,2,2,2,2,2,2,2,3
107,0,2,2,2,2,2,2,2,2,2,1,2,2,2,2,2,2,2,2,2,3,2,2,1,2,2,2,2,2,2,2,2,2
108,0,2,2,2,2,2,2,2,2,2,2,1,2,2,2,2,2,2,2,2,3,2,2,2,2,2,2,2,2,2,2,2,2
109,0,2,2,2,2,2,2,2,2,2,2,2,2,2,2,2,2,2,2,2,3,2,2,2,2,2,2,3,2,2,2,2,2
110,0,3,3,3,3,3,3,3,3,3,3,3,3,3,3,3,3,3,3,3,3,3,3,3,3,3,3,3,3,3,3,3,1
111,0,3,3,3,3,3,3,3,3,3,3,3,3,3,3,3,3,3,1,1,3,3,3,3,3,3,3,3,3,3,3,3,3
112,0,3,3,3,3,3,3,3,3,3,3,3,3,3,3,3,3,3,3,3,3,3,3,3,3,3,3,3,3,3,3,3,7
113,0,3,3,3,3,3,3,3,3,3,7,3,3,3,3,3,3,3,3,3,3,3,3,3,3,3,3,3,3,3,3,3,3
114,0,3,3,3,3,3,3,3,3,3,3,3,3,3,3,3,3,3,3,3,3,3,3,3,3,3,3,3,3,3,3,3,3
115,0,3,3,3,3,3,3,3,3,3,3,3,3,3,3,3,3,3,3,3,3,3,3,3,3,3,3,3,3,3,3,3,3
116,0,3,3,3,3,3,3,3,3,3,3,3,3,3,3,3,3,3,3,3,3,3,3,3,3,3,3,3,3,3,3,3,3
117,0,3,3,3,3,3,3,3,3,3,3,3,3,3,3,3,3,3,3,5,3,3,3,3,3,3,3,3,3,3,3,3,3
118,0,3,3,3,3,3,3,3,3,3,3,3,3,3,3,3,3,3,3,3,3,3,3,3,3,3,3,3,3,3,3,3,3
119,0,3,3,3,3,3,3,3,3,3,3,3,3,3,3,3,3,3,3,3,3,3,3,3,3,3,3,3,3,3,3,3,3
120,0,3,3,3,3,3,3,3,4,3,3,3,3,3,3,3,3,3,3,3,3,3,3,3,3,3,3,3,3,3,3,3,3
121,0,3,3,3,3,3,3,3,3,3,3,3,3,3,3,3,3,3,3,3,3,3,3,3,3,3,3,3,3,3,3,3,3
122,0,3,3,3,3,3,3,3,3,3,3,3,3,3,3,3,3,3,3,3,3,3,3,3,3,3,3,3,3,3,3,3,3
123,0,3,3,3,3,3,3,2,3,3,3,3,3,3,3,3,3,3,3,3,3,3,3,3,3,3,3,3,3,3,3,3,3
124,0,3,3,3,3,3,3,3,3,3,3,3,3,3,3,3,3,3,3,3,3,3,3,3,3,3,3,3,3,3,3,3,3
125,0,3,3,3,3,3,3,3,3,3,3,3,3,3,3,3,3,3,3,3,3,3,3,3,3,3,3,3,3,3,3,3,3
126,0,3,3,3,3,3,3,3,3,3,3,3,3,3,3,3,3,3,3,3,3,3,3,3,3,3,3,3,3,3,3,3,3
127,0,3,3,3,3,3,3,3,3,3,3,3,3,3,3,3,3,3,3,3,3,3,3,3,3,3,3,3,3,3,3,3,3
128,0,3,3,3,3,3,3,3,3,3,3,3,3,3,3,3,3,3,3,3,3,3,3,3,3,3,3,3,3,3,3,3,3
129,0,3,3,3,3,3,3,3,3,3,3,3,3,3,3,3,3,3,3,3,3,3,3,3,3,3,3,3,3,3,3,3,3
130,0,3,3,3,3,3,3,3,3,3,3,3,3,3,3,3,3,3,3,3,3,3,3,3,3,3,3,3,3,3,3,3,3
131,0,3,3,3,3,3,3,3,3,3,3,3,3,3,3,3,3,3,3,3,3,3,3,3,3,3,3,3,3,3,3,3,3
132,0,3,3,3,3,3,3,3,3,3,3,3,3,3,3,3,3,3,3,3,3,3,3,3,3,3,3,3,3,3,3,3,3
133,0,3,3,3,3,3,3,3,3,3,3,3,3,3,3,3,1,3,3,3,3,3,3,3,3,3,3,3,3,3,3,3,3
134,0,3,3,3,3,3,3,3,3,3,3,3,3,3,3,3,3,3,3,3,3,3,3,3,3,3,3,3,3,3,3,3,3
135,0,3,3,3,3,3,3,3,3,3,3,3,3,3,3,3,3,3,3,3,3,3,3,3,3,3,3,3,3,3,3,3,3
136,0,5,3,3,3,3,3,3,3,5,3,5,3,3,3,5,3,3,3,3,3,3,3,3,3,5,3,3,3,3,3,3,3
137,0,3,3,1,7,3,3,3,3,3,3,3,3,3,7,3,3,3,3,3,3,3,3,3,3,3,3,3,3,3,3,3,3
138,0,1,3,1,1,3,3,1,1,1,1,1,1,1,1,1,3,1,3,1,1,1,1,3,1,1,3,1,3,3,3,1,1
139,0,1,1,1,1,1,1,1,1,1,1,1,1,3,1,1,5,1,3,1,5,1,1,3,1,1,1,1,1,1,1,1,1
140,0,1,3,1,1,1,1,3,1,1,1,5,1,1,3,3,1,3,1,1,3,3,1,3,3,3,1,1,1,1,1,3,1
141,0,1,3,3,3,1,5,1,3,1,3,1,1,1,3,1,1,3,3,1,3,1,1,3,3,3,1,3,3,3,3,3,1
142,0,1,3,3,1,1,1,1,1,1,3,3,1,3,1,1,1,1,3,1,1,1,1,3,3,1,1,3,3,1,1,3,1
143,0,1,3,3,1,1,1,1,1,1,1,1,1,1,1,3,1,1,3,1,1,3,1,1,1,1,1,1,1,3,3,3,1
144,0,3,1,3,1,1,1,3,1,3,3,1,1,1,1,3,3,3,3,1,1,3,1,3,1,1,1,1,1,1,3,1,1
145,0,3,3,3,3,3,3,3,3,3,3,3,3,3,3,3,3,3,3,3,3,3,3,3,3,3,3,3,3,3,3,3,3
146,0,3,3,3,1,3,5,3,3,3,3,3,3,3,3,3,3,3,3,3,3,3,3,3,3,3,3,3,3,3,3,3,3
147,0,3,3,3,3,3,3,3,3,3,3,3,3,3,7,3,1,3,3,3,3,3,3,3,3,3,3,3,3,1,1,3,3
148,0,3,3,1,3,3,3,3,3,3,3,3,3,1,1,3,3,1,3,3,3,3,1,3,3,3,1,3,3,3,1,3,3
149,0,3,3,3,1,1,3,3,3,1,3,3,3,3,3,3,3,3,3,1,3,3,3,3,3,3,3,1,3,3,3,3,3
150,0,3,1,3,3,3,3,3,3,3,3,3,3,1,3,3,3,3,3,3,1,3,3,3,3,3,3,3,3,3,3,3,3
151,0,3,3,3,1,1,3,3,3,3,1,3,3,3,3,3,3,3,3,3,3,3,3,3,3,3,3,3,3,1,3,5,3
152,0,3,3,3,3,3,3,1,3,3,3,3,3,3,3,3,3,3,3,3,3,3,3,3,3,3,3,3,5,3,3,1,3
153,0,3,3,3,3,3,3,3,3,3,3,3,3,3,1,3,3,3,3,1,3,5,3,1,3,3,3,3,3,3,3,3,3
154,0,3,1,1,3,3,3,3,3,3,3,3,3,3,3,3,3,3,3,3,3,3,3,3,3,3,3,3,3,3,3,3,3
155,0,3,3,3,3,1,3,3,3,3,3,3,3,3,3,3,3,3,3,3,3,3,3,3,3,3,1,3,3,3,3,3,3
156,0,3,3,3,3,3,3,3,3,3,3,3,3,3,3,3,1,3,3,1,3,3,3,3,3,3,3,3,3,3,3,3,1
157,0,3,3,3,3,3,3,3,3,3,3,3,3,3,1,3,3,3,3,3,3,3,3,3,3,3,3,3,3,3,3,3,3
158,0,3,3,3,3,3,3,1,3,3,3,3,3,2,3,3,3,3,3,3,3,3,1,3,3,3,3,3,3,3,3,3,3
159,0,3,3,3,3,3,3,1,3,3,3,3,3,3,3,2,3,3,3,1,3,3,3,3,3,3,3,3,3,3,3,1,3
160,0,3,3,3,3,3,3,3,3,3,3,3,2,3,3,3,3,3,3,2,3,3,3,1,2,3,3,3,3,3,3,2,3
161,0,3,2,3,3,3,3,3,3,2,2,3,3,3,3,3,3,3,3,3,3,3,3,3,1,3,3,3,3,3,3,3,3
162,0,3,3,3,3,3,3,3,3,3,3,3,2,3,3,3,3,3,3,3,3,3,3,3,3,3,3,2,3,3,3,3,3
163,0,3,3,3,3,3,3,3,3,3,3,3,3,3,3,3,3,3,3,3,3,3,3,3,3,3,3,3,3,3,3,3,3
164,0,3,3,3,3,2,3,3,2,2,2,3,2,3,3,3,3,3,3,3,3,3,3,3,3,3,3,3,3,2,2,3,3
165,0,3,3,3,3,3,3,3,3,3,3,3,3,3,3,3,3,3,3,7,3,3,3,3,3,3,3,3,3,3,3,3,3
166,0,3,3,3,3,3,3,3,3,3,3,3,3,3,3,3,3,3,3,3,3,3,3,3,3,3,3,3,3,3,3,3,3
167,0,3,3,3,3,3,3,3,3,3,3,3,3,3,3,3,3,3,3,3,3,3,3,3,3,3,3,3,3,3,3,3,3
168,0,3,3,3,2,3,3,3,3,3,3,2,3,3,3,3,3,3,3,3,3,3,3,3,3,3,3,3,3,3,3,3,3
169,0,3,2,3,3,3,3,3,3,3,3,2,3,3,3,3,3,3,3,3,3,3,3,3,3,2,3,3,3,3,3,3,3
170,0,3,3,3,3,3,3,3,3,3,3,3,3,3,3,3,3,2,2,3,3,3,3,3,3,3,3,3,3,3,3,3,3
171,0,3,3,3,3,3,3,3,3,3,3,5,3,3,3,3,3,3,3,3,3,3,3,3,3,3,5,3,3,3,3,3,3
172,0,3,3,1,3,3,3,3,3,3,3,5,3,3,3,3,3,3,3,3,3,5,3,3,3,3,3,3,3,3,3,5,3
173,0,3,3,3,5,3,3,3,3,3,3,3,3,3,3,3,3,3,3,3,3,3,3,3,3,3,3,3,3,3,3,3,3
174,0,3,3,3,3,3,3,3,2,3,3,3,3,3,3,3,5,3,3,3,3,3,3,3,3,5,3,3,3,3,3,3,5
175,0,3,3,3,3,1,3,3,3,3,3,3,3,3,3,3,3,3,3,3,3,3,3,3,3,3,3,3,3,3,3,3,3
176,0,3,3,3,3,3,3,3,3,3,3,3,3,3,3,3,3,3,3,3,3,3,3,3,3,3,3,3,3,3,3,3,3
177,0,3,3,3,3,3,3,3,3,3,3,3,5,3,3,3,3,3,3,3,3,3,3,3,3,3,1,3,3,3,3,3,3
178,0,3,3,3,3,3,3,3,3,3,3,3,3,3,3,3,3,3,3,1,3,3,3,3,3,3,3,3,3,3,3,3,3
179,0,3,3,3,3,3,3,3,1,3,3,3,3,3,3,3,3,3,3,3,3,3,3,3,3,3,3,3,3,3,3,3,3
180,0,3,3,3,3,3,3,3,3,3,3,3,3,3,3,3,3,3,3,3,3,3,3,3,3,3,3,3,3,3,3,3,3
181,0,3,3,3,3,3,3,3,3,3,3,3,3,3,3,3,3,3,3,3,3,3,3,3,3,3,3,3,3,3,3,3,3
182,0,3,3,3,3,3,3,3,3,3,3,3,3,3,3,3,3,3,3,3,3,3,3,3,3,3,3,3,3,3,3,3,3
183,0,3,3,3,3,3,3,3,3,3,3,3,3,3,3,3,3,3,3,3,3,3,3,3,5,3,3,3,3,3,3,3,3
184,0,3,3,3,3,3,3,3,3,3,3,3,3,3,3,3,3,1,3,3,3,3,3,1,3,3,3,3,3,3,3,3,3
185,0,3,3,3,3,3,3,1,1,3,3,1,3,3,3,3,1,3,3,1,3,3,3,3,3,3,3,3,3,3,3,3,3
186,0,3,1,3,3,3,3,3,3,3,3,3,3,3,3,5,3,3,3,3,3,3,3,3,3,3,3,3,3,3,3,3,3
187,0,3,3,1,3,3,3,3,3,3,3,3,3,3,3,3,3,3,3,3,3,3,3,3,5,1,3,3,3,3,3,3,3
188,0,3,3,3,3,3,3,3,3,1,3,3,3,3,3,3,3,3,1,3,3,3,3,3,3,3,3,3,1,3,3,3,3
189,0,3,3,3,3,3,1,3,1,3,1,1,1,3,1,3,1,3,5,3,1,3,3,3,1,1,3,3,1,5,1,7,1
190,0,3,3,3,3,3,3,3,3,3,3,1,3,1,3,3,3,3,3,3,3,3,3,3,5,3,3,3,1,3,3,3,1
191,0,3,3,3,3,3,3,3,3,3,1,5,3,5,3,3,3,3,3,3,3,3,3,3,1,3,1,1,3,3,1,3,1
192,0,3,1,3,3,3,3,5,3,3,3,3,3,3,1,3,3,3,3,3,5,3,3,3,3,5,3,3,3,3,3,3,3
193,0,3,3,3,3,3,3,3,3,1,3,3,3,3,3,3,3,3,3,3,3,2,3,3,3,3,3,3,3,3,3,3,3
194,0,3,3,3,3,3,3,3,3,1,3,3,3,3,3,3,3,3,3,5,3,3,3,3,3,3,3,3,3,3,3,3,3
195,0,3,5,3,3,3,3,2,3,1,1,1,1,3,1,3,3,3,3,3,3,3,1,2,3,3,3,1,3,1,3,2,2
196,0,3,3,3,1,3,2,3,3,3,3,2,1,3,3,3,3,3,1,1,2,3,3,3,3,3,3,3,3,2,3,1,3
197,0,3,2,3,3,3,1,2,1,3,3,2,2,3,3,1,3,3,3,1,3,3,2,3,3,1,1,3,3,3,3,3,3
198,0,3,5,3,3,3,3,1,2,2,3,5,3,3,1,3,3,3,2,1,3,3,3,3,3,3,3,3,3,3,3,1,3
199,0,7,3,3,1,3,7,3,1,3,7,3,1,3,3,1,1,3,7,1,3,3,3,3,1,7,1,1,1,3,1,3,1
200,0,7,7,7,7,1,3,7,7,7,7,7,7,1,3,1,1,7,7,7,1,7,7,7,3,1,7,7,7,1,1,7,3
201,0,7,7,5,3,2,3,3,3,7,7,3,3,3,7,7,3,3,1,7,3,7,5,7,3,3,7,7,3,3,5,3,3
202,0,3,3,3,3,1,3,3,7,5,3,3,3,1,1,3,3,3,7,3,3,3,3,7,3,3,3,3,3,3,3,3,1
203,0,3,5,1,3,3,5,3,1,3,3,1,3,3,1,3,3,3,1,1,3,3,1,3,3,3,3,1,3,3,3,3,5
204,0,3,3,3,3,1,3,3,3,3,3,3,3,3,3,3,1,3,3,3,3,3,3,1,3,3,7,3,3,3,3,3,1
205,0,3,1,1,3,1,1,5,3,1,1,3,3,1,2,3,3,3,5,5,5,1,3,1,3,3,3,3,3,3,3,3,3
206,0,3,1,2,3,1,3,1,3,2,1,5,1,1,1,3,3,3,3,3,3,3,3,3,1,1,3,5,3,3,1,1,1
207,0,1,1,1,1,1,3,5,1,3,3,3,3,3,3,1,1,5,3,1,3,3,3,1,3,1,3,3,1,3,1,1,5
208,0,1,3,3,1,1,1,2,3,1,3,3,1,3,1,3,1,3,2,3,3,1,1,1,3,1,3,1,2,3,3,3,1
209,0,1,1,1,1,3,1,1,1,1,1,1,1,1,1,1,1,3,1,1,1,3,1,1,1,1,1,1,1,3,1,3,1
210,0,1,1,1,3,2,1,1,1,2,1,2,1,1,3,1,3,2,1,1,1,1,1,3,2,1,3,1,1,1,1,3,1
0,1,1,3,3,3,1,1,1,3,1,3,1,1,1,1,3,1,3,1,3,3,1,1,1,1,1,3,3,3,1,3,1,3
1,1,3,1,1,1,1,1,3,1,1,1,7,1,1,1,3,1,1,1,1,3,3,1,7,3,1,3,3,2,1,1,3,1
2,1,3,3,1,3,1,1,1,1,3,1,2,3,3,1,1,1,1,1,3,3,1,1,3,1,3,1,1,3,1,3,3,3
3,1,1,1,3,1,1,1,1,3,1,3,1,1,1,3,1,3,1,1,1,1,3,1,2,3,1,1,1,2,1,3,1,1
4,1,3,3,2,2,2,2,3,3,2,2,2,3,2,3,1,2,1,2,2,3,1,2,1,2,2,2,3,2,2,3,3,2
5,1,1,2,1,1,1,1,2,2,3,1,3,1,1,2,1,2,3,2,3,2,2,2,1,1,2,1,3,3,1,2,1,1
6,1,1,1,2,2,1,1,1,1,1,1,1,2,2,1,3,1,1,1,3,1,1,2,2,1,2,3,2,2,3,3,1,1
7,1,1,1,1,1,1,1,1,2,3,1,2,1,1,2,1,1,1,1,1,1,1,1,1,1,1,1,1,3,1,1,1,1
8,1,1,3,2,2,1,3,1,1,1,2,1,1,1,1,1,2,2,1,1,1,1,1,1,1,2,2,1,1,1,3,1,3
9,1,1,1,1,1,1,1,3,1,1,1,1,1,1,1,2,1,1,1,1,1,1,3,1,1,1,3,3,1,1,1,3,1
10,1,1,3,1,3,1,3,2,1,3,1,1,1,2,1,1,2,1,1,1,1,2,1,1,1,1,1,2,1,3,1,1,2
11,1,3,3,3,1,3,1,3,3,1,3,3,3,3,3,3,3,3,3,3,3,3,3,3,3,3,3,3,3,3,3,3,3
12,1,3,3,3,1,3,3,3,3,3,3,3,3,1,3,3,3,3,3,3,3,3,3,3,3,3,3,3,3,3,3,3,3
13,1,3,3,3,3,3,3,3,3,3,3,3,3,3,3,3,3,3,3,3,3,3,3,3,3,3,3,3,3,3,3,3,3
14,1,3,3,3,3,3,3,3,3,3,3,3,3,3,3,3,3,3,3,3,3,3,3,3,3,3,1,3,3,3,3,3,3
15,1,3,3,3,3,3,3,1,3,3,3,3,3,3,3,3,3,3,1,3,3,3,3,3,3,3,3,3,3,1,3,3,3
16,1,3,3,3,3,3,3,3,3,3,3,3,3,3,3,3,3,3,3,3,3,3,3,3,3,3,3,3,3,3,3,3,3
17,1,3,3,3,3,3,1,3,1,3,3,3,3,3,3,3,3,3,3,3,3,3,3,1,3,3,3,3,3,3,3,3,3
18,1,3,3,3,3,3,3,3,3,3,3,3,3,3,3,3,3,3,3,3,3,3,3,3,3,3,3,3,3,3,3,3,3
19,1,3,3,3,3,3,3,3,3,3,3,3,3,3,3,3,3,3,3,3,3,3,3,3,3,3,3,3,1,3,3,3,3
20,1,3,3,1,3,3,3,3,3,3,3,3,3,3,1,3,3,3,3,3,3,1,3,3,3,3,3,3,3,3,1,3,3
21,1,3,1,3,3,3,3,3,3,3,3,3,3,3,3,3,3,3,3,3,3,3,3,3,3,3,3,3,3,3,3,3,3
22,1,3,3,3,1,3,3,3,3,3,3,3,3,3,3,3,3,3,3,3,3,3,3,3,3,3,3,3,3,3,3,3,3
23,1,1,3,3,1,3,3,3,1,3,3,3,3,3,3,3,1,3,3,3,3,3,3,3,3,3,3,3,3,3,1,3,1
24,1,3,3,3,3,3,3,3,3,3,3,3,3,3,3,3,3,3,3,3,5,3,3,3,3,3,3,3,3,3,3,3,3
25,1,3,3,1,1,3,3,3,3,3,3,3,3,3,3,3,3,3,3,1,3,3,3,3,3,3,3,3,3,3,3,3,3
26,1,3,3,3,3,3,3,3,3,3,3,3,3,3,3,3,3,3,3,3,3,3,3,3,3,3,3,3,3,3,3,5,3
27,1,3,1,3,3,3,5,3,3,3,3,3,1,3,3,3,3,3,3,3,3,3,3,3,3,3,3,3,3,3,3,5,3
28,1,3,3,3,3,3,3,3,3,3,3,3,3,3,3,3,3,3,3,3,3,3,3,1,3,3,3,3,1,3,3,3,3
29,1,3,3,3,3,3,3,3,3,3,3,3,3,3,3,3,3,1,3,3,3,3,1,3,3,3,3,3,3,3,3,3,3
30,1,3,3,3,3,3,3,3,3,3,3,3,3,3,3,3,3,3,3,3,3,3,3,3,3,3,3,3,3,3,3,3,3
31,1,3,3,3,3,3,3,1,3,3,3,3,3,3,3,3,3,3,3,3,1,3,3,3,3,3,3,3,3,3,3,3,3
32,1,3,3,1,1,3,3,4,3,3,3,3,3,3,3,3,3,3,1,3,3,3,3,3,3,3,3,3,3,3,3,3,3
33,1,3,3,3,3,3,3,3,3,3,3,3,3,3,3,3,3,3,3,3,3,3,3,3,3,3,3,1,3,3,3,3,3
34,1,3,3,3,3,3,3,3,3,3,3,3,3,3,3,3,3,3,3,3,3,3,3,3,3,3,3,3,3,3,3,3,3
35,1,3,3,3,3,3,3,3,3,3,3,3,3,3,3,1,3,3,3,3,3,3,3,3,3,3,3,3,3,3,3,3,3
36,1,3,3,3,3,3,3,3,3,3,3,3,3,3,3,3,3,3,3,3,3,3,3,3,3,3,3,3,3,3,3,3,3
37,1,3,3,3,3,3,3,3,3,3,3,3,3,3,3,3,3,3,3,3,3,3,3,3,3,3,3,3,3,3,3,3,3
38,1,3,3,3,3,3,3,3,3,3,3,3,3,3,3,3,3,3,3,3,3,3,3,3,3,3,3,3,3,3,3,3,3
39,1,3,3,3,3,3,3,3,3,3,3,3,3,3,3,3,3,3,3,3,3,3,3,3,3,3,3,3,3,3,3,3,3
40,1,3,3,3,3,3,3,3,3,3,3,3,3,3,3,3,3,3,3,3,3,3,3,3,3,3,3,3,3,3,3,3,3
41,1,3,3,3,3,3,3,3,3,3,3,3,3,3,3,3,3,3,3,3,3,3,3,3,3,3,3,3,3,3,3,3,3
42,1,3,3,3,3,3,3,3,3,3,3,3,3,3,3,3,3,3,7,3,3,3,3,3,3,3,3,3,3,3,3,3,3
43,1,3,3,3,3,3,3,3,3,3,3,3,3,3,3,3,3,3,3,3,3,3,3,3,3,3,3,3,3,3,3,3,3
44,1,3,3,3,3,3,3,3,3,3,3,3,3,3,3,3,3,3,3,3,3,3,3,3,3,3,3,3,3,3,3,3,3
45,1,3,3,3,3,3,3,2,3,3,3,3,3,3,3,3,3,3,3,3,3,3,3,3,3,3,3,3,3,3,3,3,3
46,1,3,3,1,3,3,3,3,3,3,3,3,3,3,3,3,3,3,3,3,3,3,3,3,3,3,3,3,3,3,3,3,3
47,1,7,3,2,3,3,2,7,2,2,3,2,2,7,3,2,7,7,2,7,7,3,3,3,3,2,7,2,3,3,3,3,7
48,1,3,3,3,3,3,3,3,3,3,3,3,3,3,3,3,3,3,3,3,3,7,3,3,3,3,3,3,3,3,3,3,3
49,1,3,3,3,2,3,3,3,3,3,3,3,3,3,3,3,3,3,3,3,3,3,3,3,3,3,3,3,3,3,3,3,3
50,1,3,3,3,3,3,3,3,3,3,3,3,3,3,3,3,3,3,3,3,3,2,3,3,3,3,3,3,3,3,3,3,3
51,1,3,3,3,3,3,3,1,3,3,3,3,3,3,3,3,3,3,3,3,3,3,3,3,3,3,3,3,3,3,3,3,3
52,1,3,3,3,3,7,3,3,3,3,3,3,3,3,3,3,3,3,3,3,3,3,3,3,3,3,3,3,3,3,3,3,3
53,1,3,3,3,3,3,3,3,3,3,3,3,3,3,3,3,3,3,3,3,3,3,3,3,3,3,3,3,3,3,3,3,3
54,1,3,3,3,3,3,3,7,3,3,1,3,3,1,2,3,7,3,1,3,3,1,3,3,3,1,3,1,3,3,3,3,1
55,1,7,7,7,7,7,7,3,1,7,1,3,7,1,3,7,3,1,1,3,3,3,3,1,7,7,3,7,3,3,3,2,7
56,1,1,2,2,1,3,3,1,1,1,1,3,3,1,3,3,3,3,1,3,2,2,3,7,7,2,3,3,3,3,3,3,2
57,1,2,3,3,2,2,2,3,2,2,2,2,3,3,2,2,3,2,3,2,3,2,2,2,2,2,2,1,5,3,3,2,2
58,1,2,2,3,3,2,2,2,2,2,3,2,2,2,2,3,2,2,2,3,3,2,2,2,3,2,2,2,2,2,2,2,2
59,1,2,2,2,3,2,2,2,2,2,2,2,3,2,2,3,3,2,2,2,3,2,2,1,2,2,2,2,2,2,2,2,2
60,1,3,3,3,3,3,3,3,3,3,3,3,3,3,3,3,3,3,3,3,3,3,5,3,3,3,3,3,3,3,3,3,3
61,1,3,3,3,3,3,3,3,3,3,5,3,3,3,3,3,3,3,3,3,3,3,3,3,3,3,5,3,3,3,3,3,3
62,1,5,5,3,1,1,1,5,1,5,5,5,5,5,1,5,1,1,5,5,5,1,1,1,5,5,1,1,5,5,1,1,1
63,1,1,3,1,1,1,1,1,1,1,1,1,1,1,1,3,5,1,5,1,5,1,3,1,1,5,1,5,3,1,1,5,5
64,1,1,1,1,1,5,5,1,1,1,5,5,1,1,1,1,1,1,5,1,5,1,5,1,5,1,1,1,1,5,1,1,1
65,1,5,5,5,5,1,5,1,1,1,1,5,5,1,1,1,1,5,1,5,1,1,5,5,1,5,1,5,5,5,1,5,1
66,1,1,5,1,5,1,5,5,5,5,1,5,1,5,1,3,1,5,1,1,5,5,1,5,5,5,1,1,5,5,1,5,5
67,1,1,1,1,1,1,3,1,1,1,1,1,1,1,1,1,1,1,1,1,1,1,1,1,1,3,1,1,1,1,1,1,1
68,1,1,3,1,1,1,3,1,1,1,1,1,1,1,1,1,1,1,1,1,1,1,1,1,1,3,1,1,1,1,1,1,1
69,1,1,1,1,1,1,1,1,1,1,1,1,1,1,1,1,1,1,1,1,1,1,3,1,1,3,1,1,1,1,1,1,1
70,1,1,1,1,1,1,1,1,1,1,1,1,1,1,1,1,5,3,1,1,1,3,1,1,1,1,1,1,3,1,1,1,3
71,1,1,1,1,1,1,1,1,1,1,1,1,1,1,1,1,1,3,1,1,1,1,1,1,5,1,1,1,1,1,1,1,1
72,1,1,1,3,1,3,1,3,1,1,1,1,3,1,1,1,1,3,1,1,1,1,1,1,1,1,1,1,1,1,1,1,3
73,1,1,1,1,3,1,1,1,3,1,1,1,1,1,1,1,3,1,1,1,1,3,1,1,1,1,1,1,1,1,1,1,1
74,1,1,1,1,1,1,1,1,1,1,1,1,1,1,1,1,1,3,1,1,1,1,3,1,1,1,1,3,1,1,1,1,1
75,1,1,1,1,1,1,1,1,3,3,1,1,1,1,5,1,1,1,1,1,1,1,1,1,1,1,1,1,1,1,1,1,1
76,1,1,1,1,1,1,1,1,3,1,1,1,1,1,1,1,1,1,1,1,1,1,1,1,1,1,1,1,1,1,1,1,1
77,1,1,1,1,1,1,1,1,1,1,1,1,1,1,1,3,1,1,1,1,1,1,1,1,1,1,1,1,1,1,1,1,1
78,1,1,1,1,1,5,1,3,1,1,1,1,1,1,1,1,1,1,1,1,1,1,1,1,1,1,1,1,1,1,1,1,1
79,1,1,1,1,1,1,1,1,1,1,1,1,1,1,1,1,1,1,1,1,1,1,1,1,1,1,1,1,1,1,1,1,1
80,1,1,1,1,3,1,1,1,1,1,1,1,1,1,1,1,1,1,1,1,1,1,3,1,1,1,1,1,1,1,3,1,1
81,1,1,1,1,1,1,1,1,1,1,1,1,1,3,1,1,1,1,1,1,1,1,1,1,1,1,1,1,1,1,1,1,1
82,1,1,1,1,1,1,1,1,1,1,1,1,1,1,1,1,1,1,1,1,1,5,1,1,1,1,1,1,1,1,1,1,1
83,1,1,1,1,1,1,1,1,1,1,1,1,1,1,1,1,1,1,1,1,1,1,1,1,1,1,1,1,1,1,1,1,1
84,1,1,1,1,1,1,1,1,1,1,1,1,3,1,3,1,1,1,1,1,3,1,1,1,1,1,1,1,1,1,1,1,1
85,1,1,3,1,1,1,1,1,1,1,1,1,1,1,1,1,1,1,1,3,1,1,1,1,3,1,1,1,1,1,1,1,1
86,1,1,1,1,1,1,1,1,1,1,1,1,1,1,1,1,1,1,1,1,1,1,1,1,1,1,1,1,1,1,1,1,1
87,1,1,1,1,1,1,1,1,1,1,1,1,1,1,1,1,1,1,1,1,1,1,1,1,1,1,1,1,5,1,1,1,1
88,1,1,1,1,1,1,1,1,1,1,1,1,1,1,1,1,1,1,1,3,1,1,1,1,1,1,1,1,1,1,1,1,1
89,1,1,1,1,1,1,1,1,1,3,1,1,1,1,1,1,1,1,1,1,1,1,1,1,1,1,1,1,1,1,1,1,1
90,1,1,1,1,3,1,1,1,1,1,3,1,1,3,1,8,1,1,1,1,1,1,1,1,3,2,1,1,1,1,1,1,1
91,1,1,1,1,1,1,3,1,3,1,1,1,1,1,1,1,1,1,1,1,3,1,1,1,5,1,1,1,1,1,1,1,1
92,1,1,1,3,1,1,1,1,1,1,1,1,3,3,1,3,1,1,1,1,3,1,1,1,1,1,1,1,1,1,1,1,1
93,1,1,3,3,1,1,3,1,1,1,1,1,1,3,1,3,1,1,1,1,3,1,1,1,1,1,1,1,1,1,1,1,1
94,1,1,1,1,1,1,1,1,3,3,1,3,3,1,1,3,1,3,1,3,1,3,3,1,3,3,1,1,1,3,1,1,3
95,1,1,3,1,3,1,3,1,3,1,3,1,2,1,1,1,3,1,1,3,1,1,1,1,1,1,1,1,1,3,1,1,1
96,1,1,1,3,3,1,1,1,1,1,3,1,1,3,3,2,1,1,3,3,1,1,1,1,1,3,1,1,1,2,3,1,1
97,1,1,7,1,1,1,1,3,3,1,1,1,1,1,1,1,1,1,1,3,1,3,3,2,1,1,1,1,1,3,1,1,1
98,1,1,3,1,1,1,1,1,1,1,3,3,3,3,1,1,3,3,1,3,3,1,1,3,1,1,1,1,3,3,1,1,1
99,1,3,1,3,3,3,3,3,3,1,3,3,3,3,3,3,1,1,1,3,1,3,3,3,3,1,1,3,3,3,3,3,1
100,1,3,3,3,3,3,3,3,1,1,1,3,3,1,3,3,3,3,3,1,3,1,3,3,3,3,3,1,1,1,1,3,3
101,1,3,3,3,3,3,3,3,3,3,1,1,3,1,3,3,3,3,3,3,3,3,3,3,3,3,3,3,3,3,3,3,1
102,1,1,1,3,1,1,3,3,3,1,1,3,3,1,1,3,3,3,1,1,1,3,1,1,1,1,3,1,1,1,1,1,1
103,1,1,2,2,3,3,2,3,2,3,2,3,2,2,3,3,2,1,1,3,1,1,3,2,3,1,1,1,3,2,1,2,1
104,1,1,1,1,1,3,3,1,1,3,1,1,1,3,3,1,1,3,1,1,1,1,1,1,1,1,1,1,1,1,1,3,1
105,1,1,1,3,3,1,3,3,1,3,3,3,1,3,1,1,3,3,3,1,1,1,3,3,1,3,3,3,3,1,1,1,3
106,1,1,1,1,1,1,1,3,1,1,1,1,1,1,1,3,1,3,1,1,1,3,3,1,1,1,1,1,1,3,3,3,1
107,1,1,1,1,3,1,3,1,3,3,1,1,3,3,1,3,1,1,1,3,3,3,3,1,1,1,3,3,1,3,3,1,3
108,1,1,1,3,3,1,1,3,3,1,1,3,1,1,1,1,3,1,1,1,1,1,1,1,1,1,3,1,1,3,3,3,3
109,1,1,1,1,3,3,1,1,3,1,1,3,1,3,1,1,1,3,1,1,1,1,1,1,3,1,1,1,1,3,1,1,1
110,1,1,3,3,1,1,1,1,1,3,3,1,3,1,1,3,1,1,1,3,1,3,7,1,1,1,1,1,1,1,1,1,1
111,1,1,3,1,1,3,3,1,1,1,3,1,1,1,1,3,1,3,1,1,1,1,1,1,3,1,1,1,1,3,1,1,1
112,1,1,3,1,1,1,3,3,1,3,1,1,1,1,3,1,3,1,1,1,1,1,1,3,1,2,1,1,1,1,1,1,3
113,1,1,1,1,1,3,1,1,3,3,1,1,3,1,1,3,1,1,3,1,1,1,1,1,1,1,1,1,1,1,3,1,1
114,1,1,3,3,3,3,1,1,3,3,3,1,3,3,1,1,1,3,1,1,1,3,1,3,3,3,3,1,1,3,1,1,3
115,1,3,3,3,3,3,3,3,3,3,3,3,3,3,3,3,3,3,3,3,3,3,3,3,3,3,3,3,3,3,3,3,1
116,1,3,3,3,3,3,3,3,3,3,3,3,3,3,3,3,3,3,3,3,1,3,3,3,3,3,3,3,3,3,3,3,3
117,1,3,1,1,3,3,3,3,3,3,3,3,3,3,3,3,3,3,3,3,3,3,3,3,3,3,3,3,3,3,3,3,3
118,1,3,1,3,3,3,3,3,3,3,3,3,3,3,3,3,3,3,3,3,3,3,3,3,3,3,3,3,3,3,3,3,3
119,1,3,3,3,3,3,3,3,3,3,3,3,3,3,3,3,3,3,3,3,3,3,3,3,3,3,3,3,3,3,3,3,3
120,1,3,3,3,3,3,3,3,3,3,3,3,3,3,3,3,3,3,3,7,3,3,3,3,3,3,3,3,3,3,3,3,3
121,1,3,3,3,3,3,3,3,3,3,3,3,3,3,3,3,3,3,3,3,3,3,3,3,3,3,3,3,3,3,3,3,3
122,1,3,3,3,3,3,3,3,3,3,3,3,3,3,3,3,3,3,3,3,3,3,3,3,3,3,3,3,3,3,3,3,3
123,1,3,3,3,3,3,3,3,3,3,3,7,3,3,3,3,3,3,3,3,3,3,1,3,3,3,3,3,3,3,3,3,3
124,1,3,3,3,3,3,3,3,3,3,3,3,1,3,3,3,3,3,3,3,3,3,3,3,3,3,3,3,3,3,3,3,3
125,1,3,3,3,3,1,3,3,3,3,3,3,3,3,3,3,3,3,3,3,3,3,3,3,3,3,3,3,3,3,3,3,3
126,1,3,3,3,1,3,3,3,3,3,3,3,3,3,3,3,3,3,3,3,5,3,3,3,3,3,3,3,3,3,5,3,3
127,1,3,3,3,3,3,3,3,3,3,3,3,3,3,3,3,3,3,3,1,3,3,3,3,3,3,3,3,3,3,3,3,3
128,1,3,3,3,3,3,3,3,3,3,3,3,3,3,3,3,3,3,3,3,3,3,3,3,3,7,3,7,3,3,3,1,3
129,1,3,3,3,1,3,5,3,3,3,3,3,3,7,3,3,3,3,3,3,3,3,5,3,3,3,3,3,3,3,3,3,3
130,1,7,1,3,1,3,1,1,3,1,3,5,3,7,3,3,1,1,3,5,3,3,1,3,3,5,3,7,3,3,1,3,3
131,1,1,3,1,3,1,3,1,1,5,3,3,3,3,1,3,1,1,1,1,3,1,3,1,1,1,3,3,1,1,1,3,3
132,1,1,3,1,1,3,1,3,1,1,1,1,1,1,1,1,1,1,3,1,3,1,1,3,3,1,3,1,1,3,1,1,1
133,1,1,3,1,3,3,1,1,3,1,1,1,3,1,1,3,3,3,1,3,1,3,1,3,5,3,1,1,1,1,3,3,3
134,1,3,3,3,3,3,3,3,3,3,3,3,3,1,3,1,3,1,3,3,3,3,3,3,3,3,3,3,3,1,3,3,3
135,1,3,3,3,3,3,1,3,1,1,1,3,3,3,3,3,3,3,3,3,3,3,3,3,3,3,3,3,3,3,3,3,3
136,1,1,3,1,1,3,3,3,3,1,1,1,1,1,3,3,1,1,3,3,5,3,3,3,3,1,1,3,3,3,1,3,3
137,1,1,1,1,1,1,1,1,1,1,1,3,3,1,3,1,3,3,3,1,3,1,1,3,3,7,3,3,1,3,1,1,3
138,1,1,1,1,1,1,1,3,3,1,1,1,3,1,1,3,3,1,1,1,3,7,3,3,3,1,1,3,1,3,3,1,1
139,1,1,3,3,1,3,3,1,1,1,3,1,3,1,3,1,1,1,3,1,1,1,7,3,1,3,1,3,1,1,1,1,3
140,1,3,3,3,5,3,1,3,7,3,3,1,1,1,3,3,3,3,7,1,1,3,3,1,3,3,3,3,3,3,3,3,1
141,1,1,1,3,3,1,3,1,1,1,1,1,1,1,1,1,1,3,2,2,1,1,3,3,3,3,3,1,1,1,1,3,1
142,1,2,5,2,1,3,2,1,1,2,2,2,3,2,2,2,1,2,1,1,1,2,2,2,3,2,1,1,1,1,2,1,1
143,1,1,2,1,2,2,2,2,2,2,3,2,2,2,2,3,2,2,1,2,1,2,1,2,1,2,3,2,3,1,2,2,2
144,1,1,1,2,2,1,2,2,1,1,1,1,1,1,2,2,2,1,2,2,2,1,1,1,1,2,2,3,3,1,3,1,3
145,1,2,2,2,2,1,1,2,1,1,1,1,1,1,1,1,3,1,1,1,1,1,2,2,2,1,1,1,1,1,1,2,1
146,1,1,2,2,1,2,2,2,1,2,3,3,1,2,1,2,1,3,1,1,1,1,1,7,1,2,1,1,2,2,2,1,2
147,1,1,3,1,2,1,1,2,1,2,1,1,2,1,1,1,3,1,1,1,1,1,1,1,3,3,1,2,2,1,1,1,1
148,1,1,2,1,1,1,3,2,2,2,1,1,3,3,1,2,1,1,1,2,1,1,1,1,1,1,1,1,1,2,1,1,1
149,1,1,2,1,1,1,2,2,1,1,1,1,2,3,1,1,1,1,1,1,1,1,1,1,2,1,1,3,1,1,2,2,1
150,1,2,2,2,3,2,3,2,3,2,2,3,2,2,2,2,2,3,2,2,2,2,2,2,3,2,2,2,3,2,2,2,2
151,1,2,3,2,2,2,2,2,2,2,2,2,2,2,2,2,2,2,2,2,2,2,2,2,2,2,2,2,2,2,2,2,2
152,1,2,2,2,2,2,2,2,3,2,2,2,2,2,2,2,2,2,2,2,2,2,2,2,2,2,2,2,3,3,2,2,2
153,1,2,2,2,3,2,2,2,2,2,2,2,2,2,2,2,2,2,3,2,2,3,2,2,2,3,2,2,2,2,2,2,2
154,1,2,2,2,2,2,2,2,2,2,2,2,2,2,2,2,2,3,2,2,2,2,2,2,3,2,7,2,2,2,3,2,2
155,1,2,2,2,2,2,3,3,2,2,1,3,2,2,3,3,2,2,3,2,2,2,2,2,2,2,2,2,3,2,3,3,3
156,1,2,2,3,3,3,3,2,3,2,2,2,2,3,2,2,3,3,2,2,2,2,2,2,2,2,2,2,2,2,2,2,2
157,1,2,2,2,2,2,2,2,2,2,2,3,2,2,2,2,2,3,2,2,2,2,2,2,2,2,2,2,3,2,2,2,2
158,1,2,2,2,2,2,3,2,3,3,2,2,2,2,2,2,3,2,2,2,2,2,2,3,2,2,2,2,2,2,2,2,2
159,1,2,2,2,2,2,3,2,3,2,2,2,3,3,2,3,2,2,2,2,2,2,2,2,2,2,2,2,2,2,2,2,2
160,1,2,2,3,2,2,2,2,2,2,2,2,2,2,2,2,2,2,2,2,2,3,2,2,2,2,2,2,2,2,2,3,2
161,1,2,2,2,3,2,2,2,2,2,3,2,2,3,2,2,2,2,2,7,2,7,2,2,2,2,2,2,2,2,2,2,2
162,1,2,3,3,3,2,2,2,7,2,3,7,2,2,2,3,7,2,2,7,7,2,2,3,2,3,2,3,3,2,7,2,2
163,1,7,3,7,3,7,7,3,2,7,7,3,7,3,1,2,3,7,7,3,3,7,3,3,3,7,7,7,7,3,3,3,3
164,1,7,3,3,3,3,2,3,7,3,2,3,3,7,7,3,3,3,2,3,3,3,7,2,7,7,3,3,3,3,3,3,3
165,1,7,3,3,3,3,7,7,3,3,3,7,3,3,7,3,7,3,3,3,7,7,3,7,3,3,7,3,3,3,7,3,7
166,1,7,2,3,7,3,7,7,7,7,2,7,7,7,7,7,7,7,7,3,7,7,7,7,7,7,7,2,7,2,2,7,7
167,1,7,7,7,3,3,2,3,7,5,7,2,7,3,7,2,7,7,7,2,2,3,7,7,2,2,7,7,3,2,7,7,7
168,1,7,7,3,7,3,7,7,3,7,3,7,3,3,7,3,7,3,7,3,3,3,3,7,7,3,3,7,3,7,7,3,3
169,1,3,7,3,3,3,3,3,3,3,3,7,3,3,3,3,3,3,3,3,7,3,3,3,3,3,3,3,3,3,3,3,3
170,1,3,2,3,3,3,3,3,3,3,3,3,3,1,3,3,3,3,3,3,3,3,3,3,3,3,3,3,3,3,3,3,3
171,1,3,3,3,3,3,3,3,3,3,3,3,3,3,3,3,3,3,3,3,3,3,3,3,3,3,5,7,3,3,3,3,3
172,1,3,3,3,3,3,3,3,7,3,3,3,3,3,7,3,3,3,3,3,3,3,7,3,7,3,3,7,7,3,3,3,3
173,1,3,3,3,3,3,7,3,7,3,3,3,2,3,3,3,3,3,3,3,3,3,3,3,3,3,3,3,3,3,3,3,3
174,1,3,3,3,3,3,3,7,7,3,3,3,3,3,3,3,3,3,3,3,3,3,7,3,3,3,3,3,3,3,3,3,3
175,1,3,3,3,7,3,1,7,3,3,7,3,3,3,7,3,3,3,3,3,3,3,3,3,5,3,3,3,3,3,3,3,7
176,1,3,3,3,3,3,3,3,3,5,3,3,3,3,3,3,1,3,3,1,3,5,3,3,3,3,3,3,3,3,3,1,3
177,1,3,3,3,3,3,3,3,3,3,3,3,3,3,3,3,5,3,3,3,3,3,3,3,3,3,3,3,3,3,3,3,3
178,1,3,3,3,3,3,3,3,7,3,3,3,3,3,3,3,3,3,3,3,3,3,3,3,3,3,3,7,3,3,3,3,3
179,1,3,3,3,3,3,3,3,3,3,3,3,3,3,3,3,3,3,3,3,3,3,7,3,3,3,3,3,3,3,3,3,3
180,1,3,3,3,3,3,3,3,3,3,3,3,3,3,3,3,1,3,3,3,3,3,3,3,3,3,3,3,3,3,3,3,3
181,1,3,3,3,3,3,3,3,3,3,3,3,3,3,3,3,3,3,3,3,3,3,3,3,3,3,3,3,3,3,3,3,3
182,1,3,3,3,3,3,3,3,3,3,3,1,3,3,3,3,3,3,3,3,3,3,3,3,3,3,3,3,3,3,3,3,3
183,1,3,3,3,3,3,3,3,1,1,1,3,3,3,3,3,3,3,3,3,3,3,1,3,3,3,3,3,7,3,3,3,3
184,1,1,3,1,3,1,3,1,3,3,1,1,3,3,1,1,1,1,3,1,1,1,3,1,3,1,3,1,3,3,3,3,1
185,1,1,1,1,3,1,3,1,1,3,3,3,1,3,1,1,1,1,3,1,1,1,1,1,3,1,3,1,1,3,1,1,1
186,1,1,1,1,1,1,1,1,1,3,1,1,1,3,3,1,3,1,3,1,1,1,1,1,1,1,1,1,3,1,1,3,1
187,1,1,1,3,1,1,5,1,1,3,1,1,1,1,3,3,3,3,1,1,3,1,1,1,3,1,1,1,3,3,1,1,1
188,1,1,3,3,3,3,1,1,1,1,3,1,1,1,1,1,1,3,1,1,1,1,3,1,3,3,1,1,1,3,1,3,3
189,1,1,1,1,3,1,3,3,3,3,3,1,3,1,3,3,3,3,1,3,3,1,3,1,1,3,3,1,3,1,3,3,5
190,1,1,1,3,1,1,3,1,3,1,3,3,3,3,3,1,1,1,1,3,3,1,3,1,1,3,3,1,3,3,1,1,1
191,1,3,1,3,3,3,1,3,3,3,3,3,3,3,3,3,3,3,1,3,3,1,3,3,3,3,3,3,3,3,3,3,3
192,1,1,3,3,3,3,1,1,1,3,1,3,3,3,1,1,3,3,1,1,3,3,1,1,3,3,1,1,1,1,3,1,1
193,1,1,3,5,1,1,1,1,1,3,3,1,1,1,1,3,1,3,1,1,3,1,1,1,3,3,3,3,1,1,1,3,3
194,1,1,1,3,3,1,1,1,3,3,1,3,1,1,1,1,3,1,1,3,1,3,1,1,3,3,3,1,1,1,1,1,1
195,1,1,3,1,1,1,3,3,1,3,3,3,3,3,3,3,3,1,3,3,1,3,3,3,1,3,3,3,3,3,3,1,3
196,1,3,3,3,3,3,3,3,3,3,3,3,3,3,3,1,3,3,3,3,3,3,3,3,3,3,3,3,3,3,3,3,3
197,1,3,3,3,3,3,3,3,3,3,3,3,3,3,3,3,3,3,3,3,3,3,3,3,3,3,3,3,3,3,3,3,3
198,1,3,3,3,3,3,3,3,3,3,3,3,3,3,3,3,3,3,3,3,3,3,3,3,3,3,3,3,3,3,3,3,3
199,1,3,3,3,3,3,3,3,3,3,3,3,3,3,3,3,3,3,3,3,3,3,3,3,3,3,3,3,3,3,3,3,3
200,1,3,3,3,3,3,3,3,3,3,3,5,3,3,3,3,3,3,3,3,3,3,3,3,3,5,3,3,3,3,3,3,3
201,1,3,3,3,3,3,3,3,3,3,3,3,3,3,3,3,3,3,3,3,3,3,3,3,3,3,3,3,3,3,3,3,3
202,1,3,3,3,3,3,3,3,3,3,3,3,3,3,3,3,3,3,3,3,3,3,3,3,3,3,3,3,3,3,3,3,3
203,1,3,3,3,3,3,3,3,3,3,3,3,3,3,3,3,3,3,3,3,3,3,3,3,3,3,3,3,3,3,3,3,3
204,1,3,3,3,3,3,3,3,3,3,3,3,3,3,3,3,3,3,1,3,3,3,3,1,3,3,3,3,3,3,3,3,3
205,1,3,3,3,3,3,3,3,3,3,3,3,3,3,3,3,3,3,3,3,3,3,3,3,3,3,3,3,3,3,3,3,3
206,1,3,3,3,3,3,3,3,3,3,3,3,3,3,3,3,3,3,3,3,3,3,3,3,3,3,3,3,3,3,3,3,3
207,1,3,3,3,3,3,3,3,3,3,3,3,3,3,3,3,3,3,3,3,3,3,3,3,3,3,3,3,3,3,3,3,3
208,1,3,3,3,3,3,3,3,3,3,3,3,3,3,3,3,3,3,3,3,3,3,3,3,3,3,3,3,3,3,3,3,3
209,1,3,3,3,3,3,3,3,3,3,3,3,3,3,3,3,5,5,3,3,3,3,3,3,3,3,3,3,3,3,3,3,3
210,1,3,3,3,3,3,3,3,3,3,3,3,3,3,3,3,3,3,3,3,3,3,3,3,3,3,3,3,3,3,3,3,1
0,2,3,3,3,3,3,3,3,3,3,3,3,3,3,3,3,3,3,3,3,3,3,3,3,3,3,3,3,3,3,3,3,3
1,2,3,3,3,3,3,3,3,3,3,3,3,3,3,3,3,3,3,3,3,3,3,3,3,3,3,3,3,3,3,3,3,3
2,2,3,3,3,3,3,3,3,3,3,3,3,3,3,3,3,3,3,3,3,3,3,3,3,3,3,3,3,3,3,3,3,3
3,2,3,3,5,3,3,3,3,3,3,3,3,3,3,3,3,3,3,1,3,3,3,3,3,3,3,3,3,3,3,3,3,3
4,2,3,3,3,3,3,3,3,3,3,3,3,3,3,3,3,3,3,3,3,3,3,3,3,3,3,3,3,3,3,3,3,3
5,2,3,3,3,3,3,3,3,3,3,3,3,3,3,3,3,3,3,3,3,3,3,3,3,3,3,3,3,3,3,3,3,3
6,2,3,3,3,3,3,3,3,3,3,3,3,3,3,3,3,3,3,3,3,3,3,3,3,3,3,3,3,3,3,3,3,3
7,2,3,3,3,3,3,3,3,3,3,3,3,3,3,3,3,3,3,3,3,3,3,3,3,2,3,3,3,3,3,3,3,3
8,2,3,3,3,3,3,3,3,3,3,3,3,3,3,3,3,3,3,2,3,2,3,3,3,3,3,3,3,3,3,3,3,3
9,2,3,3,3,3,3,3,3,3,3,3,3,2,3,5,3,2,3,3,3,2,3,3,3,3,3,3,3,3,3,3,2,3
10,2,3,3,3,3,3,3,3,3,3,3,3,3,3,3,3,3,3,3,3,3,3,3,3,3,3,3,2,3,3,3,3,3
11,2,3,3,3,3,2,3,3,3,5,1,3,3,3,3,1,3,3,3,3,3,3,5,3,3,3,3,1,3,3,3,3,3
12,2,2,3,2,3,2,2,2,3,2,2,2,3,2,3,2,2,2,2,3,2,2,3,2,2,3,3,2,3,3,2,3,2
13,2,1,1,3,3,3,3,1,3,1,1,3,2,1,1,3,3,1,1,1,1,2,1,2,3,3,1,1,1,1,1,1,1
14,2,2,2,2,1,2,2,2,2,2,2,2,2,2,3,2,1,3,2,3,2,2,3,2,2,2,3,2,2,2,2,2,2
15,2,2,2,2,2,2,2,2,1,2,2,2,2,2,2,2,2,2,2,2,2,3,2,3,2,2,1,1,2,2,2,2,3
16,2,2,2,2,2,2,3,2,3,2,2,2,2,2,2,2,2,2,2,1,2,2,2,1,1,2,2,3,1,2,2,2,2
17,2,2,3,1,2,2,2,2,2,1,2,2,2,3,2,2,2,2,2,2,2,2,3,3,2,2,2,2,3,2,2,2,2
18,2,2,2,2,2,2,2,3,2,2,2,2,2,2,2,2,2,2,2,2,2,2,2,2,2,2,2,2,2,3,2,2,2
19,2,3,3,3,3,2,2,2,2,3,2,3,2,3,2,2,2,2,3,2,2,2,3,2,2,3,3,5,2,3,3,3,2
20,2,3,3,3,3,3,3,3,5,3,3,2,3,3,3,2,3,3,3,3,2,3,3,3,7,3,2,3,2,3,3,3,2
21,2,3,3,3,3,3,2,3,3,3,3,3,3,3,3,3,3,3,3,3,3,3,3,3,3,3,3,3,3,3,3,3,3
22,2,3,3,3,3,3,3,3,3,2,3,3,3,3,3,3,3,3,2,3,3,3,3,3,3,3,3,3,3,3,3,3,3
23,2,3,3,3,3,3,3,3,3,3,3,3,3,3,3,3,3,3,3,3,3,3,3,3,3,3,3,3,3,3,3,3,3
24,2,3,3,3,3,3,3,3,3,3,3,3,3,3,3,3,3,3,3,3,3,3,3,3,2,3,3,3,3,3,3,3,3
25,2,3,3,3,3,3,3,3,3,2,3,3,3,2,3,3,3,3,3,3,3,3,3,3,3,3,3,3,3,3,3,3,3
26,2,3,5,3,3,3,2,3,3,3,3,3,3,3,3,3,3,3,3,3,3,3,3,3,3,3,3,3,3,3,3,3,5
27,2,3,5,3,3,3,3,3,3,3,3,3,2,3,3,3,3,3,3,5,3,2,3,3,3,3,3,3,3,3,3,3,3
28,2,3,3,3,3,3,3,3,3,3,3,3,3,3,3,3,3,3,3,3,3,3,3,3,3,3,3,3,3,3,3,3,3
29,2,3,3,3,3,3,3,5,3,3,3,3,3,3,3,3,3,3,3,3,3,3,3,3,3,3,3,3,3,2,3,3,3
30,2,3,3,3,5,3,3,3,3,3,3,3,3,3,3,3,3,3,3,3,3,3,3,3,3,3,3,3,3,5,3,3,3
31,2,3,3,3,3,3,3,3,3,3,3,3,3,3,2,3,3,3,3,3,3,3,3,3,3,3,3,3,3,3,3,3,3
32,2,3,3,3,3,3,3,3,3,3,3,3,3,3,3,3,3,3,2,3,3,3,3,3,3,3,3,3,3,2,3,3,3
33,2,3,2,3,1,3,3,3,3,3,3,3,3,3,3,3,3,3,3,3,3,3,3,3,3,3,3,3,3,3,3,3,3
34,2,3,3,3,3,3,3,3,3,3,3,3,3,3,3,3,3,3,3,3,3,2,3,3,3,3,3,3,3,3,3,3,3
35,2,3,3,2,3,3,3,3,3,3,3,3,2,3,3,3,3,3,3,3,3,3,3,3,3,3,3,3,3,3,3,3,3
36,2,3,3,3,2,3,3,3,3,3,3,3,3,3,3,3,3,3,3,3,3,3,3,3,3,3,3,3,3,3,3,3,3
37,2,3,3,3,3,3,3,3,3,3,3,3,3,3,3,3,3,3,3,3,3,3,1,3,3,2,3,3,3,3,3,3,3
38,2,3,3,3,3,3,3,2,3,3,7,3,1,3,3,3,2,3,3,3,3,3,3,3,3,3,3,3,3,3,3,3,3
39,2,3,3,3,3,3,3,3,3,2,3,3,3,3,3,3,3,3,3,3,3,3,3,3,3,2,3,3,3,3,3,3,3
40,2,3,2,3,3,3,3,3,3,3,3,3,3,3,3,3,3,3,3,3,3,3,1,3,3,3,3,3,3,3,3,3,7
41,2,3,3,3,3,3,3,3,3,3,3,3,3,3,3,3,3,3,3,3,3,3,3,3,3,3,3,3,3,3,3,3,3
42,2,3,3,3,3,3,3,3,3,3,3,3,3,3,3,3,3,3,3,3,3,3,3,3,3,3,3,3,3,3,3,3,3
43,2,3,3,3,3,3,3,3,3,3,3,3,3,3,3,3,3,3,3,3,3,3,3,3,3,3,3,3,3,3,3,3,3
44,2,3,3,3,3,3,3,3,3,3,3,3,3,3,3,3,3,3,3,3,3,3,3,3,3,3,3,3,3,3,3,3,3
45,2,3,3,3,3,3,3,3,3,3,3,3,3,2,3,3,3,3,3,3,3,3,3,3,3,3,3,3,3,3,3,3,3
46,2,3,3,3,3,3,3,3,3,3,3,3,3,3,3,3,3,3,3,3,3,3,3,3,3,3,3,3,3,3,3,3,3
47,2,3,3,3,3,3,3,3,3,3,3,3,3,3,3,3,2,3,3,3,3,3,3,3,3,2,3,3,3,3,3,3,3
48,2,3,3,3,3,3,3,3,3,3,3,3,3,3,3,3,3,3,3,3,3,3,3,3,3,3,3,3,3,3,3,3,3
49,2,3,3,3,3,3,3,3,3,3,3,2,3,3,3,3,3,3,3,3,3,3,3,3,3,3,3,3,3,3,3,3,3
50,2,3,3,3,3,3,3,3,3,3,3,3,3,3,3,3,3,3,3,3,3,3,3,3,3,3,3,3,3,3,3,3,3
51,2,3,1,3,3,3,3,3,3,3,1,1,3,3,1,3,3,3,3,3,3,1,3,3,3,1,3,3,3,3,3,3,3
52,2,1,7,1,1,1,1,1,3,1,3,1,1,1,1,3,1,1,1,3,3,1,1,1,3,1,3,1,3,1,3,1,1
53,2,1,3,3,1,3,3,3,1,1,3,3,1,1,3,1,3,3,3,1,1,1,3,3,3,3,3,3,1,2,1,1,3
54,2,1,3,3,3,3,3,3,3,1,3,3,3,1,3,3,1,1,1,3,3,1,3,3,3,3,1,1,3,1,3,3,1
55,2,1,3,3,3,3,2,1,1,3,3,1,3,3,3,1,3,1,1,3,3,1,3,1,3,3,3,3,3,3,1,3,3
56,2,1,3,3,3,2,3,3,1,1,3,1,3,1,1,1,3,1,1,3,3,3,3,3,1,1,3,1,3,3,3,1,1
57,2,3,3,3,3,3,3,3,3,3,3,1,3,3,3,3,3,3,3,3,3,3,3,3,3,3,3,3,3,3,1,3,3
58,2,3,3,3,3,1,3,3,3,3,3,3,3,3,3,3,3,3,3,3,3,2,3,3,3,3,3,3,3,3,3,3,3
59,2,3,3,3,1,3,3,3,3,3,3,3,3,3,3,3,1,3,3,3,3,3,1,3,3,1,3,3,3,3,3,3,3
60,2,3,1,3,3,3,3,3,3,3,3,3,3,3,3,3,3,3,3,3,3,3,3,1,3,3,3,3,3,3,3,3,3
61,2,3,3,3,3,3,1,3,3,3,3,3,3,3,3,3,2,3,5,3,3,3,3,3,3,3,3,3,3,3,3,3,3
62,2,3,3,3,3,3,3,3,3,3,3,3,3,3,3,3,3,3,3,3,3,3,3,3,3,3,3,3,3,3,3,3,3
63,2,3,3,3,3,3,3,3,3,3,1,3,3,3,3,3,3,3,3,3,3,3,3,3,3,3,3,3,3,3,3,3,3
64,2,1,1,1,1,3,1,3,1,1,1,1,1,1,1,1,1,1,1,1,1,1,1,1,1,1,1,1,1,1,1,1,1
65,2,1,1,1,1,1,1,1,1,1,1,1,1,1,1,3,1,1,1,1,1,1,1,1,1,1,1,1,1,1,1,1,1
66,2,1,1,1,1,1,1,1,1,1,1,1,1,1,1,1,1,1,1,1,1,1,1,1,1,1,1,1,3,1,1,1,1
67,2,1,1,1,3,1,1,1,1,1,1,1,1,1,1,1,1,1,1,1,1,1,1,1,1,1,1,1,1,1,1,1,1
68,2,1,1,1,1,1,1,1,1,1,1,1,1,1,1,1,1,1,1,1,1,1,1,1,1,1,3,3,1,1,1,1,1
69,2,1,1,1,3,1,1,1,1,1,1,1,1,7,1,3,1,1,1,1,3,1,1,1,1,1,1,1,1,1,1,1,1
70,2,1,1,1,3,1,1,1,1,1,1,1,1,1,1,3,1,1,1,5,1,1,1,1,1,1,1,1,1,1,1,1,1
71,2,1,1,1,1,1,1,1,1,1,1,1,1,1,1,1,1,1,1,1,1,1,3,1,1,1,1,1,1,1,1,1,1
72,2,1,1,1,1,1,1,1,3,1,1,1,1,1,1,1,1,1,1,1,1,3,1,1,1,1,1,1,1,1,1,1,1
73,2,3,1,1,1,1,3,1,1,3,3,1,1,1,1,1,1,1,1,1,1,1,1,1,3,3,1,3,1,1,1,1,1
74,2,3,3,3,3,3,3,3,3,3,3,3,3,3,3,3,3,3,3,3,3,3,3,3,3,3,3,3,3,3,3,3,3
75,2,3,3,3,3,3,3,3,3,3,3,3,3,3,3,3,3,3,3,3,3,3,3,3,3,3,3,3,3,3,3,3,3
76,2,3,3,3,3,3,3,3,3,3,3,3,3,3,3,3,3,3,3,3,3,3,3,3,3,3,3,3,3,3,3,3,3
77,2,1,3,3,3,3,3,1,3,3,1,3,3,3,1,1,1,3,3,1,3,3,1,1,3,3,1,3,3,1,1,3,1
78,2,3,3,3,3,3,3,3,3,3,3,3,3,3,3,3,3,3,3,3,3,3,1,3,3,3,3,3,3,3,3,3,3
79,2,1,3,3,3,3,3,3,3,3,1,3,3,3,3,3,3,3,1,3,1,3,3,3,3,3,3,3,3,3,3,3,1
80,2,1,3,3,3,3,1,3,3,3,3,3,1,1,1,1,1,1,3,3,3,3,3,3,3,1,1,1,3,1,3,3,1
81,2,3,3,3,3,1,3,3,3,3,3,3,3,3,3,3,3,3,3,3,3,3,3,3,5,3,3,3,3,3,3,3,3
82,2,3,3,3,3,3,3,3,1,3,3,3,3,3,3,3,3,3,3,3,3,3,3,3,3,3,3,3,3,3,3,1,3
83,2,3,3,3,3,3,3,3,3,3,3,3,3,3,3,3,3,3,3,3,3,3,3,3,3,3,3,1,1,5,3,3,3
84,2,3,3,3,3,3,3,3,3,3,3,3,3,3,3,3,3,3,3,3,3,3,3,3,3,3,3,3,3,3,3,3,3
85,2,3,3,3,3,3,3,3,3,3,3,3,3,3,3,3,3,3,3,3,3,3,3,3,3,3,3,3,3,3,3,3,3
86,2,3,3,3,3,3,3,3,3,3,3,3,3,3,3,3,3,3,3,3,3,3,3,3,3,3,3,3,3,3,3,3,3
87,2,3,3,3,3,3,3,3,3,3,3,3,3,3,3,3,3,3,3,3,3,3,3,3,3,3,3,3,3,3,3,3,3
88,2,3,3,3,3,3,3,3,3,3,3,3,3,3,3,3,3,3,3,3,3,3,3,3,3,3,3,3,3,3,3,3,3
89,2,3,3,3,3,3,3,3,3,3,3,3,3,3,3,3,3,3,3,3,3,3,3,3,3,3,3,3,3,3,3,3,3
90,2,3,3,3,3,3,3,3,3,3,3,3,3,3,3,3,3,3,3,3,3,3,3,3,3,3,3,3,3,3,3,3,3
91,2,3,3,3,3,3,3,3,3,3,3,3,3,3,3,3,3,3,3,3,3,3,3,3,3,3,3,3,3,3,3,3,3
92,2,3,3,3,3,3,3,3,3,3,3,3,3,3,3,3,3,3,3,3,3,3,3,3,3,3,3,3,3,3,3,3,3
93,2,3,3,3,3,3,3,3,3,3,3,3,3,3,3,3,3,3,3,3,3,3,3,3,3,3,3,3,3,3,3,3,3
94,2,3,3,3,3,3,2,3,3,3,3,3,3,3,3,3,3,3,3,3,3,3,3,3,3,3,3,3,3,3,3,3,3
95,2,3,3,3,3,3,3,3,3,3,3,3,3,3,3,3,3,3,3,3,3,3,3,3,3,3,3,3,3,3,3,3,3
96,2,3,3,3,3,3,3,3,3,3,3,3,3,3,3,3,3,3,3,3,3,3,3,3,3,3,3,3,3,3,3,3,3
97,2,3,3,3,3,3,3,3,3,3,3,3,3,3,3,3,3,3,3,3,3,3,3,3,3,3,3,3,3,3,3,3,3
98,2,3,3,3,3,3,3,3,3,3,3,3,3,3,3,3,3,3,3,3,3,3,3,3,3,3,3,3,3,3,3,3,3
99,2,3,3,3,3,3,3,3,3,3,3,3,3,3,3,3,2,3,3,3,3,3,3,3,3,3,3,3,3,3,3,3,3
100,2,2,2,2,7,3,2,2,2,2,2,2,7,2,3,2,2,7,2,2,7,3,2,3,2,2,3,3,2,7,2,2,3
101,2,2,2,3,2,2,2,2,2,2,2,2,3,3,2,2,2,2,2,2,2,2,3,3,2,2,2,2,2,2,2,2,2
102,2,2,2,2,8,3,2,2,2,2,2,2,2,7,2,2,2,2,2,2,2,2,2,2,3,3,2,3,2,2,2,2,2
103,2,2,2,2,2,2,3,2,2,2,2,2,2,2,3,2,2,2,3,2,2,2,2,2,2,2,2,2,2,2,2,2,2
104,2,1,3,1,3,1,1,1,1,1,2,2,1,1,1,2,2,1,3,1,1,2,1,1,1,1,1,1,2,1,1,1,1
105,2,1,1,1,1,1,1,1,7,2,7,1,2,1,2,1,2,3,5,1,1,1,3,1,3,1,3,1,3,8,1,1,1
106,2,2,1,1,3,2,1,3,2,1,1,2,2,2,2,1,1,2,1,2,1,1,3,1,1,1,1,1,3,1,1,1,2
107,2,1,1,3,1,2,1,1,1,1,1,1,1,1,2,1,1,1,2,1,3,1,1,3,2,1,2,1,3,1,1,2,7
108,2,1,3,1,2,1,3,1,3,2,1,1,1,2,2,3,1,1,1,1,1,3,1,1,1,2,1,1,2,2,2,1,1
109,2,1,1,1,1,2,1,1,1,1,1,2,3,3,1,1,2,1,1,2,2,7,2,1,1,2,1,1,3,1,1,1,1
110,2,2,5,2,2,2,2,1,3,2,3,2,2,2,2,2,3,2,2,2,2,2,2,2,2,2,2,2,2,2,3,2,2
111,2,2,2,2,2,3,2,2,2,2,3,1,2,1,2,2,7,2,2,2,2,2,2,2,3,2,2,2,2,2,2,2,2
112,2,2,2,3,2,2,1,2,2,2,2,2,2,2,2,2,2,2,2,2,2,2,2,1,1,2,2,7,2,2,2,2,2
113,2,2,2,2,3,2,2,2,2,3,2,2,2,2,2,2,2,2,2,2,2,3,2,2,3,3,2,2,3,2,3,2,2
114,2,2,3,2,2,2,2,2,2,2,2,2,3,2,2,1,7,7,2,2,2,1,1,2,2,2,2,2,3,2,2,1,2
115,2,2,2,2,2,2,2,2,2,2,2,2,2,2,2,2,2,2,2,2,2,2,2,2,2,3,2,2,3,2,3,2,2
116,2,2,2,2,2,2,2,3,2,2,2,2,2,2,2,3,2,3,2,2,2,2,2,2,2,7,2,2,2,2,2,3,2
117,2,2,2,1,2,2,2,2,2,2,2,2,2,3,3,2,2,2,2,2,2,2,2,2,2,2,2,2,2,2,2,1,2
118,2,2,3,2,2,2,3,2,2,2,2,2,2,2,2,2,2,2,2,2,2,2,2,2,2,2,2,2,2,2,2,2,2
119,2,2,2,3,2,2,2,3,2,2,2,3,2,2,2,2,2,2,2,2,2,2,3,3,2,2,3,2,2,3,2,1,1
120,2,2,2,1,2,2,2,1,2,2,2,2,2,2,1,2,3,2,1,3,2,1,2,2,2,2,2,2,1,2,2,2,2
121,2,2,2,2,2,2,2,2,2,2,2,2,1,2,3,2,2,2,1,2,2,2,2,2,2,2,2,2,2,1,2,2,3
122,2,1,1,1,1,1,1,1,1,1,1,1,1,1,1,1,1,1,1,2,2,1,1,1,1,1,1,1,2,1,1,3,1
123,2,1,1,1,3,2,1,1,1,3,1,1,1,3,1,1,1,1,1,2,3,1,1,1,1,3,3,1,3,3,3,2,1
124,2,1,3,1,1,1,1,1,3,1,3,1,1,1,1,1,2,1,1,1,1,7,1,1,1,1,1,1,1,1,1,1,1
125,2,1,1,1,1,3,1,2,1,3,1,1,1,1,3,3,2,1,1,1,3,1,1,1,1,1,1,1,3,2,1,1,1
126,2,1,1,2,2,1,1,1,1,1,2,1,2,1,3,1,2,1,3,1,1,2,2,1,1,1,1,2,3,3,2,1,2
127,2,1,1,1,3,1,3,3,1,1,3,3,3,1,1,3,1,3,3,1,1,1,1,1,1,1,1,1,1,1,1,1,3
128,2,1,1,1,1,1,1,1,1,1,3,3,3,1,3,1,1,1,1,3,3,1,3,1,3,3,3,2,3,3,3,1,1
129,2,1,1,2,1,1,3,1,1,3,2,2,1,3,1,1,1,1,2,1,1,1,2,1,1,3,3,1,2,1,3,3,1
130,2,3,1,3,1,3,3,1,1,1,3,1,3,1,1,3,3,3,1,1,3,3,3,3,1,1,1,1,1,3,1,2,3
131,2,3,3,1,1,1,3,1,1,3,3,1,3,1,3,1,1,3,3,1,3,3,3,1,1,3,3,3,3,3,3,3,1
132,2,1,1,3,3,1,3,1,3,1,3,1,2,1,1,1,1,1,1,1,3,1,1,1,1,1,1,1,1,1,1,1,1
133,2,3,5,1,3,5,3,3,3,3,3,3,3,3,5,3,3,3,5,3,3,3,3,5,3,3,3,3,3,3,3,5,2
134,2,3,3,3,3,3,3,3,3,3,3,3,3,3,3,3,3,3,5,3,3,3,3,3,3,3,3,3,2,3,3,3,3
135,2,3,3,3,3,3,3,3,3,3,3,3,3,3,3,3,3,3,3,3,3,3,3,3,3,3,3,3,3,3,3,3,3
136,2,3,3,3,3,3,3,3,3,3,3,3,3,3,3,3,3,3,3,3,3,3,3,3,3,3,3,3,3,3,3,3,3
137,2,3,3,3,3,3,3,3,3,3,3,3,3,3,3,3,3,3,3,3,3,3,3,3,3,3,3,3,3,3,3,3,2
138,2,3,3,3,3,3,3,3,3,3,3,3,3,3,3,3,3,3,3,3,3,3,3,3,3,3,3,3,3,3,3,3,3
139,2,3,3,3,3,1,3,3,3,3,3,3,3,3,3,3,3,3,3,3,3,3,3,3,3,3,3,3,3,3,3,3,3
140,2,3,3,3,3,3,3,3,3,3,3,3,3,3,3,5,3,3,1,3,3,3,3,3,3,3,3,3,3,3,3,3,3
141,2,3,3,3,3,3,3,3,3,3,3,3,3,3,3,3,3,3,2,3,3,3,3,3,3,3,3,3,3,3,3,3,3
142,2,1,3,3,1,1,1,1,1,3,1,1,1,1,3,1,3,1,1,1,3,3,1,1,1,1,1,1,1,1,1,3,1
143,2,1,1,1,1,1,3,1,1,1,3,1,1,1,1,1,1,3,1,1,1,1,3,1,1,1,1,1,1,1,1,1,1
144,2,1,1,3,3,1,1,3,1,1,1,1,3,3,1,1,1,1,1,1,1,3,3,3,1,1,1,1,3,1,1,1,1
145,2,1,3,1,1,3,3,1,1,1,3,3,3,1,1,3,1,3,3,1,1,3,3,3,1,3,3,1,1,3,3,1,3
146,2,3,3,3,1,3,3,3,3,1,3,3,2,3,3,3,1,3,3,3,3,1,3,3,3,3,3,3,3,3,3,3,1
147,2,3,3,1,3,1,3,3,3,3,3,3,3,1,1,3,3,3,1,1,1,1,1,3,3,1,1,1,3,3,3,3,3
148,2,3,3,3,3,1,3,3,3,3,3,3,3,1,3,3,3,3,3,3,3,3,3,3,3,3,3,3,3,3,3,3,3
149,2,3,3,1,3,3,1,3,3,3,3,3,3,3,3,1,3,3,3,3,3,3,3,3,3,3,3,3,2,3,3,3,3
150,2,3,3,1,3,3,3,3,3,3,3,3,1,3,1,3,3,3,3,3,3,3,3,1,3,3,3,1,3,1,3,3,3
151,2,3,3,3,3,3,3,3,3,3,1,3,3,3,3,3,3,3,3,3,3,3,3,3,3,3,3,3,3,3,3,3,3
152,2,3,3,3,3,5,3,3,1,3,3,3,3,3,3,3,3,3,3,3,3,3,3,3,3,3,3,3,1,3,3,3,3
153,2,3,3,3,3,3,3,3,3,3,3,3,1,3,3,1,3,3,1,3,3,3,3,3,3,3,3,1,3,3,3,3,3
154,2,3,1,3,3,3,3,1,3,3,3,3,3,1,3,1,1,3,3,1,3,3,1,3,3,3,3,3,3,3,1,3,3
155,2,3,1,3,1,3,1,3,1,3,3,3,3,1,1,1,3,1,3,1,3,3,1,3,1,1,1,1,1,3,3,1,1
156,2,1,1,3,3,3,3,3,1,3,3,3,3,1,1,3,1,1,3,1,3,3,3,1,3,3,3,1,3,1,3,1,1
157,2,3,3,3,3,1,1,3,3,3,3,3,3,1,3,3,1,1,3,3,1,3,3,1,1,1,3,3,3,3,1,3,3
158,2,1,1,3,1,1,3,3,1,1,1,1,1,3,1,3,3,1,1,3,3,1,3,1,3,3,1,3,1,1,1,3,1
159,2,1,1,3,1,1,3,3,1,3,3,3,1,3,3,3,1,3,3,1,1,1,1,1,3,3,3,1,7,1,3,1,3
160,2,1,3,3,3,3,3,3,3,3,3,3,1,1,1,3,1,3,3,3,3,3,3,1,3,1,3,3,3,1,1,3,3
161,2,1,3,3,3,3,3,3,1,1,1,1,3,3,3,3,1,3,3,1,3,3,1,1,3,3,1,1,1,3,1,1,1
162,2,1,1,3,1,3,3,3,3,3,3,3,3,1,3,1,3,3,3,1,1,3,1,3,3,3,1,3,1,3,1,1,1
163,2,1,3,1,3,3,1,3,3,1,1,3,1,3,1,3,3,1,3,3,3,3,1,3,3,3,1,3,1,3,3,3,3
164,2,1,3,1,1,1,1,1,3,3,3,1,3,1,1,1,1,1,1,3,1,1,1,1,1,1,1,1,1,3,1,1,1
165,2,1,3,3,1,3,1,1,3,1,1,1,1,1,1,1,1,3,3,1,1,3,3,3,3,1,1,3,1,3,1,1,3
166,2,1,1,1,3,1,1,1,1,1,3,1,7,1,1,3,1,3,1,1,1,1,3,3,3,1,1,3,3,3,1,3,3
167,2,1,1,1,1,3,3,1,1,1,1,3,3,3,3,1,1,3,3,1,1,3,3,3,3,3,1,1,3,1,1,1,3
168,2,1,1,3,1,1,1,1,3,3,3,1,3,3,1,1,3,3,1,1,7,3,1,3,3,3,1,1,3,3,1,3,3
169,2,1,1,3,3,3,3,1,3,1,1,3,3,1,3,3,3,3,3,1,3,3,3,1,1,1,1,3,3,1,1,3,3
170,2,1,1,1,1,1,1,3,1,3,3,1,1,1,1,1,1,3,1,1,1,1,1,3,1,1,1,1,2,1,1,1,1
171,2,1,1,3,1,1,1,1,1,1,1,1,1,3,1,1,1,3,1,1,3,1,1,1,1,1,3,3,1,1,1,1,1
172,2,1,1,1,1,1,1,1,3,1,3,1,1,1,1,1,1,1,1,1,2,1,1,1,1,1,1,1,1,1,1,1,3
173,2,1,1,1,1,1,1,1,1,1,1,1,2,1,1,1,1,1,1,3,1,1,1,3,1,1,1,1,1,1,1,1,1
174,2,1,3,3,1,1,1,1,1,7,1,1,3,3,3,1,1,3,1,3,1,1,1,7,1,3,1,1,1,1,1,3,1
175,2,1,3,1,1,3,3,1,1,3,1,1,1,1,1,1,1,1,3,1,1,3,3,1,3,1,1,1,7,1,1,3,1
176,2,1,3,3,3,3,1,3,3,3,3,3,3,3,1,3,3,3,3,1,3,1,1,1,3,1,1,1,3,3,1,3,1
177,2,1,3,3,3,3,1,1,3,3,3,3,1,1,3,1,3,1,3,3,3,3,1,1,3,1,1,1,3,1,1,1,3
178,2,1,3,1,1,3,3,1,3,3,3,1,3,1,3,3,3,1,3,1,1,1,1,1,3,3,3,1,3,3,1,1,1
179,2,1,1,1,1,3,1,3,1,1,1,1,1,1,1,1,3,1,1,1,1,3,1,1,1,1,1,3,1,3,1,3,1
180,2,1,1,1,3,1,1,3,3,3,1,1,3,1,1,1,3,3,3,1,1,1,1,1,1,3,1,1,1,1,3,1,1
181,2,3,3,1,3,1,3,3,3,1,1,3,3,3,1,3,3,3,3,3,1,7,3,3,1,3,1,3,3,3,3,1,1
182,2,3,3,3,1,1,1,1,3,3,3,3,3,1,3,3,3,1,1,3,3,3,3,3,3,3,3,3,1,3,3,3,3
183,2,1,1,3,1,3,1,3,3,1,2,1,3,1,3,1,1,1,3,1,1,2,1,3,3,1,3,3,3,3,3,1,3
184,2,1,3,1,3,3,3,3,1,3,3,1,1,3,3,1,3,1,3,3,3,2,3,3,3,3,3,3,3,1,3,3,3
185,2,1,7,3,2,1,1,1,2,1,3,1,2,1,3,1,1,3,1,3,3,1,1,1,2,1,2,3,1,1,1,3,2
186,2,1,2,1,1,2,3,3,1,1,1,1,1,1,2,3,1,1,2,2,2,1,3,1,1,2,1,1,3,3,3,1,1
187,2,2,2,3,7,1,1,1,3,3,3,2,1,1,3,3,2,1,3,3,3,7,2,3,7,7,2,2,1,2,1,1,1
188,2,2,3,3,2,2,3,3,3,1,2,2,3,1,1,3,3,1,1,7,1,2,3,3,1,1,1,2,2,1,2,1,3
189,2,3,3,2,2,7,2,3,3,2,3,3,1,3,2,3,2,1,1,1,2,3,2,2,2,1,2,1,3,7,3,3,1
190,2,3,1,3,3,3,2,3,1,2,3,3,2,2,3,2,3,3,2,3,3,2,3,3,3,2,3,1,3,1,3,2,3
191,2,3,3,3,3,2,3,3,2,3,2,3,3,3,3,3,3,1,2,3,3,3,7,3,7,3,2,3,3,3,2,1,3
192,2,3,3,3,3,3,2,1,3,3,3,4,3,3,3,2,2,1,3,1,3,1,3,1,3,3,3,2,2,2,3,3,3
193,2,2,2,3,3,3,3,2,1,1,3,2,1,3,1,2,1,3,3,2,3,3,2,3,3,2,7,3,3,3,1,3,2
194,2,1,1,2,1,3,3,1,7,3,1,7,1,3,3,3,2,2,1,1,2,1,3,3,3,2,3,1,7,3,1,1,1
195,2,1,2,3,7,1,3,3,3,2,3,2,3,1,1,3,3,2,3,2,3,1,3,3,7,1,7,3,1,3,3,3,3
196,2,3,2,3,2,2,2,3,3,3,3,3,3,2,3,2,3,7,3,2,2,2,1,3,3,3,3,3,3,3,3,2,3
197,2,3,3,2,3,3,3,3,2,3,2,1,3,3,3,3,2,3,2,3,3,3,3,3,2,3,3,3,3,3,3,3,3
198,2,3,1,1,3,2,2,3,1,3,3,3,3,3,3,3,3,3,3,2,3,2,3,3,3,3,3,3,3,3,2,3,3
199,2,3,3,3,2,3,3,3,3,3,3,3,7,3,3,3,2,3,3,3,3,3,3,3,3,2,2,2,3,2,3,3,3
200,2,3,3,1,2,3,2,3,2,3,3,3,2,1,2,3,3,3,7,2,3,3,3,2,1,3,2,2,3,3,3,3,1
201,2,3,3,2,3,3,3,1,3,2,3,3,2,3,3,3,3,3,3,3,2,3,2,3,3,3,3,1,2,1,3,2,2
202,2,3,3,3,2,3,3,3,3,3,3,3,3,3,3,3,3,3,3,3,3,3,3,3,3,3,3,3,3,3,2,3,3
203,2,1,1,1,1,1,1,3,1,1,3,1,1,1,1,1,1,1,1,1,1,1,3,1,1,1,1,1,1,3,1,1,1
204,2,1,1,1,1,1,1,1,1,1,7,1,1,1,1,1,1,1,1,1,3,1,1,1,1,1,1,3,1,3,1,1,1
205,2,1,1,1,1,1,1,1,1,1,1,1,1,1,3,1,1,1,1,1,1,1,1,1,1,1,1,1,1,1,3,1,1
206,2,1,1,1,3,3,3,1,1,1,1,3,1,1,3,1,1,3,1,1,1,1,1,1,3,1,1,1,1,1,3,3,3
207,2,1,3,3,3,1,1,3,3,1,3,1,1,3,3,3,1,1,1,3,3,2,1,3,3,1,3,1,1,3,3,1,3
208,2,1,1,1,1,1,3,1,1,3,1,3,3,1,3,1,3,3,3,1,1,1,3,3,3,1,1,3,3,1,1,1,1
209,2,1,1,1,1,1,3,1,1,3,1,1,3,3,1,1,3,3,1,1,1,1,1,1,1,1,1,3,1,3,3,3,3
210,2,1,1,1,1,3,1,3,3,1,1,1,1,1,1,3,1,1,1,1,1,1,1,1,1,1,1,1,1,1,1,1,3
0,3,1,3,1,1,1,1,1,1,1,1,1,3,3,1,3,1,1,3,3,3,3,3,1,1,3,1,3,1,3,1,1,3
1,3,1,1,1,1,3,3,3,3,3,1,3,3,1,3,1,3,3,1,1,1,1,3,1,3,1,1,1,3,3,1,3,1
2,3,1,1,1,1,1,3,1,1,1,1,1,1,1,3,1,3,1,1,1,1,1,3,1,1,3,1,1,1,1,1,1,3
3,3,1,1,3,3,3,1,3,1,3,3,1,1,3,1,1,1,1,1,1,1,1,1,8,3,1,1,1,3,1,3,1,1
4,3,1,3,1,3,3,1,3,1,1,1,1,3,1,1,1,1,1,3,1,3,3,1,4,1,3,1,1,3,1,3,1,1
5,3,1,1,1,1,1,1,3,3,3,3,1,1,3,1,3,1,1,3,1,3,1,3,3,1,3,3,3,3,1,3,1,1
6,3,1,1,1,3,1,3,3,1,1,1,1,3,1,1,1,1,1,1,3,1,1,1,1,1,1,1,3,3,1,1,1,1
7,3,1,3,1,1,3,3,1,1,1,1,3,3,1,3,3,3,1,3,1,1,1,1,3,1,1,1,1,3,1,1,3,3
8,3,1,1,3,1,3,3,1,3,1,1,3,1,1,3,3,1,1,1,1,3,1,3,3,1,1,3,1,1,1,3,1,3
9,3,1,3,1,1,1,1,1,1,1,1,1,3,1,1,1,3,3,1,1,3,1,1,1,1,3,1,1,3,3,1,1,1
10,3,3,1,1,1,3,1,3,1,1,1,3,1,3,1,1,1,3,1,3,3,1,3,1,1,3,1,3,1,1,1,3,3
11,3,1,1,1,3,3,1,1,1,3,3,3,1,1,1,1,1,1,1,1,3,1,1,1,1,3,1,1,1,1,3,1,1
12,3,3,1,3,3,1,1,1,3,3,1,3,1,1,1,3,1,1,3,3,3,1,3,1,1,3,3,3,1,3,3,3,1
13,3,1,1,1,1,1,1,5,1,1,1,3,1,1,1,1,1,1,1,1,1,1,1,1,3,1,1,1,1,1,1,1,1
14,3,1,1,1,1,1,1,1,1,1,3,1,1,1,1,1,1,3,1,1,1,1,3,3,1,1,1,1,1,1,1,1,1
15,3,1,3,1,1,1,1,3,1,3,1,1,5,1,3,1,1,5,1,3,5,3,1,1,3,1,3,1,1,3,1,1,1
16,3,1,3,1,3,1,3,3,3,1,3,1,1,3,1,1,1,1,3,1,1,1,1,3,1,1,1,1,1,1,3,1,1
17,3,1,1,1,1,3,1,1,1,1,1,3,3,1,3,1,1,1,3,1,1,1,1,3,1,1,1,3,1,1,1,1,3
18,3,1,3,3,1,3,1,3,1,3,1,1,1,1,1,1,1,1,1,3,1,1,3,1,1,1,1,1,1,1,1,1,1
19,3,1,1,3,1,3,1,3,1,1,3,1,1,1,1,1,1,1,1,3,2,1,1,1,1,1,1,1,1,1,1,1,1
20,3,1,1,1,1,3,1,1,1,1,3,1,1,1,1,1,1,1,1,1,1,1,1,1,1,1,1,3,1,1,1,1,1
21,3,1,1,1,1,1,1,1,1,1,3,3,1,1,1,3,3,1,3,1,1,1,3,1,3,1,1,1,1,3,1,1,1
22,3,1,3,3,3,1,1,3,3,3,3,3,1,1,1,3,3,1,3,1,1,1,1,1,1,1,3,1,3,3,1,1,1
23,3,1,1,1,1,3,1,1,1,3,1,1,1,1,1,1,1,1,1,1,1,1,1,1,1,1,1,1,1,1,3,1,1
24,3,1,3,1,1,3,3,3,3,3,1,1,3,3,3,3,3,3,3,3,1,3,1,1,1,3,1,1,3,1,3,3,3
25,3,3,3,3,3,3,3,3,3,3,3,3,1,1,1,3,3,1,3,3,3,3,3,3,3,3,3,3,3,3,3,3,1
26,3,3,3,3,3,3,3,3,3,3,3,3,3,3,3,3,3,3,3,3,3,3,3,3,3,3,3,3,3,3,3,3,3
27,3,3,3,3,3,3,3,3,3,3,3,3,3,3,3,3,3,3,3,3,3,3,3,3,3,3,3,2,3,3,3,3,3
28,3,3,3,3,1,3,3,3,3,3,3,3,3,3,3,3,3,3,3,3,3,3,3,3,3,3,3,3,3,3,3,3,3
29,3,3,3,3,3,3,3,3,3,3,3,3,3,3,3,3,3,3,3,1,3,3,3,3,3,3,3,3,3,3,3,3,3
30,3,3,3,3,3,3,3,3,3,3,3,3,3,3,3,3,3,3,3,3,3,3,3,3,3,3,3,3,3,3,3,3,3
31,3,3,3,3,3,3,5,3,3,3,3,3,3,3,3,3,3,3,3,3,3,3,3,3,3,3,3,3,3,3,3,3,3
32,3,3,3,3,1,3,3,3,3,3,3,3,3,2,3,3,3,3,3,3,3,3,3,3,3,3,3,3,3,3,3,3,3
33,3,3,3,3,3,3,3,3,2,3,3,3,3,3,3,3,3,3,3,3,2,3,3,2,3,3,3,3,3,3,2,3,3
34,3,3,3,3,3,3,3,3,3,3,3,3,3,3,3,3,3,3,3,3,3,3,3,3,3,3,3,3,3,3,3,3,3
35,3,3,3,3,3,3,3,3,3,3,3,3,3,1,3,3,3,3,3,3,3,3,3,3,3,3,3,3,3,3,3,3,3
36,3,3,3,3,3,3,3,3,3,3,3,3,3,3,3,3,3,3,3,3,3,3,3,3,3,3,3,3,3,3,3,3,3
37,3,3,3,3,3,3,3,3,3,3,3,3,3,3,3,3,3,3,3,3,3,3,3,7,3,3,3,3,3,3,3,3,3
38,3,3,3,3,3,3,3,3,3,3,1,3,3,3,3,3,3,3,3,3,3,3,3,3,3,3,3,3,3,3,3,3,3
39,3,3,3,3,3,3,3,3,3,3,3,3,3,3,3,3,3,3,3,3,3,3,3,3,3,3,3,3,3,3,3,3,3
40,3,3,3,3,3,3,3,3,3,3,3,3,3,3,3,3,3,3,3,3,3,3,3,3,3,3,3,1,3,3,3,3,3
41,3,3,3,3,3,3,3,3,3,3,3,3,3,3,3,3,3,3,3,3,3,3,3,3,3,3,3,3,3,3,3,3,3
42,3,3,3,3,3,3,3,3,3,3,3,3,3,3,3,3,3,3,3,3,3,3,3,3,3,3,3,3,1,3,3,3,3
43,3,3,3,3,2,3,1,3,2,3,3,3,3,1,3,3,3,3,3,3,3,3,3,3,7,3,3,1,3,3,3,3,3
44,3,3,3,3,1,3,1,3,3,3,3,1,1,1,3,3,3,3,3,3,3,3,3,3,1,3,5,3,1,1,1,2,3
45,3,1,3,1,1,1,3,3,3,1,3,1,3,1,3,1,3,3,3,1,3,3,3,3,3,1,3,1,1,3,3,3,2
46,3,1,1,1,3,7,1,1,3,1,1,3,1,1,1,1,3,3,1,1,3,3,3,7,1,1,3,1,3,1,1,2,3
47,3,1,3,3,3,1,2,1,3,1,3,3,1,1,1,3,3,3,1,3,1,3,1,1,3,3,1,3,1,3,3,3,1
48,3,1,1,1,3,1,1,1,3,1,3,3,7,3,7,3,2,3,1,3,1,1,3,3,2,2,3,1,3,3,1,3,1
49,3,1,3,1,3,3,3,1,1,1,3,1,2,1,2,1,1,5,3,1,5,3,7,3,3,1,1,5,1,3,1,1,3
50,3,1,3,3,3,2,3,3,3,1,5,3,3,3,3,3,7,3,3,1,3,3,3,3,3,3,3,1,1,7,3,7,3
51,3,1,1,1,1,1,5,2,1,3,3,3,3,3,3,1,3,3,1,3,1,3,1,3,1,3,3,3,3,3,3,3,3
52,3,1,1,1,1,3,1,1,3,3,1,1,3,1,3,1,1,1,3,3,5,1,1,1,2,1,3,1,1,3,3,3,1
53,3,1,1,3,3,3,3,3,3,3,3,3,3,1,3,1,1,3,3,3,3,3,2,3,3,3,3,1,3,1,3,3,3
54,3,2,1,1,1,3,3,3,3,2,1,1,3,1,3,1,3,3,3,1,1,2,1,7,1,1,3,7,2,1,3,2,1
55,3,1,7,1,3,1,1,1,1,7,1,1,3,3,3,1,2,1,1,3,1,1,1,1,1,1,2,7,1,7,3,1,1
56,3,1,1,3,3,5,3,7,3,3,3,1,1,3,3,3,7,1,1,1,3,1,3,3,3,1,3,2,1,3,1,7,7
57,3,3,3,3,3,3,3,3,3,3,3,3,3,3,3,3,3,3,3,3,3,3,1,3,3,3,3,3,3,3,3,3,1
58,3,3,3,3,3,3,3,3,3,3,3,3,3,3,3,3,3,3,3,3,3,3,3,3,3,1,3,3,3,1,3,3,3
59,3,3,3,3,3,3,3,3,3,3,3,3,3,3,3,3,3,3,3,3,1,3,3,2,3,3,3,1,3,3,3,3,3
60,3,3,3,3,3,3,3,3,3,3,3,3,3,3,3,1,3,3,3,3,3,3,3,3,3,3,3,3,3,3,3,3,3
61,3,3,3,3,3,3,3,3,3,3,3,3,3,3,3,3,3,3,3,3,3,3,3,3,3,3,3,3,3,3,3,3,3
62,3,3,3,3,3,3,3,3,3,3,3,3,3,3,3,3,3,3,3,3,3,3,3,3,5,3,3,3,3,3,3,3,3
63,3,3,3,3,3,3,3,3,3,3,3,3,3,3,3,3,3,3,3,3,3,3,3,3,3,3,3,3,3,3,3,3,3
64,3,3,3,3,3,3,3,3,3,3,3,3,3,3,5,3,3,3,3,3,3,3,3,3,3,3,3,3,3,3,3,1,3
65,3,3,3,3,3,3,3,3,3,5,3,3,3,3,3,3,3,3,3,3,3,3,3,3,3,3,5,3,3,5,3,3,3
66,3,3,3,3,3,3,1,3,1,3,3,3,3,1,3,3,3,3,3,3,3,3,3,3,3,3,1,3,3,1,3,3,3
67,3,1,1,1,1,3,3,1,1,1,1,1,1,1,1,1,1,1,1,1,1,1,5,3,1,1,1,1,1,5,1,1,1
68,3,1,1,1,1,1,1,1,1,1,1,1,1,1,1,1,1,3,1,1,1,3,3,1,1,1,3,1,1,1,1,1,1
69,3,1,3,1,1,1,3,1,1,1,1,1,1,1,1,1,1,1,1,1,1,2,1,1,1,1,1,1,1,1,1,1,1
70,3,1,1,1,1,1,1,1,1,1,1,1,3,1,1,1,1,1,1,1,1,1,1,1,1,1,1,1,1,1,1,3,1
71,3,1,1,1,1,1,1,1,1,1,1,1,1,1,1,1,1,1,1,1,3,1,1,3,1,1,3,1,1,1,1,1,3
72,3,1,1,1,1,1,1,1,1,1,1,1,1,1,1,1,1,5,3,1,3,1,1,1,1,1,1,1,1,1,1,1,7
73,3,1,1,1,1,3,1,1,1,1,1,1,1,1,1,3,1,1,1,1,1,1,1,1,1,1,1,1,1,1,3,1,1
74,3,1,1,1,1,5,1,1,1,1,1,1,1,1,1,1,1,1,1,1,1,1,3,1,3,1,1,1,1,1,1,1,1
75,3,1,1,3,1,1,1,1,3,3,1,1,1,1,1,1,1,3,1,1,1,1,3,3,1,1,1,1,1,1,1,1,1
76,3,1,1,1,1,1,1,1,1,3,3,1,1,3,1,1,1,1,1,1,1,3,3,1,1,1,1,1,3,1,3,1,1
77,3,1,1,1,3,1,1,1,1,1,1,1,5,1,1,1,1,1,1,1,1,1,3,1,1,1,1,1,1,1,1,1,1
78,3,1,1,1,1,1,1,1,1,1,1,1,1,1,1,1,1,3,1,1,1,1,1,1,1,1,1,1,1,1,1,1,1
79,3,1,1,1,1,1,1,3,1,1,1,1,1,1,1,1,1,1,1,1,1,1,1,1,5,1,5,1,1,1,1,1,3
80,3,1,1,1,1,1,1,3,1,1,1,1,1,1,1,1,1,1,1,3,3,1,1,1,1,1,1,1,1,1,1,1,1
81,3,1,1,1,3,1,1,1,1,1,1,1,1,1,1,1,1,1,1,1,1,1,3,1,1,1,1,1,1,1,1,1,1
82,3,1,1,3,1,3,3,3,1,3,1,1,1,1,1,1,3,1,3,3,3,1,1,1,3,1,1,1,1,1,1,1,1
83,3,1,1,3,1,1,1,1,1,1,1,3,1,3,3,3,1,1,3,1,1,1,1,3,1,3,3,1,1,1,1,1,1
84,3,1,3,3,1,1,1,3,3,3,3,1,3,1,3,3,1,1,1,1,3,1,1,1,1,3,1,1,3,1,3,3,1
85,3,1,1,1,3,3,1,3,1,1,3,1,1,3,1,3,1,1,3,1,1,1,1,3,1,3,1,1,1,1,3,1,1
86,3,1,1,1,1,1,3,1,3,1,3,1,3,3,3,3,1,1,3,3,3,3,1,1,1,1,1,1,1,1,1,3,3
87,3,1,3,1,3,1,1,3,3,3,1,3,1,3,1,1,1,3,1,3,1,1,1,1,1,3,3,3,1,3,3,3,1
88,3,3,3,3,3,3,3,3,3,3,1,3,3,1,1,3,1,3,1,3,3,3,3,3,3,3,3,1,3,3,3,3,3
89,3,3,3,3,4,3,3,3,3,3,3,3,3,3,3,3,3,3,3,3,3,3,3,3,3,3,3,3,3,3,3,3,3
90,3,1,3,3,3,3,1,3,1,3,3,1,3,3,3,3,3,3,1,3,3,3,3,1,3,3,3,3,3,1,3,3,3
91,3,1,1,3,3,3,1,1,1,3,3,3,1,3,3,3,1,3,3,1,1,1,3,1,1,3,1,1,3,3,1,3,3
92,3,1,1,3,3,3,1,3,3,3,3,3,1,3,3,3,3,3,3,3,1,1,1,1,3,3,3,3,3,3,3,1,3
93,3,1,3,3,3,3,3,3,1,3,1,1,3,1,1,1,3,1,1,1,3,3,1,3,3,3,1,1,1,3,1,3,3
94,3,1,3,1,1,3,3,3,3,1,3,3,3,1,3,1,1,1,3,3,3,1,1,3,3,1,1,3,3,3,3,3,3
95,3,1,1,1,3,1,1,1,1,1,3,1,1,3,1,3,1,1,1,3,3,1,1,1,1,1,3,3,1,3,1,3,1
96,3,1,1,1,3,1,1,3,1,3,3,3,3,3,3,3,3,3,3,1,3,1,3,3,1,3,3,3,3,1,3,3,3
97,3,1,3,1,3,1,3,1,3,1,1,1,1,1,1,1,3,1,3,1,1,1,3,3,3,3,3,1,1,3,1,1,1
98,3,3,3,3,3,3,3,3,3,3,3,3,3,3,1,3,3,3,3,1,3,3,3,1,3,3,3,3,3,3,3,3,3
99,3,3,3,3,3,3,8,3,3,3,3,3,3,3,3,3,3,3,3,3,3,3,3,3,3,3,3,3,1,3,3,3,3
100,3,3,3,3,3,1,3,1,1,1,3,1,3,3,2,3,1,3,1,3,3,3,3,3,3,1,3,1,3,3,1,3,1
101,3,3,3,3,3,3,3,3,3,3,3,1,1,3,1,3,3,3,3,1,3,3,3,3,3,1,3,3,3,3,3,3,3
102,3,3,3,3,3,3,3,3,3,3,3,1,3,3,3,3,3,1,3,3,3,3,3,1,3,3,3,3,3,3,3,3,3
103,3,3,3,3,3,3,3,3,3,3,3,3,3,3,3,3,3,3,3,3,3,3,3,3,3,3,3,3,3,3,3,3,3
104,3,3,3,3,3,3,3,3,3,3,3,3,3,3,3,3,3,3,3,3,3,3,3,3,3,3,3,3,3,3,3,3,3
105,3,3,3,3,3,3,3,3,3,3,3,3,1,3,3,3,3,3,3,3,3,3,1,3,3,3,3,3,3,3,3,4,3
106,3,3,3,3,3,3,3,3,3,3,3,3,3,3,3,3,3,3,3,3,3,3,3,3,3,3,3,3,3,3,3,3,3
107,3,3,3,3,3,3,3,3,3,1,3,3,3,3,3,3,3,3,3,3,1,3,3,3,3,3,3,3,3,3,3,3,3
108,3,3,3,3,3,3,3,3,1,3,1,3,3,3,3,3,3,3,3,3,3,3,3,2,3,3,3,3,3,3,3,3,3
109,3,3,1,3,3,3,2,3,3,3,5,3,3,3,3,5,5,3,5,3,3,3,5,2,5,1,3,3,3,3,5,3,3
110,3,1,3,3,3,1,1,1,3,1,3,1,3,3,3,3,1,1,1,3,1,3,1,1,3,1,1,3,1,3,1,1,1
111,3,1,1,1,1,3,1,1,2,3,3,1,2,3,1,1,3,1,3,3,3,1,2,3,1,1,3,1,3,3,1,1,3
112,3,1,1,1,2,3,3,2,3,2,1,1,3,1,1,3,1,1,8,2,3,2,1,3,2,2,2,3,1,1,1,2,3
113,3,1,2,1,3,5,1,3,1,2,2,1,1,1,1,1,2,3,1,3,3,3,2,1,1,3,1,1,1,3,1,3,2
114,3,1,2,3,2,2,3,5,1,2,2,3,2,2,2,1,2,2,1,2,2,1,3,3,2,1,3,3,1,2,3,2,1
115,3,1,1,1,1,3,1,3,3,1,1,1,1,3,1,3,3,1,1,3,3,3,3,2,3,1,1,2,3,1,1,1,7
116,3,2,1,2,8,2,2,5,2,5,2,2,3,2,2,2,1,3,2,2,2,1,2,2,2,1,2,2,2,2,3,2,2
117,3,2,2,2,2,2,1,1,2,1,2,1,2,2,1,3,2,2,2,2,1,2,1,2,3,1,3,3,2,1,2,5,2
118,3,2,1,2,2,2,5,3,2,1,2,3,2,2,3,1,1,3,1,8,2,2,2,1,1,1,2,1,2,2,2,1,1
119,3,1,3,3,1,3,2,3,3,2,2,2,2,2,2,1,3,2,1,2,3,3,1,2,3,3,2,1,2,2,2,1,1
120,3,1,2,2,1,2,2,1,3,3,2,2,1,1,3,2,1,1,2,2,3,1,2,2,2,3,3,3,1,2,2,2,1
121,3,1,5,3,3,3,2,1,2,1,2,3,2,2,1,1,3,3,5,1,2,3,3,2,3,3,1,1,1,1,1,2,1
122,3,2,2,5,2,2,1,2,1,1,2,5,1,2,3,2,1,3,1,2,2,1,2,1,1,3,2,2,2,2,3,3,2
123,3,2,3,1,1,2,8,3,2,1,2,2,2,3,2,1,3,2,3,2,3,3,1,2,1,2,3,2,3,2,2,2,2
124,3,1,3,3,3,2,1,3,1,3,3,3,3,3,3,3,2,3,8,3,1,3,2,1,1,3,3,1,1,3,2,3,2
125,3,1,8,1,2,1,3,1,3,2,3,3,1,2,1,1,3,3,2,8,3,3,1,2,1,3,1,1,1,3,1,1,1
126,3,1,3,1,2,3,3,2,1,1,1,3,1,3,3,2,3,1,1,3,3,1,3,2,3,3,1,3,3,3,3,3,3
127,3,1,3,3,3,3,3,3,1,1,3,1,3,3,1,3,3,5,3,1,3,3,3,1,3,3,1,1,3,3,1,1,3
128,3,1,1,3,5,1,3,1,1,3,3,3,1,1,3,3,1,1,3,3,3,3,1,3,3,3,3,3,3,2,3,1,2
129,3,1,1,1,1,1,1,3,1,1,1,1,1,1,1,1,1,3,3,1,3,2,1,1,3,3,1,3,1,3,1,8,3
130,3,3,3,3,3,3,3,3,3,3,3,3,3,3,3,3,1,3,3,3,3,3,3,1,3,3,3,3,3,3,3,3,1
131,3,3,3,1,1,3,3,3,3,3,3,1,3,3,3,1,1,3,3,3,5,3,3,3,3,3,3,3,3,1,3,3,3
132,3,3,3,3,3,3,3,3,3,3,3,3,3,3,3,3,3,3,3,2,3,3,3,3,3,3,3,3,3,3,3,3,3
133,3,3,3,3,3,3,3,7,3,3,3,3,3,3,3,3,3,3,3,3,3,3,3,3,3,3,3,3,3,3,3,3,3
134,3,3,1,3,3,3,3,3,1,3,3,3,3,3,3,3,3,3,3,3,3,3,3,3,3,3,3,3,1,3,3,3,3
135,3,3,3,3,3,3,1,3,2,3,3,3,3,3,3,3,3,3,3,3,3,3,3,3,3,3,3,3,3,3,3,3,3
136,3,3,3,3,3,3,3,3,3,3,3,3,3,3,3,3,3,3,3,3,7,3,3,3,3,3,3,3,3,3,3,3,3
137,3,3,7,3,2,3,3,3,3,7,3,3,3,7,7,3,3,3,3,3,3,5,3,3,3,3,3,3,1,3,3,3,3
138,3,3,3,5,3,3,3,3,3,3,3,3,3,3,3,3,3,3,3,3,3,3,3,3,3,3,3,3,3,3,3,3,3
139,3,3,3,3,3,3,3,3,3,3,3,3,3,3,3,3,3,3,3,3,3,3,3,3,3,3,3,3,3,3,3,3,3
140,3,3,3,3,3,3,3,3,3,3,3,7,3,3,3,3,3,3,3,3,3,3,3,3,3,3,3,3,3,3,3,3,3
141,3,3,3,3,3,3,3,3,3,3,3,3,3,3,3,3,3,3,3,3,3,3,3,3,3,3,3,3,3,3,3,3,3
142,3,3,3,3,3,3,3,3,3,3,3,3,3,3,3,3,3,3,3,3,3,3,3,3,3,3,3,3,3,3,3,3,3
143,3,7,3,5,5,3,3,5,7,7,1,5,5,7,3,5,3,1,5,5,5,3,7,3,1,3,5,1,3,7,7,3,7
144,3,1,1,1,1,1,1,1,1,1,1,1,1,1,1,1,1,1,1,1,1,1,1,1,1,3,1,7,1,1,3,1,1
145,3,1,1,1,1,1,1,1,8,1,1,1,1,1,1,1,1,1,1,1,1,1,1,1,1,1,1,1,1,1,1,3,1
146,3,1,1,7,1,1,1,1,1,3,1,3,3,1,1,1,7,1,7,1,1,1,3,1,1,1,1,1,1,1,1,1,1
147,3,1,1,1,3,1,1,1,1,1,1,1,1,2,1,3,1,3,1,1,3,1,1,1,3,1,7,1,1,1,3,3,1
148,3,1,1,1,1,1,1,1,1,1,1,1,1,1,1,1,1,1,1,1,1,1,1,1,1,1,1,1,1,1,1,1,1
149,3,1,1,1,7,1,1,8,1,1,3,1,3,1,1,1,1,3,1,1,1,1,1,1,3,1,1,3,1,1,1,3,1
150,3,1,1,1,1,1,1,3,1,3,1,1,3,1,1,3,1,1,1,1,1,1,1,1,1,2,1,1,1,1,1,1,7
151,3,1,1,1,3,1,1,1,1,1,1,1,3,1,1,1,3,1,3,1,1,1,3,1,3,3,1,1,8,1,1,1,1
152,3,1,1,1,3,1,1,1,1,3,3,1,1,3,3,1,3,1,1,3,1,1,3,3,3,1,1,3,1,2,3,1,3
153,3,1,1,1,1,3,1,1,1,1,1,1,1,1,3,1,3,1,3,1,1,1,1,1,1,1,1,1,1,3,1,1,0
154,3,1,3,1,1,1,1,1,3,1,3,1,1,1,3,1,1,1,1,1,1,1,3,1,1,1,3,1,3,1,1,1,1
155,3,1,1,1,1,1,1,1,1,1,8,1,1,1,1,1,1,1,1,3,1,1,3,1,3,3,1,1,1,1,1,1,1
156,3,1,1,3,1,1,1,1,1,1,1,1,3,1,1,1,1,1,1,1,1,1,1,3,1,1,1,1,1,7,1,1,1
157,3,1,1,1,1,3,1,1,3,1,1,1,7,1,1,1,3,1,1,1,1,1,1,3,1,1,1,7,1,1,1,1,1
158,3,1,1,1,1,3,1,1,1,3,1,1,3,1,3,1,1,1,3,1,3,1,1,1,1,1,1,1,1,1,3,1,1
159,3,1,3,1,3,1,1,1,3,1,1,1,1,1,1,3,1,1,1,1,1,1,3,1,1,1,1,1,1,1,1,1,3
160,3,1,1,1,1,1,1,1,1,1,1,1,1,1,1,1,1,1,1,3,1,3,3,1,1,1,1,1,1,1,1,1,1
161,3,1,3,3,3,1,1,1,7,3,1,1,1,3,1,1,3,1,3,1,1,1,1,3,1,3,3,3,3,3,3,1,1
162,3,1,1,1,1,1,1,7,1,3,1,3,3,1,1,1,1,3,1,3,1,3,3,3,1,1,1,1,3,3,1,3,1
163,3,1,2,1,1,1,3,3,1,1,1,1,1,7,1,1,3,1,3,3,1,1,1,1,1,1,3,1,1,1,1,1,1
164,3,1,1,1,1,3,1,1,3,3,1,1,1,1,3,3,1,3,1,1,3,3,1,1,1,1,1,1,1,1,3,3,3
165,3,1,3,1,3,1,1,1,3,1,1,1,1,3,1,1,3,1,1,1,3,1,1,1,1,1,3,3,1,1,3,1,3
166,3,1,1,3,3,1,3,1,1,1,3,3,1,1,1,3,3,3,1,1,1,1,1,3,3,3,1,1,3,3,1,3,1
167,3,1,1,1,1,1,1,1,1,1,3,3,3,1,1,1,1,1,1,1,1,1,1,1,1,3,3,3,1,3,1,1,1
168,3,1,1,1,3,3,1,3,3,1,3,1,3,1,3,3,3,1,1,1,3,1,3,1,1,1,1,3,3,1,1,1,1
169,3,1,1,1,1,1,1,1,1,3,1,3,3,1,3,1,1,3,1,3,3,1,1,1,5,3,1,3,3,1,1,1,3
170,3,1,1,1,1,1,1,1,1,1,3,3,1,3,3,3,1,1,1,3,1,3,1,1,1,1,1,1,3,1,3,1,3
171,3,1,3,1,1,3,1,3,3,1,1,1,1,3,1,1,1,3,3,3,1,1,1,1,1,1,1,3,3,1,1,1,1
172,3,1,1,1,1,3,1,1,3,3,1,3,1,1,1,1,1,1,1,1,3,3,3,1,1,1,1,1,1,1,3,3,3
173,3,1,3,1,1,3,1,1,3,3,3,1,1,1,1,1,1,1,3,1,3,1,1,1,1,1,3,3,1,1,1,1,3
174,3,1,1,3,1,1,3,1,1,1,3,1,1,3,1,1,3,3,1,1,1,3,1,3,3,3,3,3,3,1,1,1,1
175,3,1,1,1,1,1,1,1,1,1,1,1,1,3,1,1,1,1,1,1,1,3,1,1,1,1,3,3,3,3,1,1,1
176,3,1,1,1,1,1,1,3,3,1,1,3,1,1,1,1,1,1,1,1,1,1,1,1,1,1,1,1,3,1,1,1,1
177,3,1,1,1,3,1,1,1,3,1,1,3,1,1,1,1,3,1,1,3,1,3,3,3,3,1,3,1,3,1,1,3,1
178,3,3,3,3,3,3,1,3,3,3,3,3,3,3,1,3,3,5,1,3,3,3,1,3,1,1,3,3,3,3,3,1,3
179,3,1,1,3,1,3,1,3,3,1,3,3,1,3,1,1,3,3,3,3,3,3,3,3,1,3,3,3,3,1,3,3,3
180,3,1,3,1,1,1,1,3,1,1,7,3,1,1,3,1,3,3,1,1,1,1,3,1,1,3,3,3,3,1,1,1,1
181,3,1,3,1,1,3,7,1,1,3,1,3,1,1,3,3,3,1,1,3,1,3,3,3,1,3,1,1,3,3,3,1,3
182,3,3,3,3,3,1,3,3,3,3,3,3,1,1,1,3,5,3,3,1,3,3,3,3,3,3,3,3,3,3,3,3,3
183,3,3,3,3,3,3,3,3,3,3,3,3,3,3,3,3,3,1,3,3,3,1,3,3,3,3,3,3,3,3,3,3,3
184,3,1,1,3,1,1,1,3,3,3,3,7,3,1,1,1,3,3,1,1,1,3,3,3,1,3,3,3,3,3,1,8,3
185,3,1,1,1,3,1,3,3,1,3,1,1,3,1,1,3,3,1,1,3,1,1,1,3,1,1,1,1,3,3,3,1,1
186,3,1,1,1,3,1,3,1,3,3,1,3,1,3,7,3,3,1,3,3,3,3,3,3,3,3,3,1,3,1,3,3,3
187,3,1,1,1,1,3,1,1,1,1,1,3,3,3,1,3,1,3,3,1,1,3,1,3,3,3,1,1,1,1,1,3,3
188,3,1,3,1,1,1,1,3,1,1,3,1,3,3,1,3,1,3,1,1,3,3,7,3,1,3,3,1,1,3,3,1,1
189,3,1,1,3,1,3,3,3,3,1,3,1,1,1,1,3,3,1,1,3,3,1,1,1,1,1,3,1,1,1,3,1,3
190,3,3,3,3,3,3,3,3,3,1,3,3,3,3,3,1,3,3,3,3,3,3,3,1,3,3,3,3,3,1,3,3,3
191,3,3,3,3,3,3,3,7,3,1,3,3,3,3,3,3,3,3,3,3,1,3,1,3,3,3,3,5,3,3,3,3,3
192,3,1,3,3,3,1,1,3,3,1,1,3,1,3,1,1,3,3,3,3,3,3,1,3,1,1,3,1,3,1,1,1,1
193,3,1,1,3,3,1,3,3,1,3,1,3,3,3,3,3,3,1,1,3,3,1,3,3,3,3,3,3,1,1,3,1,3
194,3,1,3,3,1,3,1,3,3,3,3,1,1,1,3,1,3,3,1,3,3,1,3,3,3,5,3,3,1,3,1,1,3
195,3,1,3,3,3,3,3,1,3,3,1,1,3,3,3,3,3,1,3,3,1,3,1,3,3,1,3,8,3,3,3,1,3
196,3,3,5,5,3,3,3,5,3,3,3,3,3,3,3,3,3,3,3,5,3,3,3,3,3,3,3,3,3,3,3,3,3
197,3,3,1,1,1,3,3,1,3,3,3,1,3,3,5,3,3,2,3,3,1,3,3,3,3,1,1,3,3,1,3,1,3
198,3,1,3,3,3,1,1,3,5,3,1,1,1,2,1,1,2,1,2,1,2,3,2,1,3,1,3,1,2,3,3,1,3
199,3,3,3,3,3,1,8,7,3,3,3,3,3,3,5,3,3,3,5,3,3,3,3,3,2,3,3,3,3,2,3,3,1
200,3,2,2,2,2,2,3,3,3,8,2,2,2,2,1,2,2,2,2,3,2,3,1,1,3,7,3,3,1,1,7,2,2
201,3,2,8,2,2,1,3,3,3,1,3,3,2,3,2,3,3,3,3,3,3,2,3,3,1,3,2,3,2,3,7,3,2
202,3,2,3,2,3,3,3,1,2,2,2,2,3,1,2,3,3,3,7,7,3,3,2,3,3,2,3,7,2,2,2,3,3
203,3,2,3,3,2,2,7,3,3,2,2,1,1,2,2,3,2,7,2,3,3,2,2,3,2,3,3,3,3,2,2,1,2
204,3,2,3,3,3,3,3,3,3,3,3,2,3,3,3,3,2,3,3,7,3,3,5,3,3,7,2,1,3,5,3,3,3
205,3,2,5,2,3,8,3,3,3,3,2,2,3,2,3,3,3,2,3,3,3,3,2,7,7,1,3,2,3,2,3,2,2
206,3,2,2,3,2,2,2,2,2,3,3,3,2,3,2,3,3,5,2,2,2,3,2,3,3,8,8,3,3,3,2,2,3
207,3,3,3,3,3,3,8,3,3,3,3,2,3,3,3,3,3,8,3,3,3,5,3,3,3,3,5,3,3,3,3,3,3
208,3,7,3,3,7,3,3,3,2,3,7,3,2,2,3,3,3,7,7,7,3,3,3,3,3,3,7,3,2,7,3,3,7
209,3,7,7,2,7,3,3,3,2,7,7,3,3,3,3,7,7,3,3,8,7,7,2,7,3,3,7,7,7,2,3,3,5
210,3,7,3,3,2,3,3,3,3,3,3,2,3,3,3,3,3,7,3,3,3,7,3,2,7,2,3,3,3,7,3,7,2
0,4,7,3,3,7,2,3,7,3,2,7,3,3,3,2,7,3,3,3,7,3,7,3,7,7,3,7,3,7,2,3,7,3
1,4,7,2,3,3,3,7,3,2,3,3,3,7,3,5,3,3,7,7,5,7,7,7,3,3,7,2,7,3,7,5,3,3
2,4,7,7,3,3,5,3,3,5,3,3,3,3,3,2,3,3,2,3,3,7,3,7,3,3,7,3,3,3,3,3,3,3
3,4,2,2,2,2,3,2,2,2,2,2,2,2,2,2,7,3,2,2,2,3,3,3,3,2,3,3,3,2,2,3,2,3
4,4,2,2,2,3,2,7,2,3,3,2,3,1,2,2,2,3,3,2,3,3,3,2,2,2,3,3,2,2,3,1,3,3
5,4,3,3,3,5,3,3,3,3,3,3,3,3,3,3,3,3,3,3,3,3,3,3,3,3,2,3,3,3,3,3,2,3
6,4,3,3,3,3,3,3,3,3,7,3,3,3,3,3,3,3,2,3,3,3,3,3,3,2,3,3,3,3,3,3,3,3
7,4,3,3,3,3,3,3,8,3,2,3,3,3,3,2,2,2,3,2,3,3,3,3,3,5,3,3,3,3,3,3,3,3
8,4,3,3,3,3,3,3,3,3,2,3,3,2,3,2,3,3,3,3,3,5,3,3,5,3,2,3,2,3,3,3,3,2
9,4,3,5,3,3,3,3,3,3,3,3,3,3,3,3,3,3,3,3,3,3,3,3,3,3,3,3,3,3,3,3,3,3
10,4,3,3,3,3,3,3,3,3,3,3,3,3,3,3,3,3,3,3,3,3,3,3,3,7,3,3,3,3,3,5,3,5
11,4,5,3,3,5,1,5,5,5,5,5,5,5,5,7,5,3,5,1,5,1,5,3,5,5,5,5,5,5,5,5,5,5
12,4,5,5,5,5,5,5,5,5,5,5,5,3,3,5,5,3,3,5,5,5,5,5,3,5,5,5,5,5,3,5,3,5
13,4,5,5,5,3,1,3,5,3,5,5,5,5,5,5,5,5,5,5,5,3,5,5,5,3,3,5,5,5,7,5,5,3
14,4,5,5,5,5,5,5,7,5,3,5,5,1,5,5,5,3,5,5,5,5,5,3,1,3,5,5,3,5,5,5,5,3
15,4,5,3,5,5,5,5,5,5,5,3,5,5,3,5,5,3,5,5,5,5,5,5,5,5,5,5,5,5,3,1,5,5
16,4,5,5,1,3,5,5,5,3,5,5,5,5,5,5,5,5,5,3,5,3,5,5,5,5,3,5,3,5,3,5,5,3
17,4,5,5,3,5,8,3,5,5,5,1,5,5,5,3,1,3,3,3,3,5,3,5,5,5,5,5,5,5,5,2,5,3
18,4,5,5,5,5,5,5,5,5,1,5,1,3,7,4,3,5,5,5,5,5,5,5,5,5,5,5,5,5,5,5,5,5
19,4,5,5,1,1,5,5,1,1,1,1,5,1,5,5,5,1,1,5,5,3,5,5,5,1,5,5,5,1,1,5,1,5
20,4,1,1,1,1,1,1,1,1,1,1,1,1,3,1,1,1,1,1,3,1,3,1,1,1,1,1,1,1,1,1,3,3
21,4,3,3,3,2,3,3,1,3,3,3,3,3,3,2,3,3,3,3,3,3,3,3,3,3,3,3,1,3,3,1,3,3
22,4,1,2,1,1,1,1,1,1,1,1,1,1,1,1,3,2,1,1,3,1,1,3,1,1,3,1,1,2,1,2,1,3
23,4,1,1,1,1,1,1,1,1,1,1,1,1,1,1,1,1,1,1,1,2,1,1,1,1,1,1,1,2,1,1,1,1
24,4,1,3,1,3,1,1,1,3,1,1,1,1,1,1,3,1,3,1,1,1,3,1,1,1,3,3,3,1,1,1,1,1
25,4,1,1,3,1,1,1,1,1,1,1,1,1,3,1,1,1,1,1,1,1,1,1,1,1,1,1,1,1,1,1,1,1
26,4,1,1,1,1,1,3,1,1,1,3,1,1,1,1,1,2,1,1,3,1,3,3,1,1,1,1,1,3,3,1,1,1
27,4,1,1,1,1,2,1,1,1,1,1,1,1,1,1,1,3,1,1,1,1,1,1,1,1,1,1,1,1,1,1,1,1
28,4,1,1,2,1,7,1,1,1,1,1,1,1,1,1,1,1,3,1,1,8,1,1,1,1,1,1,1,1,1,1,3,1
29,4,1,1,1,1,1,1,1,1,1,1,1,3,3,1,1,1,1,1,3,1,1,2,1,1,1,1,1,1,1,1,1,1
30,4,1,1,3,1,3,1,1,1,1,3,1,1,3,1,1,1,1,3,1,1,3,7,1,1,1,1,3,1,1,1,1,3
31,4,1,1,3,1,1,5,1,1,1,1,3,1,3,1,1,1,1,1,1,3,1,3,1,1,1,1,1,1,1,1,1,1
32,4,1,1,3,1,1,1,1,1,1,1,1,1,1,1,1,1,1,1,1,2,1,1,1,3,1,1,1,1,1,1,1,1
33,4,1,3,1,1,1,3,1,1,1,3,3,3,1,1,1,1,1,1,1,1,3,1,3,1,1,3,1,1,3,1,1,3
34,4,1,1,1,1,1,3,1,1,3,1,1,1,3,3,1,1,1,1,1,1,1,2,3,3,1,1,1,1,1,1,9,1
35,4,1,1,1,1,1,1,1,3,1,1,3,1,1,1,1,1,1,1,3,1,1,1,1,1,1,1,1,1,1,1,1,1
36,4,1,3,1,1,1,1,1,1,1,1,3,1,1,3,1,2,1,1,1,1,3,1,1,1,1,1,1,1,1,1,1,1
37,4,1,1,3,1,1,2,1,3,1,3,1,1,1,1,1,3,1,1,1,3,1,1,1,1,1,1,1,1,1,1,3,1
38,4,1,1,1,2,1,1,1,3,3,1,1,1,3,1,3,1,1,1,1,1,1,1,3,3,1,1,1,3,1,3,1,1
39,4,1,2,3,8,2,3,1,1,1,1,1,1,3,1,1,1,1,1,1,3,3,5,1,1,1,1,1,1,3,8,1,1
40,4,3,3,3,1,1,1,1,1,1,1,1,1,1,1,1,1,1,1,1,1,3,1,1,1,3,1,1,1,1,2,1,1
41,4,3,1,3,1,3,3,1,1,1,3,1,1,3,1,1,3,3,3,3,3,2,3,2,3,3,3,1,1,1,3,1,3
42,4,1,3,3,1,1,1,1,3,1,1,3,1,1,1,1,1,1,1,3,1,3,3,1,3,1,3,3,3,3,1,3,1
43,4,1,1,1,3,3,1,1,1,3,1,3,1,3,1,3,3,1,3,1,1,1,1,1,3,1,3,3,3,3,3,1,3
44,4,3,3,3,3,3,3,1,1,1,1,1,3,3,3,1,1,3,1,3,1,1,3,3,3,3,3,3,1,3,1,1,3
45,4,3,3,3,3,3,3,3,3,3,3,3,3,7,3,3,3,3,3,3,3,3,3,3,3,3,3,3,3,3,3,3,3
46,4,3,3,3,3,3,1,3,3,3,3,3,3,3,1,3,3,3,3,3,3,3,3,3,3,3,3,3,3,3,3,3,3
47,4,3,3,3,3,3,3,3,3,3,3,3,3,3,3,1,3,3,3,3,3,3,3,3,3,3,3,3,3,3,3,3,3
48,4,3,1,3,3,3,3,8,3,3,3,3,3,3,3,3,3,3,3,3,3,3,3,3,3,2,2,3,3,3,7,1,3
49,4,1,1,3,1,3,3,3,3,3,3,1,3,1,1,3,1,1,3,1,1,3,1,1,1,3,2,3,3,1,3,1,3
50,4,1,3,1,3,1,3,1,3,5,1,3,1,1,1,3,1,1,3,3,1,1,1,3,1,3,1,1,1,1,1,1,1
51,4,1,3,1,1,1,1,3,3,1,3,1,3,1,1,3,3,1,1,3,3,1,1,1,1,1,1,3,1,1,3,3,0
52,4,3,3,3,3,3,1,1,3,3,3,3,3,3,3,3,3,3,3,3,1,3,3,3,3,3,3,1,3,3,1,3,3
53,4,3,1,3,3,3,3,3,3,3,3,1,3,3,3,3,3,3,3,3,1,3,3,3,3,3,3,3,3,2,3,3,3
54,4,3,3,3,1,3,3,3,3,3,1,1,3,1,3,3,3,3,3,3,3,3,3,1,3,1,3,3,3,3,3,1,3
55,4,1,3,1,3,3,1,3,3,1,3,3,1,3,3,1,3,8,1,3,3,1,1,1,1,3,1,1,1,3,1,3,3
56,4,1,3,3,1,3,3,1,3,1,3,3,3,1,1,3,1,1,3,1,1,3,3,3,1,1,3,1,1,3,1,3,3
57,4,1,3,1,3,3,1,3,1,2,3,1,3,3,3,1,1,1,3,1,1,3,3,3,3,3,3,3,1,3,1,1,1
58,4,3,3,3,3,3,2,2,3,3,3,3,3,2,3,3,3,3,2,3,3,3,3,8,3,3,3,3,3,3,3,3,3
59,4,3,3,3,3,8,3,3,3,3,3,3,2,3,3,3,3,3,3,3,3,3,2,3,2,3,3,3,3,2,2,3,3
60,4,2,2,2,2,2,3,1,8,2,3,2,2,3,2,2,3,2,8,2,2,2,2,3,3,2,8,2,2,2,2,2,2
61,4,2,2,2,2,2,2,2,2,2,2,2,2,3,2,8,2,2,2,2,2,2,2,2,2,2,2,2,2,3,2,2,2
62,4,1,1,1,1,1,3,3,1,1,2,3,3,1,1,1,2,1,1,1,3,3,1,3,3,1,1,1,3,3,3,1,1
63,4,1,3,1,1,1,1,1,1,1,1,1,1,1,1,3,1,1,3,1,2,1,1,1,1,1,1,1,8,1,1,1,1
64,4,1,1,1,1,2,3,1,1,1,1,3,1,1,1,1,3,1,1,1,1,1,1,1,3,1,3,1,3,1,1,3,1
65,4,1,3,3,1,1,1,2,1,1,2,1,1,1,3,1,3,1,1,1,1,1,3,1,3,2,1,1,2,1,1,1,1
66,4,1,2,2,3,1,3,3,3,1,3,3,1,1,1,1,1,2,1,3,1,3,1,2,1,1,1,1,1,1,1,1,1
67,4,1,1,1,3,3,3,3,1,1,2,3,3,1,1,1,3,1,3,1,1,1,1,2,1,3,1,1,3,3,3,1,3
68,4,1,1,1,1,3,1,1,1,3,3,3,3,2,1,3,3,1,3,1,1,1,1,1,1,1,3,1,3,3,1,1,1
69,4,1,3,1,3,1,1,3,1,1,1,3,3,1,3,1,3,1,1,1,1,1,1,1,3,1,3,1,1,1,1,1,3
70,4,1,3,3,3,1,3,1,3,1,1,2,1,3,1,1,1,1,3,1,1,1,1,1,1,2,3,1,3,3,3,3,3
71,4,1,1,3,1,3,2,1,3,3,1,1,1,1,1,3,1,1,3,3,1,3,1,3,3,1,1,3,3,2,1,1,3
72,4,1,1,1,1,1,1,3,1,1,3,3,1,1,2,1,1,1,1,1,1,3,1,1,1,1,1,1,1,1,1,3,1
73,4,1,1,2,3,1,1,1,2,2,1,1,1,1,1,1,1,3,3,1,1,1,1,3,1,2,1,1,1,1,1,3,1
74,4,3,3,3,3,3,3,3,3,3,3,3,3,3,3,3,3,3,3,3,3,3,3,3,3,3,3,3,3,3,3,3,3
75,4,3,3,3,2,3,3,3,3,3,1,3,3,3,3,3,4,3,3,3,3,3,3,3,3,1,3,3,3,3,3,3,3
76,4,3,3,3,3,3,3,3,3,3,3,2,4,3,5,1,3,7,3,3,3,3,3,1,3,1,3,3,3,3,3,3,3
77,4,3,3,3,3,3,3,2,3,5,3,3,3,1,3,3,3,2,3,3,3,2,3,3,3,3,3,3,3,1,3,3,3
78,4,3,3,1,3,3,3,3,3,3,3,3,3,3,3,3,3,3,3,3,3,3,3,3,3,3,3,3,3,3,3,3,3
79,4,3,3,3,3,3,3,3,3,3,3,3,3,3,3,3,3,3,3,3,3,1,7,3,3,3,3,3,3,3,3,3,3
80,4,3,2,3,3,3,3,3,3,3,1,3,3,3,3,3,3,3,3,3,3,3,3,3,1,3,3,3,3,3,3,3,3
81,4,1,3,1,1,3,3,3,3,3,5,3,3,3,3,5,3,3,1,3,3,1,3,3,3,1,3,3,3,3,3,3,3
82,4,1,1,3,5,1,5,1,3,1,3,3,5,3,3,3,3,3,3,3,3,5,3,1,3,3,5,1,1,5,1,3,3
83,4,1,1,1,1,3,1,1,1,3,3,3,3,1,1,3,3,3,1,1,3,1,1,1,3,3,3,1,1,3,3,1,1
84,4,1,3,3,1,1,3,1,3,3,3,3,1,1,3,3,3,1,2,1,3,3,1,1,3,3,3,3,1,5,1,1,7
85,4,1,3,3,5,3,1,5,3,5,3,3,3,1,1,3,1,5,3,1,3,1,1,1,1,1,3,1,3,5,3,3,1
86,4,3,3,1,3,3,3,3,1,3,3,3,3,3,3,1,3,3,3,3,3,3,1,3,3,3,3,3,3,3,4,3,3
87,4,3,3,3,3,3,3,3,3,3,3,3,3,3,3,3,3,3,1,3,3,3,3,3,3,3,3,3,3,3,3,3,3
88,4,3,3,2,3,3,3,3,3,1,3,3,2,3,3,3,3,3,3,3,3,3,3,3,1,3,3,3,3,3,3,3,1
89,4,3,3,3,3,3,3,3,1,3,3,3,3,3,2,3,3,3,3,3,3,3,3,3,3,3,3,3,3,3,3,3,3
90,4,3,3,3,3,3,3,3,3,3,3,3,3,3,3,3,3,3,5,3,2,3,3,3,3,3,3,3,3,5,3,5,3
91,4,3,3,3,3,3,3,3,3,2,3,3,3,3,3,3,3,3,3,1,5,3,3,5,3,3,1,3,3,3,3,3,3
92,4,3,3,3,3,3,3,3,3,3,3,3,3,3,3,3,3,5,3,3,3,3,3,3,3,3,3,5,3,3,3,3,3
93,4,3,3,3,5,3,3,3,3,3,3,3,3,3,3,3,1,5,3,3,3,3,3,3,3,3,3,3,3,3,3,3,3
94,4,3,3,3,3,3,5,3,3,3,3,3,3,3,3,3,3,3,3,3,3,5,3,3,3,3,3,3,1,3,1,3,3
95,4,3,3,3,3,3,3,1,3,3,3,3,5,3,3,3,3,3,3,3,3,3,3,3,3,3,3,3,3,3,3,3,3
96,4,3,3,3,3,3,3,3,3,3,2,3,1,3,2,3,3,3,3,3,3,3,3,3,3,3,3,3,3,3,5,3,3
97,4,3,3,3,3,3,3,3,3,3,3,3,3,3,3,3,1,3,3,1,3,3,3,3,3,3,2,3,1,3,3,3,2
98,4,3,3,3,1,3,3,3,3,3,3,3,1,3,3,3,1,3,3,3,3,3,3,3,3,3,3,3,3,3,3,3,3
99,4,3,3,3,3,3,5,3,3,3,3,3,3,3,3,3,3,3,3,3,3,3,3,3,3,3,3,3,3,3,3,3,3
100,4,1,1,3,1,1,1,1,1,1,3,1,1,1,5,1,3,1,1,3,1,1,1,1,1,3,3,1,3,1,1,1,3
101,4,1,1,1,1,1,1,1,1,3,1,1,3,1,1,3,1,1,1,1,1,1,1,1,2,1,3,1,1,1,1,1,7
102,4,1,1,1,1,1,1,1,1,1,1,1,1,1,1,1,1,1,1,1,1,1,1,1,1,1,1,1,1,1,3,1,1
103,4,1,5,1,1,1,1,3,1,1,1,1,1,7,1,1,1,1,1,3,1,1,1,1,1,1,1,3,3,1,3,1,3
104,4,1,1,1,1,1,1,1,1,1,1,1,1,3,1,1,1,7,3,1,1,1,7,3,1,1,3,3,1,1,1,1,3
105,4,1,1,1,1,1,1,1,1,2,1,2,3,1,1,1,1,1,1,3,3,1,1,1,1,1,1,1,1,3,1,3,1
106,4,1,1,3,1,1,1,1,1,1,1,3,1,1,1,1,1,3,1,1,1,1,1,1,1,1,3,1,1,1,5,2,1
107,4,1,1,1,1,1,3,3,1,3,1,1,1,1,1,1,5,1,1,1,1,5,1,1,3,1,1,1,1,1,1,1,1
108,4,1,1,1,3,1,3,1,2,1,3,1,1,5,2,1,1,1,1,1,1,1,1,2,1,3,1,1,1,1,1,1,1
109,4,1,3,1,1,3,1,1,3,1,1,1,3,1,3,3,1,1,1,1,1,3,3,3,3,3,1,1,1,1,1,1,3
110,4,1,3,1,1,1,3,7,1,1,1,1,1,3,1,3,1,1,1,3,1,1,5,1,1,2,1,3,3,3,1,1,2
111,4,1,3,1,1,1,3,3,3,3,3,1,3,3,3,1,5,1,1,1,1,3,3,1,1,1,3,1,1,1,3,1,3
112,4,3,3,3,1,3,1,1,3,1,1,1,1,1,1,1,1,3,1,3,3,1,1,1,1,3,1,3,1,3,3,3,1
113,4,1,3,3,3,3,1,3,3,1,3,3,1,1,3,3,1,3,1,3,1,3,1,3,3,3,3,1,1,3,1,3,1
114,4,3,1,3,5,3,1,1,3,3,3,1,1,3,1,3,3,2,1,1,1,1,1,1,1,1,3,1,3,1,1,3,3
115,4,1,1,3,1,1,1,3,1,3,3,1,3,3,3,1,1,3,1,1,3,2,2,1,1,1,1,1,3,1,3,3,1
116,4,1,3,1,3,1,3,3,1,3,3,3,3,1,3,3,1,1,3,3,1,3,3,1,3,3,1,3,1,1,3,1,1
117,4,1,1,1,1,1,1,1,1,1,1,1,1,3,1,1,3,1,1,1,1,1,1,3,1,1,1,1,3,1,3,1,1
118,4,1,1,1,3,1,3,1,1,1,1,1,3,1,3,1,1,1,3,1,1,1,1,3,3,1,1,1,3,1,7,1,1
119,4,1,1,1,1,1,1,1,1,1,1,3,1,3,1,1,1,1,1,1,1,1,8,3,1,1,1,1,3,3,3,1,1
120,4,1,3,1,1,3,1,1,1,3,1,2,1,3,3,7,1,3,1,1,1,3,3,3,1,1,1,3,3,1,1,3,3
121,4,1,3,1,7,1,3,1,3,3,3,3,1,3,3,3,1,1,1,5,1,1,1,3,8,3,1,1,3,1,1,1,1
122,4,1,1,1,1,3,1,3,1,1,1,1,1,1,3,1,1,1,3,1,2,1,1,3,1,1,3,3,3,1,1,1,1
123,4,1,1,1,1,3,3,3,3,3,3,1,1,1,1,1,1,1,1,1,1,1,1,1,1,3,1,1,3,1,1,1,3
124,4,1,1,3,3,1,3,1,3,1,1,1,3,3,7,1,1,2,3,3,7,3,3,1,3,3,3,3,1,7,3,1,3
125,4,1,3,1,5,1,2,1,1,2,3,1,1,1,3,1,1,1,1,1,1,3,1,3,1,1,1,1,1,1,8,1,3
126,4,1,7,1,1,1,1,1,1,1,3,1,1,1,1,3,1,1,2,3,1,2,7,1,1,1,2,1,1,1,1,1,1
127,4,1,3,1,1,1,1,1,3,1,1,1,1,1,2,3,3,1,1,1,1,2,3,1,1,1,1,1,1,2,1,3,1
128,4,1,1,1,2,1,2,1,1,2,3,1,1,1,2,1,3,3,1,1,2,1,1,1,3,1,1,2,2,1,1,3,5
129,4,1,1,1,3,1,1,3,3,1,1,2,3,1,1,1,1,1,3,1,1,1,1,4,2,1,1,1,1,3,1,1,1
130,4,1,1,2,1,3,1,1,1,1,1,3,7,1,3,1,3,1,3,1,1,1,1,1,1,3,1,1,3,1,1,3,3
131,4,1,3,3,1,3,1,1,2,1,1,1,1,2,1,3,1,1,1,1,3,1,1,1,1,3,2,1,3,1,1,1,1
132,4,1,2,1,1,1,2,2,3,1,2,5,2,1,1,1,2,2,2,1,1,1,3,2,1,1,3,1,2,2,1,1,1
133,4,2,1,3,2,2,2,2,3,3,1,2,3,1,1,2,1,2,2,1,1,1,1,2,1,1,3,1,1,2,1,1,2
134,4,1,1,3,1,1,2,3,1,3,1,1,1,2,1,2,1,3,1,1,1,2,1,2,2,2,2,2,1,1,2,3,2
135,4,2,3,2,2,3,3,2,2,3,2,2,2,2,3,1,2,7,2,2,2,2,1,2,1,2,2,7,1,3,2,2,2
136,4,7,7,7,1,3,7,7,3,2,7,1,3,3,7,7,7,3,3,7,7,2,7,2,7,7,7,7,1,7,5,1,3
137,4,1,3,3,1,3,3,1,1,3,1,5,1,2,3,1,1,1,7,2,3,3,7,3,7,1,7,7,7,3,1,1,2
138,4,3,3,3,7,1,3,3,7,3,3,7,7,3,3,3,3,7,3,3,3,7,3,3,7,3,3,3,3,3,3,3,7
139,4,7,3,3,7,3,7,5,1,7,3,7,3,3,3,7,1,7,7,1,7,2,3,7,2,7,1,3,3,7,7,7,7
140,4,7,7,1,7,7,1,7,3,1,7,7,3,7,3,7,3,3,7,3,7,1,7,7,1,3,1,3,7,1,1,3,3
141,4,1,3,1,7,1,1,1,1,3,5,1,3,3,3,1,3,1,1,1,3,2,1,4,3,3,1,3,1,1,1,1,7
142,4,3,3,3,3,3,3,3,7,3,3,3,3,3,3,3,3,3,3,7,7,7,3,7,3,3,1,7,7,3,3,3,3
143,4,3,3,3,3,3,3,3,3,3,3,3,3,3,3,3,3,3,3,7,3,3,1,3,3,3,3,3,3,1,7,3,3
144,4,3,3,3,3,3,3,3,3,3,3,3,3,3,3,3,3,3,3,3,3,3,3,3,1,3,3,3,3,3,3,1,3
145,4,1,1,2,3,1,1,1,1,3,3,3,1,2,3,3,1,3,1,3,1,1,3,3,3,3,1,3,1,1,1,7,3
146,4,1,1,2,7,3,1,7,1,7,1,1,1,1,1,1,7,7,7,3,1,1,3,3,1,1,1,1,3,7,1,3,7
147,4,7,3,3,3,7,7,7,3,3,7,3,3,7,3,7,7,3,1,7,3,3,3,3,3,7,3,7,3,7,3,7,7
148,4,7,7,7,3,3,7,7,3,7,7,3,3,1,3,7,3,7,3,3,3,7,7,7,7,4,4,3,3,7,3,3,3
149,4,1,1,1,3,1,3,3,1,3,3,3,3,3,1,1,2,3,3,3,4,3,3,3,3,3,3,3,1,3,2,4,3
150,4,3,3,1,3,3,3,3,3,3,3,3,3,3,3,2,3,3,1,3,3,2,3,3,3,3,3,3,3,3,3,3,3
151,4,3,3,3,3,3,2,3,3,3,3,3,3,3,3,3,3,3,3,3,7,3,3,2,3,3,3,3,2,3,3,3,3
152,4,3,7,3,3,3,7,3,3,3,3,3,3,1,3,3,3,3,3,3,3,3,3,3,1,3,3,3,3,3,3,3,3
153,4,3,3,3,3,3,7,3,3,3,3,3,3,7,3,3,3,3,3,3,3,3,3,3,3,3,3,3,3,3,3,3,3
154,4,3,3,3,3,3,3,3,3,3,7,3,3,2,3,3,3,3,3,3,3,3,1,3,3,3,3,3,3,3,3,3,3
155,4,3,3,3,3,1,3,3,3,3,3,3,3,3,3,3,3,3,1,3,3,3,3,3,1,3,3,3,3,3,1,1,1
156,4,3,3,3,3,3,3,3,3,3,3,3,3,3,3,3,3,3,3,3,3,3,3,3,3,3,3,3,3,3,4,3,3
157,4,3,3,3,3,3,3,3,3,3,3,3,3,3,3,8,3,3,3,3,3,1,3,3,3,3,3,3,3,3,3,3,3
158,4,3,3,3,3,3,3,3,3,3,7,3,3,3,3,3,3,3,3,7,3,3,3,3,3,3,3,3,3,3,3,3,3
159,4,3,3,3,3,3,3,3,3,3,3,3,7,3,3,3,1,3,3,3,1,3,3,3,3,3,3,3,3,3,3,3,3
160,4,3,7,3,3,3,3,3,3,3,3,3,3,3,3,3,3,3,3,3,3,3,3,3,3,3,3,7,3,3,3,3,3
161,4,3,3,1,3,3,3,3,7,3,3,3,3,3,3,3,2,3,3,3,3,3,3,3,3,3,3,3,3,3,3,3,3
162,4,3,3,3,7,3,3,3,3,3,3,3,3,3,3,7,3,7,3,3,3,3,3,3,3,3,3,3,3,3,3,3,3
163,4,7,3,3,7,2,7,3,7,3,3,3,7,7,7,1,2,3,7,7,7,7,2,7,3,3,3,3,7,3,2,7,7
164,4,7,1,7,7,3,1,3,7,2,7,3,7,3,3,3,3,1,2,3,3,7,3,7,7,3,3,7,3,2,1,3,3
165,4,2,3,2,7,2,3,3,3,2,2,3,3,7,2,1,3,2,3,3,3,3,2,7,2,1,3,7,3,2,7,2,3
166,4,3,3,3,3,7,3,3,3,3,7,3,3,3,3,3,3,3,7,2,3,2,2,3,1,3,3,3,3,2,1,3,3
167,4,7,2,2,7,7,2,3,7,2,3,7,3,7,3,3,4,2,2,3,7,7,7,7,8,2,2,3,3,2,7,7,2
168,4,7,3,3,3,3,3,3,3,1,3,3,3,3,3,3,7,3,3,3,3,3,7,3,3,3,1,3,3,3,3,7,3
169,4,3,3,3,2,3,3,3,3,3,3,3,3,3,3,3,3,3,2,3,3,3,3,3,3,3,3,2,3,3,3,3,7
170,4,1,1,7,2,1,3,7,1,2,1,2,3,1,1,3,3,2,2,7,3,1,1,3,2,1,1,3,3,1,3,3,3
171,4,3,3,3,3,3,3,3,3,3,3,3,3,3,3,3,3,3,3,2,3,3,3,3,3,3,3,3,3,3,3,3,3
172,4,3,3,3,3,3,7,3,3,3,7,7,3,3,3,3,3,3,7,3,3,3,3,3,3,7,3,3,7,2,3,7,3
173,4,3,3,3,3,3,1,3,3,3,1,3,3,1,3,3,3,3,3,1,1,3,3,3,1,1,3,1,3,3,1,1,1
174,4,1,5,1,1,1,1,1,1,1,1,1,1,1,1,1,1,1,1,1,1,1,1,1,1,1,1,1,3,3,1,1,1
175,4,3,3,3,3,3,3,3,3,3,3,3,3,3,3,3,3,3,3,3,3,3,3,3,3,3,3,1,3,3,3,3,3
176,4,3,3,3,3,3,3,3,3,3,3,3,3,3,3,3,3,3,3,3,3,3,1,3,3,3,3,3,1,3,3,3,3
177,4,1,1,1,1,1,1,5,5,3,1,1,1,1,3,1,1,1,1,1,3,1,1,1,1,1,1,1,1,1,1,1,1
178,4,1,3,1,1,1,1,3,1,1,3,1,3,3,1,3,3,1,1,1,1,3,1,3,1,1,1,1,3,5,1,1,1
179,4,3,3,3,1,3,3,3,3,3,1,3,1,1,1,1,3,3,3,1,3,1,1,3,1,3,1,3,1,3,3,3,3
180,4,3,3,3,1,3,3,3,3,3,1,3,3,3,3,3,3,3,3,1,3,3,3,3,3,3,3,3,3,3,3,3,3
181,4,3,1,1,3,3,3,1,3,1,3,1,1,3,1,3,3,1,1,1,3,1,3,1,3,3,3,3,1,3,1,1,1
182,4,3,3,3,3,3,3,2,1,3,3,3,3,3,3,3,3,3,3,3,1,3,3,3,1,1,3,3,3,3,3,3,3
183,4,3,3,2,3,3,3,1,3,3,3,3,3,1,3,3,1,3,3,3,3,3,3,3,1,3,3,3,3,3,3,1,1
184,4,3,3,3,3,1,3,1,3,3,3,1,3,3,3,1,3,3,3,3,3,1,3,3,3,3,1,3,3,3,3,1,3
185,4,3,3,3,3,3,3,3,3,3,3,3,3,3,3,3,3,3,3,3,1,3,1,3,3,3,3,3,3,1,3,3,3
186,4,3,3,3,3,3,3,3,3,3,1,3,3,3,3,3,3,3,1,3,3,1,1,3,3,3,3,3,3,3,1,3,3
187,4,1,1,3,1,3,3,3,3,3,3,3,3,1,3,3,3,3,3,1,3,3,3,3,1,1,1,3,1,1,1,8,3
188,4,1,1,1,1,1,1,1,1,1,1,1,1,1,1,1,1,3,1,3,1,1,1,1,1,1,1,1,1,3,1,3,1
189,4,1,1,1,1,1,1,1,1,1,1,1,1,1,3,1,1,3,1,1,1,3,3,1,1,1,1,3,1,1,1,1,1
190,4,1,1,1,1,3,1,1,1,3,1,1,1,1,3,1,1,1,1,1,3,1,1,1,1,1,1,1,1,1,3,3,1
191,4,1,3,1,1,1,1,1,1,1,1,1,1,1,1,1,1,1,1,1,1,1,1,3,1,1,3,1,1,1,1,1,3
192,4,1,3,3,1,1,2,7,1,1,1,1,1,3,3,1,1,3,1,1,1,1,1,1,1,1,1,1,3,8,1,1,3
193,4,1,1,1,1,1,1,1,1,1,1,1,3,1,3,3,1,3,1,3,1,1,1,3,1,3,1,1,1,1,1,3,1
194,4,1,1,1,1,3,1,1,4,1,1,1,1,1,1,1,1,1,1,1,1,1,1,1,1,1,1,1,1,3,3,1,1
195,4,1,1,1,1,1,1,1,1,3,3,1,1,1,1,1,3,1,1,1,1,1,1,1,1,1,1,1,1,3,1,1,3
196,4,1,1,1,1,1,1,1,1,1,1,1,1,1,1,1,1,3,1,1,3,1,1,3,1,1,1,3,1,1,1,1,1
197,4,1,1,3,1,3,1,1,1,1,1,3,1,3,1,3,3,1,3,1,1,1,3,1,3,1,3,1,1,1,1,1,1
198,4,1,3,3,1,3,1,1,1,1,1,1,1,1,1,3,1,1,1,1,1,1,1,1,1,1,1,1,1,3,1,1,1
199,4,1,1,1,3,1,3,1,1,1,1,1,1,1,3,1,1,1,1,1,3,1,1,5,3,1,1,1,1,1,1,3,1
200,4,1,1,1,1,1,3,1,3,1,1,1,1,3,3,1,1,1,1,3,1,1,1,1,3,3,1,1,1,1,3,3,3
201,4,3,1,3,3,3,3,3,3,3,3,3,3,1,3,3,3,3,2,3,3,3,3,3,3,3,3,3,3,3,3,3,3
202,4,1,1,1,1,1,5,1,1,3,3,1,1,1,1,1,3,1,1,1,1,1,1,1,1,3,1,1,3,1,1,1,3
203,4,1,1,3,3,1,1,3,1,1,1,3,3,1,1,1,3,1,1,1,1,1,1,1,1,3,1,1,1,1,1,1,1
204,4,1,1,3,1,1,1,1,1,3,1,1,1,1,1,1,1,1,3,1,3,1,1,3,1,1,3,1,1,1,3,1,1
205,4,1,1,1,1,1,1,3,1,1,1,1,1,3,1,1,1,1,1,1,1,1,1,1,1,1,1,1,3,1,1,1,1
206,4,1,1,1,1,3,1,1,1,1,3,1,1,1,1,1,1,1,3,1,1,1,1,1,1,1,1,1,1,1,1,1,1
207,4,1,1,1,1,1,3,1,1,3,1,3,1,1,1,1,1,1,1,1,1,1,1,1,1,3,3,1,1,1,3,1,1
208,4,1,1,1,3,1,1,1,1,1,3,1,1,3,1,1,1,1,3,3,1,1,1,1,1,1,3,1,1,1,1,1,3
209,4,1,1,3,1,1,1,1,1,1,1,1,1,1,1,1,1,1,1,1,1,1,1,1,1,1,1,1,1,1,1,1,1
210,4,1,1,1,1,1,1,3,3,1,3,3,1,1,1,1,3,1,1,1,3,1,1,3,1,1,3,3,3,1,1,3,3
