[d_loss, g_loss]
1.4666317,-1.4666317
1.4239861,-1.4239861
1.3919541,-1.3919541
1.3799938,-1.3799938
1.3709317,-1.3709317
1.3667511,-1.3667511
1.3677459,-1.3677459
1.3297851,-1.3297851
1.3499709,-1.3499709
1.422487,-1.422487
1.3816375,-1.3816375
1.4121132,-1.4121132
1.4115051,-1.4115051
1.4044516,-1.4044516
1.4247744,-1.4247744
1.3984189,-1.3984189
1.4031155,-1.4031155
1.3804648,-1.3804648
1.3849648,-1.3849648
1.4283736,-1.4283736
1.4121009,-1.4121009
1.4174241,-1.4174241
1.4350762,-1.4350762
1.4034967,-1.4034967
1.3700922,-1.3700922
1.3726487,-1.3726487
1.3698993,-1.3698993
1.3984109,-1.3984109
1.4215264,-1.4215264
1.4382615,-1.4382615
1.3892916,-1.3892916
1.4111102,-1.4111102
1.3884262,-1.3884262
1.3683666,-1.3683666
1.3738606,-1.3738606
1.416861,-1.416861
1.4030648,-1.4030648
1.369237,-1.369237
1.3906856,-1.3906856
1.3803827,-1.3803827
1.3448453,-1.3448453
1.3539197,-1.3539197
1.3612545,-1.3612545
1.3552146,-1.3552146
1.310201,-1.310201
1.3141469,-1.3141469
1.3373699,-1.3373699
1.3236815,-1.3236815
1.3340346,-1.3340346
1.3639047,-1.3639047
1.3245332,-1.3245332
1.3735667,-1.3735667
1.3836329,-1.3836329
1.3624787,-1.3624787
1.3502185,-1.3502185
1.3851234,-1.3851234
1.4045017,-1.4045017
1.3590767,-1.3590767
1.410819,-1.410819
1.3537074,-1.3537074
1.3509159,-1.3509159
1.3803501,-1.3803501
1.3952065,-1.3952065
1.3818204,-1.3818204
1.3819268,-1.3819268
1.3721532,-1.3721532
1.3841442,-1.3841442
1.4489465,-1.4489465
1.4272223,-1.4272223
1.4301188,-1.4301188
1.3857532,-1.3857532
1.4303346,-1.4303346
1.4195875,-1.4195875
1.4187475,-1.4187475
1.4072359,-1.4072359
1.438504,-1.438504
1.3987479,-1.3987479
1.3979506,-1.3979506
1.3923012,-1.3923012
1.3788114,-1.3788114
1.3732214,-1.3732214
1.4223549,-1.4223549
1.429548,-1.429548
1.4481502,-1.4481502
1.4027456,-1.4027456
1.4554136,-1.4554136
1.4523761,-1.4523761
1.4231048,-1.4231048
1.4706192,-1.4706192
1.4521675,-1.4521675
1.4340482,-1.4340482
1.4611267,-1.4611267
1.5011649,-1.5011649
1.4882333,-1.4882333
1.4421743,-1.4421743
1.4778161,-1.4778161
1.4377595,-1.4377595
1.515532,-1.515532
1.4892335,-1.4892335
1.4839411,-1.4839411
1.4895077,-1.4895077
1.5235095,-1.5235095
1.4737642,-1.4737642
1.4621041,-1.4621041
1.4165345,-1.4165345
1.4333997,-1.4333997
1.3855455,-1.3855455
1.3282913,-1.3282913
1.3812258,-1.3812258
1.3605243,-1.3605243
1.3447204,-1.3447204
1.3685722,-1.3685722
1.3648843,-1.3648843
1.3794608,-1.3794608
1.3404753,-1.3404753
1.3474667,-1.3474667
1.3440204,-1.3440204
1.3538018,-1.3538018
1.3592649,-1.3592649
1.3428258,-1.3428258
1.3503286,-1.3503286
1.3378851,-1.3378851
1.3831074,-1.3831074
1.3491662,-1.3491662
1.3867784,-1.3867784
1.3690355,-1.3690355
1.3604188,-1.3604188
1.3554193,-1.3554193
1.3598576,-1.3598576
1.360452,-1.360452
1.468476,-1.468476
1.4716339,-1.4716339
1.4390179,-1.4390179
1.4722501,-1.4722501
1.4758046,-1.4758046
1.450912,-1.450912
1.4577425,-1.4577425
1.4173217,-1.4173217
1.4148893,-1.4148893
1.4406744,-1.4406744
1.3311336,-1.3311336
1.3837742,-1.3837742
1.3766716,-1.3766716
1.4013159,-1.4013159
1.4187397,-1.4187397
1.352491,-1.352491
1.4007034,-1.4007034
1.4274054,-1.4274054
1.3495662,-1.3495662
1.379425,-1.379425
1.3878412,-1.3878412
1.4440331,-1.4440331
1.4066485,-1.4066485
1.3719828,-1.3719828
1.4113373,-1.4113373
1.3840606,-1.3840606
1.3758602,-1.3758602
1.3947678,-1.3947678
1.3847914,-1.3847914
1.3626645,-1.3626645
1.3758539,-1.3758539
1.4684534,-1.4684534
1.3981607,-1.3981607
1.4057113,-1.4057113
1.391994,-1.391994
1.3504481,-1.3504481
1.3725104,-1.3725104
1.366806,-1.366806
1.3675513,-1.3675513
1.3227416,-1.3227416
1.3761461,-1.3761461
1.3611114,-1.3611114
1.355161,-1.355161
1.3418605,-1.3418605
1.45291,-1.45291
1.5115998,-1.5115998
1.4452608,-1.4452608
1.4471831,-1.4471831
1.4402658,-1.4402658
1.4491943,-1.4491943
1.3544909,-1.3544909
1.4063911,-1.4063911
1.3740842,-1.3740842
1.3336637,-1.3336637
1.3304614,-1.3304614
1.3427088,-1.3427088
1.2868252,-1.2868252
1.323971,-1.323971
1.3050122,-1.3050122
1.3224176,-1.3224176
1.3345096,-1.3345096
1.2879992,-1.2879992
1.3224783,-1.3224783
1.2660668,-1.2660668
1.3019881,-1.3019881
1.3476498,-1.3476498
1.2962271,-1.2962271
1.3099505,-1.3099505
1.2910208,-1.2910208
1.3460562,-1.3460562
1.3213215,-1.3213215
1.2583143,-1.2583143
1.4070091,-1.4070091
1.363225,-1.363225
1.3293676,-1.3293676
1.3612132,-1.3612132
1.3465195,-1.3465195
1.3304904,-1.3304904
1.4232249,-1.4232249
1.3962795,-1.3962795
1.4005146,-1.4005146
1.4318615,-1.4318615
1.3620918,-1.3620918
1.4138162,-1.4138162
1.4132206,-1.4132206
1.3670214,-1.3670214
1.4240936,-1.4240936
1.344453,-1.344453
1.3417165,-1.3417165
1.3448969,-1.3448969
1.3191786,-1.3191786
1.3772864,-1.3772864
1.3251967,-1.3251967
1.2929225,-1.2929225
1.3199408,-1.3199408
1.2605333,-1.2605333
1.3519958,-1.3519958
1.340692,-1.340692
1.3921614,-1.3921614
1.3867453,-1.3867453
1.32747,-1.32747
1.3726076,-1.3726076
1.325331,-1.325331
1.3795043,-1.3795043
1.3939412,-1.3939412
1.3302071,-1.3302071
1.377208,-1.377208
1.3185807,-1.3185807
1.400402,-1.400402
1.2686183,-1.2686183
1.3719022,-1.3719022
1.3423588,-1.3423588
1.312567,-1.312567
1.3378927,-1.3378927
1.3283763,-1.3283763
1.3573873,-1.3573873
1.3829738,-1.3829738
1.3982944,-1.3982944
1.3231802,-1.3231802
1.3701406,-1.3701406
1.3521589,-1.3521589
1.302718,-1.302718
1.3853657,-1.3853657
1.3210568,-1.3210568
1.354181,-1.354181
1.3948505,-1.3948505
1.4192109,-1.4192109
1.3605217,-1.3605217
1.4470971,-1.4470971
1.3660825,-1.3660825
1.3341471,-1.3341471
1.3311102,-1.3311102
1.4526387,-1.4526387
1.3257992,-1.3257992
1.4114901,-1.4114901
1.4282652,-1.4282652
1.4446969,-1.4446969
1.406609,-1.406609
1.3663393,-1.3663393
1.3700931,-1.3700931
1.4015582,-1.4015582
1.4039962,-1.4039962
1.411427,-1.411427
1.3758092,-1.3758092
1.376709,-1.376709
1.3473127,-1.3473127
1.3450418,-1.3450418
1.3215785,-1.3215785
1.3178232,-1.3178232
1.2946873,-1.2946873
1.3459474,-1.3459474
1.2627931,-1.2627931
1.2614739,-1.2614739
1.332522,-1.332522
1.2804193,-1.2804193
1.2733822,-1.2733822
1.2384096,-1.2384096
1.4053459,-1.4053459
1.3140378,-1.3140378
1.3379815,-1.3379815
1.4335796,-1.4335796
1.3413432,-1.3413432
1.3589951,-1.3589951
1.2946053,-1.2946053
1.3794745,-1.3794745
1.3397374,-1.3397374
1.3022621,-1.3022621
1.4040656,-1.4040656
1.316734,-1.316734
1.3357842,-1.3357842
1.3330125,-1.3330125
1.3210274,-1.3210274
1.2670562,-1.2670562
1.2977598,-1.2977598
1.2672384,-1.2672384
1.2495928,-1.2495928
1.2282852,-1.2282852
1.2636297,-1.2636297
1.2874253,-1.2874253
1.2801971,-1.2801971
1.2379012,-1.2379012
1.3136417,-1.3136417
1.2925448,-1.2925448
1.2342045,-1.2342045
1.2748212,-1.2748212
1.2406449,-1.2406449
1.2700523,-1.2700523
1.2518721,-1.2518721
1.2870562,-1.2870562
1.1172547,-1.1172547
1.2389007,-1.2389007
1.1344028,-1.1344028
1.2131522,-1.2131522
1.2144833,-1.2144833
1.3751621,-1.3751621
1.4212744,-1.4212744
1.4287806,-1.4287806
1.271801,-1.271801
1.3971429,-1.3971429
1.333709,-1.333709
1.3812541,-1.3812541
1.3455067,-1.3455067
1.336652,-1.336652
1.2382131,-1.2382131
1.1328771,-1.1328771
1.1777323,-1.1777323
1.2083375,-1.2083375
1.1122627,-1.1122627
1.1569338,-1.1569338
1.0986125,-1.0986125
1.0804188,-1.0804188
1.0454731,-1.0454731
1.0826027,-1.0826027
1.0790879,-1.0790879
1.0879009,-1.0879009
1.0735793,-1.0735793
1.1478093,-1.1478093
1.0962297,-1.0962297
1.2093563,-1.2093563
1.15308,-1.15308
1.2129316,-1.2129316
1.2513049,-1.2513049
1.3092885,-1.3092885
1.3481617,-1.3481617
1.3791074,-1.3791074
1.3541193,-1.3541193
1.2883279,-1.2883279
1.1862035,-1.1862035
1.2436138,-1.2436138
1.3323748,-1.3323748
1.2066324,-1.2066324
1.2349154,-1.2349154
1.2227173,-1.2227173
1.2218485,-1.2218485
1.1905371,-1.1905371
1.1456825,-1.1456825
1.2046301,-1.2046301
1.1319883,-1.1319883
1.2759134,-1.2759134
1.2160403,-1.2160403
1.279911,-1.279911
1.3852525,-1.3852525
1.3236668,-1.3236668
1.2604182,-1.2604182
1.2939111,-1.2939111
1.2974147,-1.2974147
1.2289748,-1.2289748
1.2189406,-1.2189406
1.2168863,-1.2168863
1.31048,-1.31048
1.2483298,-1.2483298
1.1993873,-1.1993873
1.1935351,-1.1935351
1.235287,-1.235287
1.2948693,-1.2948693
1.2295752,-1.2295752
1.1816344,-1.1816344
1.1868753,-1.1868753
1.2731327,-1.2731327
1.2468109,-1.2468109
1.3758351,-1.3758351
1.2648222,-1.2648222
1.4172337,-1.4172337
1.4781916,-1.4781916
1.4951029,-1.4951029
1.4707671,-1.4707671
1.3612092,-1.3612092
1.3672752,-1.3672752
1.3412907,-1.3412907
1.2452588,-1.2452588
1.2455705,-1.2455705
1.348803,-1.348803
1.2198309,-1.2198309
1.2060542,-1.2060542
1.22823,-1.22823
1.1145986,-1.1145986
1.073928,-1.073928
1.0516438,-1.0516438
0.99610317,-0.99610317
1.1270183,-1.1270183
1.1745073,-1.1745073
1.1712825,-1.1712825
1.143249,-1.143249
1.2069416,-1.2069416
1.0484966,-1.0484966
1.2138734,-1.2138734
1.2504823,-1.2504823
1.1856804,-1.1856804
1.1121063,-1.1121063
1.0649685,-1.0649685
1.1264987,-1.1264987
0.9925251,-0.9925251
1.1081667,-1.1081667
1.1203296,-1.1203296
1.3423896,-1.3423896
1.1748986,-1.1748986
1.218723,-1.218723
1.2738054,-1.2738054
1.3069732,-1.3069732
1.3062935,-1.3062935
1.3120477,-1.3120477
1.1769826,-1.1769826
1.2667542,-1.2667542
1.0856962,-1.0856962
1.0716815,-1.0716815
1.0134232,-1.0134232
1.00802,-1.00802
1.0833659,-1.0833659
1.0972244,-1.0972244
1.0312635,-1.0312635
1.1437589,-1.1437589
1.2273095,-1.2273095
1.1128113,-1.1128113
1.311971,-1.311971
1.1428363,-1.1428363
1.3545408,-1.3545408
1.1832632,-1.1832632
1.4548938,-1.4548938
1.4009491,-1.4009491
1.4781954,-1.4781954
1.3111544,-1.3111544
1.347779,-1.347779
1.3127567,-1.3127567
1.3528963,-1.3528963
1.3381209,-1.3381209
1.2618812,-1.2618812
1.2715582,-1.2715582
1.3548019,-1.3548019
1.198765,-1.198765
1.1969423,-1.1969423
1.0870562,-1.0870562
1.1853688,-1.1853688
1.1163483,-1.1163483
1.1039453,-1.1039453
1.1698568,-1.1698568
1.100451,-1.100451
1.0950463,-1.0950463
1.1090375,-1.1090375
1.2035336,-1.2035336
1.1516948,-1.1516948
1.0800955,-1.0800955
1.2860093,-1.2860093
1.257349,-1.257349
1.3422053,-1.3422053
1.1877031,-1.1877031
1.2956372,-1.2956372
1.0768049,-1.0768049
1.2284478,-1.2284478
1.1939979,-1.1939979
1.2364467,-1.2364467
1.076581,-1.076581
1.129535,-1.129535
1.0819446,-1.0819446
1.1702164,-1.1702164
1.1262424,-1.1262424
1.0880735,-1.0880735
1.2455708,-1.2455708
1.1132624,-1.1132624
1.298341,-1.298341
1.1844189,-1.1844189
1.1390117,-1.1390117
1.1980864,-1.1980864
1.1229644,-1.1229644
1.1694186,-1.1694186
1.0635475,-1.0635475
1.1160396,-1.1160396
1.0542498,-1.0542498
1.211714,-1.211714
1.1880312,-1.1880312
1.3394473,-1.3394473
1.419631,-1.419631
1.6317773,-1.6317773
1.6871556,-1.6871556
1.5214574,-1.5214574
1.476781,-1.476781
1.3070253,-1.3070253
1.4981952,-1.4981952
1.4417361,-1.4417361
1.523619,-1.523619
1.2837393,-1.2837393
1.1837747,-1.1837747
1.1914697,-1.1914697
1.2401474,-1.2401474
1.2756491,-1.2756491
1.1711764,-1.1711764
1.095676,-1.095676
1.0502663,-1.0502663
1.2042146,-1.2042146
1.1160815,-1.1160815
1.2293867,-1.2293867
1.3490291,-1.3490291
1.2529914,-1.2529914
1.2314765,-1.2314765
1.3564873,-1.3564873
1.2155025,-1.2155025
1.3513112,-1.3513112
1.2965163,-1.2965163
1.0815307,-1.0815307
1.3276114,-1.3276114
1.3199842,-1.3199842
1.2110481,-1.2110481
1.260812,-1.260812
1.1010196,-1.1010196
1.2548891,-1.2548891
1.1769508,-1.1769508
1.1617175,-1.1617175
1.3412668,-1.3412668
1.2370532,-1.2370532
1.2060487,-1.2060487
1.2092872,-1.2092872
1.3525299,-1.3525299
1.3588516,-1.3588516
1.2458977,-1.2458977
1.2102197,-1.2102197
1.254123,-1.254123
1.2158515,-1.2158515
1.2791007,-1.2791007
1.1509035,-1.1509035
1.1548474,-1.1548474
1.2551427,-1.2551427
1.1087515,-1.1087515
1.185952,-1.185952
1.1064763,-1.1064763
1.0998964,-1.0998964
1.0928695,-1.0928695
1.1636583,-1.1636583
1.2341707,-1.2341707
1.0933254,-1.0933254
1.2333797,-1.2333797
1.2390282,-1.2390282
1.2758867,-1.2758867
1.178227,-1.178227
1.1068096,-1.1068096
1.2136807,-1.2136807
1.2175016,-1.2175016
1.1526146,-1.1526146
1.4166248,-1.4166248
1.2985789,-1.2985789
1.453168,-1.453168
1.3806281,-1.3806281
1.2688072,-1.2688072
1.4015406,-1.4015406
1.2248955,-1.2248955
1.2877218,-1.2877218
1.1891186,-1.1891186
1.1377313,-1.1377313
1.0435555,-1.0435555
1.0648675,-1.0648675
1.1370783,-1.1370783
1.0826166,-1.0826166
1.1519176,-1.1519176
1.2156703,-1.2156703
1.2213916,-1.2213916
1.1693846,-1.1693846
1.1618559,-1.1618559
1.2070143,-1.2070143
1.1793506,-1.1793506
1.2262187,-1.2262187
1.1116973,-1.1116973
1.0538962,-1.0538962
1.0600324,-1.0600324
1.0300491,-1.0300491
1.1284308,-1.1284308
0.99182224,-0.99182224
1.0047741,-1.0047741
1.0626898,-1.0626898
1.0578822,-1.0578822
1.0116241,-1.0116241
1.1207397,-1.1207397
1.246728,-1.246728
1.4242444,-1.4242444
1.039759,-1.039759
1.1550673,-1.1550673
1.2768631,-1.2768631
1.3735042,-1.3735042
1.2587154,-1.2587154
1.367306,-1.367306
1.1942055,-1.1942055
1.2360843,-1.2360843
1.2501982,-1.2501982
1.0332855,-1.0332855
1.2680197,-1.2680197
1.2639694,-1.2639694
1.1910999,-1.1910999
1.2510252,-1.2510252
1.2893634,-1.2893634
1.2534287,-1.2534287
1.1130693,-1.1130693
1.2304221,-1.2304221
1.0854164,-1.0854164
1.250721,-1.250721
1.2063501,-1.2063501
1.1947303,-1.1947303
1.0606573,-1.0606573
1.1414738,-1.1414738
1.0929227,-1.0929227
1.1143231,-1.1143231
1.2170556,-1.2170556
1.1691778,-1.1691778
1.1178519,-1.1178519
1.1036468,-1.1036468
1.1003951,-1.1003951
1.2437127,-1.2437127
1.1768596,-1.1768596
1.0597539,-1.0597539
1.1473186,-1.1473186
1.2013208,-1.2013208
1.0469509,-1.0469509
1.1141045,-1.1141045
1.2386405,-1.2386405
1.1683319,-1.1683319
1.0670819,-1.0670819
1.1744289,-1.1744289
1.3106475,-1.3106475
1.2509892,-1.2509892
1.3180779,-1.3180779
1.4224031,-1.4224031
1.456517,-1.456517
1.3716702,-1.3716702
1.3484621,-1.3484621
1.3198919,-1.3198919
1.278197,-1.278197
1.3845623,-1.3845623
1.6567452,-1.6567452
1.4615477,-1.4615477
1.6841041,-1.6841041
1.7021041,-1.7021041
1.5352314,-1.5352314
1.3177419,-1.3177419
1.3944975,-1.3944975
1.2370076,-1.2370076
1.3671737,-1.3671737
1.3454039,-1.3454039
1.4240407,-1.4240407
1.3923683,-1.3923683
1.3905592,-1.3905592
1.3702252,-1.3702252
1.4193406,-1.4193406
1.2904453,-1.2904453
1.4192653,-1.4192653
1.4471705,-1.4471705
1.2894355,-1.2894355
1.6892414,-1.6892414
1.867668,-1.867668
1.4678283,-1.4678283
1.9190962,-1.9190962
1.8498251,-1.8498251
1.7343817,-1.7343817
1.7363765,-1.7363765
1.5532138,-1.5532138
1.6612535,-1.6612535
1.6487821,-1.6487821
1.5291576,-1.5291576
1.5980296,-1.5980296
1.4377606,-1.4377606
1.4261127,-1.4261127
1.2099507,-1.2099507
1.4154769,-1.4154769
1.3422956,-1.3422956
1.1532263,-1.1532263
1.2818909,-1.2818909
1.3020663,-1.3020663
1.1423097,-1.1423097
1.2383668,-1.2383668
1.0802916,-1.0802916
1.2146512,-1.2146512
1.1313219,-1.1313219
1.2180839,-1.2180839
1.145771,-1.145771
1.254161,-1.254161
1.3056011,-1.3056011
1.2031053,-1.2031053
1.1536753,-1.1536753
1.3090099,-1.3090099
1.2606143,-1.2606143
1.4361972,-1.4361972
1.2872564,-1.2872564
1.2606386,-1.2606386
1.2841935,-1.2841935
1.2898985,-1.2898985
1.3618915,-1.3618915
1.3269684,-1.3269684
1.346988,-1.346988
1.3901896,-1.3901896
1.1364346,-1.1364346
1.4055662,-1.4055662
1.3097836,-1.3097836
1.3790885,-1.3790885
1.3384166,-1.3384166
1.2890593,-1.2890593
1.1345894,-1.1345894
1.1478977,-1.1478977
1.2618282,-1.2618282
1.4278127,-1.4278127
1.2496371,-1.2496371
1.0765185,-1.0765185
1.133795,-1.133795
1.1441634,-1.1441634
1.1229439,-1.1229439
1.1331419,-1.1331419
1.1252468,-1.1252468
1.1684182,-1.1684182
1.123712,-1.123712
1.1941674,-1.1941674
1.1060117,-1.1060117
1.0942796,-1.0942796
1.0142515,-1.0142515
1.0517409,-1.0517409
1.2511988,-1.2511988
1.3792241,-1.3792241
1.4242074,-1.4242074
1.4771036,-1.4771036
1.409518,-1.409518
1.5003114,-1.5003114
1.6399469,-1.6399469
1.2896605,-1.2896605
1.3824539,-1.3824539
1.2648717,-1.2648717
1.3523691,-1.3523691
1.3770487,-1.3770487
1.3505037,-1.3505037
1.3784842,-1.3784842
1.2886605,-1.2886605
1.4216747,-1.4216747
1.4322681,-1.4322681
1.2046254,-1.2046254
1.46734,-1.46734
1.5140967,-1.5140967
1.4120022,-1.4120022
1.3608758,-1.3608758
1.3014855,-1.3014855
1.339716,-1.339716
1.3822613,-1.3822613
1.4468671,-1.4468671
1.4158816,-1.4158816
1.46604,-1.46604
1.4239511,-1.4239511
1.3630188,-1.3630188
1.4061663,-1.4061663
1.4036441,-1.4036441
1.3043969,-1.3043969
1.2695148,-1.2695148
1.3293939,-1.3293939
1.1932108,-1.1932108
1.307493,-1.307493
1.2065578,-1.2065578
1.3017622,-1.3017622
1.2980138,-1.2980138
1.4592991,-1.4592991
1.4992725,-1.4992725
1.7386112,-1.7386112
1.7031496,-1.7031496
1.5213466,-1.5213466
1.4971416,-1.4971416
1.4221625,-1.4221625
1.3824403,-1.3824403
1.5951891,-1.5951891
1.6406056,-1.6406056
1.7861018,-1.7861018
1.573796,-1.573796
1.654515,-1.654515
1.6651134,-1.6651134
1.728399,-1.728399
1.6182368,-1.6182368
1.6875676,-1.6875676
1.6108055,-1.6108055
1.285438,-1.285438
1.5448138,-1.5448138
1.49469,-1.49469
1.6111147,-1.6111147
1.4768722,-1.4768722
1.4370137,-1.4370137
1.3253361,-1.3253361
1.2553387,-1.2553387
1.4480233,-1.4480233
1.357974,-1.357974
1.4672515,-1.4672515
1.4596463,-1.4596463
1.3635204,-1.3635204
1.3476344,-1.3476344
1.1320088,-1.1320088
1.1312594,-1.1312594
1.2195623,-1.2195623
1.2860858,-1.2860858
1.2525141,-1.2525141
1.3214031,-1.3214031
1.4698503,-1.4698503
1.3527683,-1.3527683
1.2633953,-1.2633953
1.196918,-1.196918
1.2311695,-1.2311695
1.3222171,-1.3222171
1.3833885,-1.3833885
1.480861,-1.480861
1.3823785,-1.3823785
1.4907966,-1.4907966
1.4289813,-1.4289813
1.3554504,-1.3554504
1.3769579,-1.3769579
1.3336577,-1.3336577
1.3809483,-1.3809483
1.3957561,-1.3957561
1.3542845,-1.3542845
1.4693491,-1.4693491
1.4250543,-1.4250543
1.6075737,-1.6075737
1.6431075,-1.6431075
1.2778152,-1.2778152
1.349334,-1.349334
1.3393714,-1.3393714
1.3077002,-1.3077002
1.2718573,-1.2718573
1.2430787,-1.2430787
1.2466804,-1.2466804
1.1515687,-1.1515687
1.1331244,-1.1331244
1.0901748,-1.0901748
1.1611261,-1.1611261
1.0927149,-1.0927149
1.1112597,-1.1112597
1.1376065,-1.1376065
1.1335665,-1.1335665
1.3281746,-1.3281746
1.2480747,-1.2480747
1.1635678,-1.1635678
1.1629969,-1.1629969
1.2440472,-1.2440472
1.2937187,-1.2937187
1.1058526,-1.1058526
1.1343462,-1.1343462
1.1390631,-1.1390631
1.1399837,-1.1399837
1.1608839,-1.1608839
1.1063573,-1.1063573
1.2442871,-1.2442871
1.1071999,-1.1071999
1.1736348,-1.1736348
1.0595915,-1.0595915
1.0636584,-1.0636584
1.0247562,-1.0247562
0.9601772,-0.9601772
0.9611933,-0.9611933
0.89941967,-0.89941967
0.9997124,-0.9997124
0.897263,-0.897263
0.8811463,-0.8811463
0.901644,-0.901644
0.9125743,-0.9125743
0.9203576,-0.9203576
0.98603976,-0.98603976
1.1500169,-1.1500169
1.1363633,-1.1363633
1.2917554,-1.2917554
1.2337887,-1.2337887
1.2631819,-1.2631819
1.1622503,-1.1622503
1.4172256,-1.4172256
1.5406814,-1.5406814
1.6081084,-1.6081084
1.508809,-1.508809
1.321367,-1.321367
1.5982382,-1.5982382
1.5784713,-1.5784713
1.3758857,-1.3758857
1.2514054,-1.2514054
1.4300417,-1.4300417
1.3468529,-1.3468529
1.3928998,-1.3928998
1.3643396,-1.3643396
1.2578604,-1.2578604
1.4725146,-1.4725146
1.3459733,-1.3459733
1.299444,-1.299444
1.5348887,-1.5348887
1.5289122,-1.5289122
1.3754014,-1.3754014
1.4925637,-1.4925637
1.3815036,-1.3815036
1.3299792,-1.3299792
1.3760829,-1.3760829
1.3359151,-1.3359151
1.2968676,-1.2968676
1.2118049,-1.2118049
1.1530366,-1.1530366
1.5025778,-1.5025778
1.1354883,-1.1354883
1.3241825,-1.3241825
1.202062,-1.202062
1.2375497,-1.2375497
1.2022648,-1.2022648
1.294503,-1.294503
1.167473,-1.167473
1.0776664,-1.0776664
1.0832559,-1.0832559
1.116554,-1.116554
1.0121021,-1.0121021
1.0997177,-1.0997177
1.1407549,-1.1407549
1.2001271,-1.2001271
1.2149734,-1.2149734
