[step, epoch, max]
0,0,3,3,3,3,3,3,3,3,3,3,3,3,3,3,3,3,3,3,3,3,3,3,3,3,3,3,3,3,3,3,3,3
1,0,3,7,3,3,3,3,3,3,3,3,3,3,3,3,3,3,3,3,3,3,3,3,3,3,3,3,3,3,3,3,3,3
2,0,3,3,5,3,3,3,3,3,3,3,3,3,3,3,3,3,3,3,3,3,3,3,3,3,3,3,3,3,3,3,3,3
3,0,3,3,3,1,3,3,3,7,3,1,3,1,3,3,3,7,1,3,3,3,3,1,3,3,3,3,5,3,3,3,1,3
4,0,1,4,1,1,1,1,4,4,1,1,3,1,1,1,1,4,4,1,4,1,7,3,1,4,1,1,4,1,3,1,1,1
5,0,1,1,4,1,1,1,4,1,1,4,4,3,1,4,1,4,4,4,4,8,1,1,1,4,1,4,5,3,4,4,1,1
6,0,3,3,3,3,5,3,3,3,5,3,3,3,2,3,3,3,3,3,3,1,3,3,8,3,3,3,3,3,5,5,3,3
7,0,1,5,3,3,4,4,1,4,4,1,7,3,1,6,1,5,5,1,3,1,7,4,1,3,3,3,1,1,5,3,5,3
8,0,7,7,7,2,7,4,4,3,3,7,4,3,2,7,3,3,3,7,7,7,7,7,2,3,1,3,4,3,3,7,7,3
9,0,4,4,4,4,7,4,4,4,4,2,4,4,4,4,4,4,3,4,3,4,4,4,1,4,7,4,4,3,4,3,4,7
10,0,7,7,7,7,4,7,4,4,7,2,7,7,7,4,4,4,4,3,4,4,7,4,3,3,7,4,2,4,4,7,4,4
11,0,7,2,7,7,7,7,7,7,7,7,3,3,7,7,7,7,7,7,7,7,7,3,3,3,7,7,7,3,7,7,7,2
12,0,3,3,3,3,3,3,3,3,2,3,3,3,3,3,3,3,7,3,3,3,8,3,3,3,3,3,3,3,3,3,3,3
13,0,3,3,7,3,3,3,3,3,3,3,3,3,3,2,3,3,3,3,3,8,3,3,3,3,3,2,7,3,3,3,3,3
14,0,3,5,3,3,3,3,7,2,3,3,4,3,3,3,3,3,3,3,3,3,3,3,3,3,3,3,2,3,7,3,3,3
15,0,3,3,2,3,3,7,7,2,3,2,3,3,3,7,5,3,2,2,3,7,3,7,3,3,8,3,3,2,3,2,3,3
16,0,3,3,3,3,3,3,3,3,3,3,2,2,3,3,2,3,3,3,5,3,3,7,3,3,3,2,5,3,7,3,7,3
17,0,3,3,3,7,1,3,3,3,3,3,3,2,3,3,3,7,2,7,3,2,3,5,2,3,7,3,7,3,7,3,1,2
18,0,3,3,3,3,3,3,3,3,3,3,9,3,3,3,3,3,3,2,2,3,3,3,3,3,7,3,3,3,5,3,3,3
19,0,3,3,7,3,1,7,3,3,3,3,7,7,3,3,7,3,7,3,3,7,7,7,7,7,3,7,7,3,7,3,7,7
20,0,3,7,3,3,7,3,3,7,7,3,3,3,3,3,7,7,3,3,3,3,3,3,3,3,3,3,7,3,3,3,3,7
21,0,3,7,7,3,3,7,3,3,7,3,7,3,7,7,3,7,3,7,3,7,3,3,3,7,7,3,7,3,7,7,7,7
22,0,3,3,3,7,3,3,3,7,3,3,3,3,3,3,3,3,3,3,7,3,7,3,3,7,3,3,3,7,3,3,7,3
23,0,3,7,3,3,3,7,7,3,3,3,3,5,7,3,7,3,7,5,3,3,3,3,3,3,3,3,7,7,3,7,7,7
24,0,3,7,3,7,3,3,7,3,3,3,7,3,7,7,3,7,7,7,3,7,5,3,3,3,3,3,3,7,3,3,3,7
25,0,3,3,3,3,3,3,3,3,7,3,7,7,3,3,3,3,3,3,3,3,3,3,3,3,5,3,3,3,3,3,3,3
26,0,7,3,7,3,3,3,3,3,3,7,7,7,7,7,3,7,3,7,3,3,3,7,7,7,3,3,3,7,3,7,7,7
27,0,3,3,3,3,3,3,3,3,3,5,7,5,3,3,7,3,3,3,7,7,3,5,5,3,3,5,3,3,3,3,3,7
28,0,3,3,3,3,5,3,3,3,3,3,5,3,3,3,2,5,5,3,3,3,5,3,3,3,2,3,3,3,3,5,3,3
29,0,3,3,3,3,3,3,3,3,3,3,3,3,3,3,3,3,3,3,3,3,3,3,3,3,3,3,3,5,3,3,5,3
30,0,3,3,3,3,3,3,3,5,3,3,3,3,3,3,5,3,3,3,3,3,3,3,5,3,3,2,3,2,3,3,5,5
31,0,3,3,3,3,3,3,5,3,3,3,3,5,3,3,3,3,5,3,3,3,3,3,3,3,5,3,3,3,7,3,3,3
32,0,3,3,7,3,3,3,2,3,5,2,3,3,3,3,3,3,3,3,3,2,3,3,3,7,3,2,3,0,3,3,3,3
33,0,3,2,2,3,3,3,3,7,3,5,3,3,3,2,3,3,3,2,3,2,3,3,3,2,5,3,3,3,3,2,2,2
34,0,3,3,3,3,3,3,3,3,3,3,3,3,3,3,3,3,3,2,3,5,5,3,3,2,3,7,3,2,3,3,3,3
35,0,3,3,3,3,3,3,3,3,3,3,3,3,3,3,3,3,3,3,3,3,3,3,3,3,3,3,3,7,3,3,3,3
36,0,3,3,3,3,3,3,3,3,2,3,3,3,3,3,3,3,3,3,3,3,3,3,3,3,3,3,3,3,3,3,3,3
37,0,3,3,3,3,3,3,3,3,3,3,3,3,3,3,3,5,3,3,3,3,3,3,3,3,3,3,3,3,3,5,3,3
38,0,3,3,3,3,3,3,3,3,3,3,3,3,3,3,3,3,3,3,3,3,3,3,3,3,3,3,3,3,3,3,3,3
39,0,3,3,3,3,3,3,3,3,3,3,3,3,3,3,3,3,3,3,3,3,3,3,3,3,3,3,3,3,3,3,3,3
40,0,3,2,3,3,3,3,3,3,3,2,3,3,3,3,3,3,3,3,3,3,3,3,3,3,3,3,3,3,5,3,3,3
41,0,3,3,3,3,3,3,2,3,3,3,3,3,3,3,3,3,2,3,3,3,5,3,3,3,3,3,3,3,3,3,3,3
42,0,3,3,3,3,3,3,3,3,3,2,3,3,3,3,3,3,3,3,3,3,3,3,3,3,3,3,5,3,3,3,3,3
43,0,3,3,3,3,3,3,3,7,3,3,3,7,3,3,3,3,3,3,3,3,3,3,3,3,3,3,3,3,3,5,3,3
44,0,3,3,5,3,3,3,3,3,3,3,3,3,3,3,3,3,3,5,3,3,3,3,3,3,3,3,3,3,3,7,3,3
45,0,3,3,3,3,3,3,3,3,3,3,3,3,3,2,3,3,3,3,3,5,3,3,3,3,3,3,7,3,3,5,3,3
46,0,3,3,3,3,3,3,3,3,3,3,3,3,3,3,3,3,3,3,7,3,3,5,3,3,3,3,3,3,3,3,3,3
47,0,3,3,3,3,3,3,3,3,3,3,3,2,3,3,3,3,3,3,3,3,7,3,3,3,3,3,3,3,3,3,3,3
48,0,3,3,5,3,3,3,3,3,2,3,3,7,3,3,3,3,3,3,3,7,3,3,3,2,3,3,3,3,3,3,3,3
49,0,3,3,3,3,3,3,3,3,5,3,3,3,3,3,3,3,5,3,3,3,3,3,3,3,3,3,3,3,3,3,3,3
50,0,3,3,3,3,3,3,3,3,3,5,3,3,3,3,3,4,3,3,3,3,3,3,3,3,3,3,3,7,3,3,3,3
51,0,3,3,3,3,3,3,3,3,3,3,3,3,3,3,3,5,3,3,3,3,3,3,3,3,3,3,5,5,3,3,3,3
52,0,3,3,3,3,3,5,3,3,3,3,3,3,3,3,3,3,3,3,3,3,3,3,3,3,3,3,3,3,3,3,3,3
53,0,3,3,3,3,3,3,3,3,3,5,3,3,7,7,3,5,3,9,3,3,3,4,3,7,3,5,3,3,3,3,5,3
54,0,3,3,3,3,3,3,3,3,3,3,3,3,5,5,3,3,3,3,3,5,3,3,3,3,3,3,3,3,3,3,3,5
55,0,3,3,5,5,3,3,3,5,3,3,3,3,3,3,3,5,3,3,3,3,3,3,3,3,3,3,3,3,3,3,3,5
56,0,3,3,3,5,5,3,3,3,3,3,3,5,3,3,3,3,3,3,5,3,3,3,3,3,3,3,5,3,5,5,3,3
57,0,3,2,3,3,3,3,3,3,3,3,3,3,3,3,3,3,3,3,3,3,3,5,3,3,3,3,5,5,3,3,3,3
58,0,3,3,3,3,5,3,3,3,3,3,5,3,3,5,3,3,3,3,5,3,5,3,3,3,3,3,3,3,3,3,3,3
59,0,3,3,3,3,3,3,3,3,3,3,3,3,3,3,3,3,3,3,3,3,3,3,3,5,3,3,3,3,3,3,3,3
60,0,5,5,5,3,5,5,3,3,3,3,5,5,5,3,3,5,5,3,5,3,5,3,3,3,5,5,5,3,3,3,5,3
61,0,3,2,3,3,3,3,3,3,3,5,7,7,5,5,3,5,3,3,7,7,3,5,7,5,3,3,3,3,5,5,7,7
62,0,3,5,3,3,3,5,3,3,3,3,3,3,5,3,3,3,3,3,3,3,5,3,3,3,3,3,3,1,5,3,3,3
63,0,7,7,3,7,7,7,7,3,3,3,3,7,7,3,3,7,3,3,3,3,3,3,3,2,3,7,7,7,3,7,3,2
64,0,3,7,3,3,3,7,7,2,3,3,3,2,3,3,7,7,3,3,3,7,3,7,5,3,3,3,3,3,3,3,7,3
65,0,7,3,7,3,8,3,7,7,3,7,7,3,3,7,2,7,2,7,3,3,7,3,2,7,7,3,7,3,7,3,7,7
66,0,7,7,2,7,7,7,3,7,7,3,3,7,7,7,2,7,7,7,7,3,7,4,7,3,7,5,4,7,3,7,7,3
67,0,7,3,7,7,3,3,7,7,3,7,3,7,7,3,7,7,7,7,3,3,3,7,3,3,7,7,3,3,7,7,3,7
68,0,7,3,7,7,3,7,7,7,3,7,7,7,7,7,7,3,3,7,7,7,7,7,3,3,7,7,7,7,7,7,7,7
69,0,7,7,7,3,7,7,5,7,7,7,7,7,7,7,7,7,7,7,7,7,7,7,7,7,7,7,7,7,7,7,7,7
70,0,7,3,9,7,7,7,3,7,7,7,7,7,7,3,4,7,7,7,3,7,7,7,7,7,3,7,7,7,7,7,7,7
71,0,7,7,7,7,7,7,3,7,7,7,7,7,7,3,7,7,7,7,7,7,7,7,7,7,7,7,7,7,7,7,7,3
72,0,7,7,3,7,7,7,7,7,3,7,3,7,3,3,7,7,3,7,7,7,7,7,3,7,7,7,7,7,3,3,7,7
73,0,7,3,7,3,3,7,7,3,7,3,7,7,7,3,7,7,7,3,3,7,7,7,1,3,7,3,2,3,3,3,7,7
74,0,7,7,5,3,3,3,7,3,3,7,3,3,3,3,3,3,3,7,3,3,7,3,3,2,7,3,3,3,3,3,3,7
75,0,3,7,7,3,3,3,3,7,7,3,3,3,7,3,3,3,3,3,5,3,3,3,3,3,3,7,3,3,3,3,3,3
76,0,3,3,3,7,7,3,3,3,3,3,3,3,3,7,3,3,3,3,3,3,3,3,3,3,7,3,3,3,3,3,3,3
77,0,3,3,3,3,3,3,3,3,3,3,3,3,3,7,3,3,3,3,3,3,3,3,3,3,3,3,3,3,3,3,3,7
78,0,3,3,3,3,3,7,3,3,7,3,3,3,3,3,3,3,3,3,3,3,3,3,3,3,3,3,3,3,3,3,3,3
79,0,3,3,3,3,3,3,7,3,3,3,3,3,3,3,3,3,3,3,3,3,3,3,3,3,3,3,3,3,3,3,3,3
80,0,3,3,3,3,3,3,3,3,3,3,3,3,3,3,3,3,3,7,3,7,3,3,3,3,3,3,3,3,3,3,3,3
81,0,3,3,3,3,7,3,3,3,3,3,3,3,3,3,3,3,3,3,3,3,3,3,3,3,3,3,3,3,3,3,3,3
82,0,3,3,3,3,3,3,3,3,3,3,3,3,3,3,3,3,3,3,7,3,3,3,3,3,3,3,3,3,3,3,3,3
83,0,3,3,3,3,3,3,7,3,3,3,3,3,3,3,3,3,3,3,3,3,3,3,3,3,3,3,3,3,3,3,3,3
84,0,3,3,3,3,3,3,3,3,3,3,3,3,3,3,3,3,5,3,3,3,3,3,3,3,3,3,3,3,3,3,3,3
85,0,3,3,3,3,3,3,3,3,3,3,3,3,3,3,3,3,3,3,3,3,3,3,3,3,3,3,3,3,3,3,3,3
86,0,3,3,3,3,3,3,3,3,3,3,3,3,3,3,3,3,3,3,3,3,3,3,3,3,3,3,3,3,3,3,3,3
87,0,3,3,3,3,3,5,3,3,3,3,3,3,3,3,3,3,3,3,3,3,3,3,3,5,3,3,3,3,3,3,3,3
88,0,3,3,3,3,3,3,3,3,3,3,3,5,3,3,3,3,3,3,3,3,3,3,3,3,5,3,3,3,3,3,3,3
89,0,3,3,3,3,3,3,3,3,3,3,5,3,3,3,3,3,3,3,3,3,3,3,3,3,3,3,3,3,3,3,3,3
90,0,3,3,3,3,3,3,3,5,3,3,3,3,3,5,3,3,3,3,3,3,3,3,3,3,3,3,3,3,3,3,3,3
91,0,3,3,3,3,3,3,3,3,3,3,3,3,3,3,3,3,3,3,3,3,3,3,3,3,3,3,3,3,3,3,3,3
92,0,3,3,3,3,3,3,3,3,3,3,3,3,3,3,3,3,3,3,3,3,3,3,3,3,3,3,3,3,3,3,3,3
93,0,3,3,3,3,3,3,3,3,3,3,3,3,3,3,3,3,3,3,3,3,3,3,3,3,3,3,3,3,3,3,3,3
94,0,3,3,3,3,3,3,3,3,3,3,3,3,3,3,3,3,3,3,3,3,3,3,3,3,3,3,3,3,3,2,3,3
95,0,3,3,3,3,3,3,3,3,3,3,3,3,3,3,3,3,3,3,3,3,3,3,3,5,3,3,3,3,3,3,3,3
96,0,3,3,3,3,3,3,3,3,3,3,3,3,3,3,3,3,3,3,3,3,3,3,3,3,3,3,3,3,3,3,3,3
97,0,3,3,3,3,3,3,3,3,3,3,3,3,3,3,3,3,3,3,3,3,3,3,3,3,3,3,3,3,3,3,3,3
98,0,3,3,3,3,3,3,3,3,3,3,5,3,3,3,3,3,3,3,3,3,3,3,3,3,3,3,3,3,3,3,3,3
99,0,3,3,3,3,3,3,3,3,3,3,3,3,3,3,3,3,3,3,3,3,3,3,3,3,3,3,3,3,3,3,3,3
100,0,3,3,3,3,3,3,3,3,3,3,3,3,3,3,3,3,3,3,3,3,3,3,3,5,3,3,3,3,3,3,3,3
101,0,3,3,3,3,3,3,3,3,3,3,3,3,3,3,3,3,3,3,3,3,7,3,3,3,3,3,3,3,3,3,3,3
102,0,3,3,3,3,3,3,3,3,3,3,3,3,3,3,3,3,3,3,3,3,3,3,3,3,3,3,3,3,3,3,3,3
103,0,3,3,3,3,3,3,3,3,3,3,3,3,3,3,3,3,3,3,3,3,5,3,3,3,3,3,3,3,3,3,3,3
104,0,3,3,3,3,3,3,3,3,3,2,3,3,3,3,5,3,3,3,3,3,3,3,3,3,3,3,3,3,3,3,3,3
105,0,3,3,3,3,3,3,3,3,3,3,3,3,3,3,3,3,3,3,3,3,3,3,3,3,3,3,3,3,3,3,3,3
106,0,3,3,3,3,3,3,3,3,3,3,3,3,3,3,3,3,3,3,3,3,3,3,3,3,3,3,3,3,3,3,3,3
107,0,3,3,3,3,3,3,3,3,3,3,3,3,3,3,3,3,3,3,3,3,3,3,3,3,3,3,3,3,3,3,3,3
108,0,3,3,3,3,7,3,3,3,3,3,3,3,3,3,3,3,3,3,3,3,3,3,3,3,3,3,3,3,3,3,3,3
109,0,3,3,3,3,3,3,3,3,3,3,3,5,3,3,3,3,3,3,3,3,3,3,3,3,3,3,3,3,3,3,3,3
110,0,3,3,3,3,3,3,3,3,3,3,3,3,3,3,3,3,3,3,3,3,3,3,3,3,3,3,3,3,3,3,3,3
111,0,3,3,3,3,3,3,3,3,3,3,3,3,3,3,3,3,3,3,3,3,3,3,3,3,3,3,3,3,3,3,3,3
112,0,3,3,3,3,3,3,3,3,3,3,3,3,3,3,3,3,3,3,3,3,3,3,3,3,3,3,3,3,3,3,3,3
113,0,3,3,3,3,3,3,3,3,3,3,3,3,3,3,3,3,3,3,3,3,3,3,3,3,3,3,3,3,3,3,3,3
114,0,3,3,3,3,3,3,5,3,3,3,3,3,3,3,3,3,3,3,3,3,3,3,3,3,3,3,3,3,3,3,3,7
115,0,3,3,3,3,3,3,3,3,3,3,3,3,3,3,3,3,3,3,3,3,3,3,3,3,3,3,3,3,3,3,3,3
116,0,3,3,3,3,3,3,3,3,3,3,3,3,3,3,3,3,3,3,3,3,3,3,3,3,3,3,3,3,3,3,3,3
117,0,3,3,3,3,3,3,3,3,3,3,3,3,3,3,3,3,3,3,3,3,3,3,3,3,3,3,3,3,3,3,3,3
118,0,3,3,3,3,3,3,3,3,3,3,3,3,3,3,3,3,3,3,3,3,3,3,3,3,3,3,3,3,3,3,3,3
119,0,3,3,3,3,3,3,3,3,3,3,3,3,3,3,3,3,3,3,3,3,3,3,3,3,3,3,3,3,3,3,3,3
120,0,3,3,3,3,3,3,3,3,3,3,3,3,3,3,3,3,3,3,3,3,5,3,3,3,3,3,3,3,3,3,3,3
121,0,3,3,3,3,3,3,3,3,3,3,3,3,3,3,3,3,3,3,3,3,3,3,3,3,3,3,3,3,3,3,3,3
122,0,3,3,3,3,3,3,3,3,3,3,3,3,3,3,3,7,3,3,3,3,3,3,3,3,3,3,3,3,3,3,3,3
123,0,3,5,3,5,3,3,3,3,3,3,3,3,7,3,3,3,3,3,5,3,3,3,3,3,3,3,3,3,3,3,3,3
124,0,3,3,3,7,3,3,3,3,3,3,3,3,3,3,3,3,3,3,3,3,3,3,7,3,3,3,3,3,3,3,3,3
125,0,3,3,3,7,3,7,3,7,3,7,7,3,3,3,3,3,3,3,3,3,3,3,3,3,3,3,3,7,3,3,3,3
126,0,3,3,3,3,3,3,3,3,3,3,3,3,3,3,3,3,3,3,7,3,3,3,3,3,3,3,3,3,3,3,3,3
127,0,3,3,3,3,3,3,3,3,3,3,7,3,3,3,3,7,3,3,3,3,3,3,3,3,3,7,3,3,3,3,3,3
128,0,3,3,3,3,3,3,3,3,3,3,3,3,3,3,3,3,3,3,3,3,3,3,7,3,3,3,3,3,3,2,3,3
129,0,3,3,3,3,3,3,3,3,3,3,3,3,3,3,3,3,3,3,3,3,3,3,3,3,3,7,3,3,3,3,3,3
130,0,3,3,3,3,3,3,3,3,3,3,3,3,3,3,3,3,3,3,3,3,3,3,3,3,3,3,3,3,3,3,3,3
131,0,3,3,3,3,3,3,3,3,3,3,3,3,3,3,3,3,3,3,3,3,3,3,3,2,3,3,3,3,3,3,3,3
132,0,3,3,3,3,3,3,3,3,3,3,3,3,3,3,3,3,3,3,3,3,3,3,3,3,3,3,3,3,3,3,3,3
133,0,3,3,3,3,3,3,3,3,3,3,3,3,3,3,3,3,3,3,3,3,3,3,3,3,3,3,3,3,3,3,3,3
134,0,3,3,3,3,3,3,3,3,3,3,3,3,3,3,3,3,3,3,3,3,3,3,3,3,3,3,3,3,3,3,3,3
135,0,3,3,3,3,3,3,3,3,3,3,3,3,3,3,3,3,3,3,3,3,3,3,3,3,3,3,3,3,3,2,2,3
136,0,3,3,3,3,3,3,3,3,3,3,3,3,3,3,3,3,3,3,3,3,3,3,3,3,3,3,3,3,3,3,3,3
137,0,3,3,3,3,3,3,5,3,3,3,3,3,3,3,3,3,3,3,3,3,3,3,3,3,3,3,3,2,3,3,3,3
138,0,3,3,3,3,3,3,3,3,3,3,3,3,3,3,3,3,3,3,3,3,3,3,3,3,3,3,3,3,3,3,3,3
139,0,3,3,3,3,3,5,3,3,3,3,3,3,3,3,3,3,3,3,7,3,3,3,3,3,3,3,3,3,3,3,3,3
140,0,3,3,3,3,3,3,3,3,3,3,3,3,3,3,3,3,3,3,3,3,3,3,3,3,3,3,3,3,3,3,3,3
141,0,3,3,3,3,3,3,3,3,3,3,3,3,3,3,3,3,3,3,3,3,3,3,3,3,3,3,3,3,3,3,3,3
142,0,3,3,3,3,3,3,3,7,3,3,3,3,3,3,3,3,3,3,3,3,3,3,3,3,3,3,3,3,3,3,3,3
143,0,3,3,3,3,3,3,3,3,3,3,3,3,3,3,3,3,3,3,3,3,3,3,3,3,3,3,3,3,3,3,3,3
144,0,3,3,3,3,3,3,3,3,3,3,7,3,3,3,3,3,3,3,3,3,3,3,3,3,3,3,3,3,3,3,3,3
145,0,3,3,3,3,3,3,3,3,3,3,3,3,3,3,3,3,3,3,3,3,3,3,3,3,3,3,3,3,3,3,3,3
146,0,3,3,3,3,3,3,3,3,3,3,3,3,3,3,3,3,3,3,3,3,3,3,3,3,3,3,3,3,3,3,3,3
147,0,3,3,3,3,7,3,3,3,3,3,3,3,3,3,3,3,3,3,3,3,3,3,3,3,3,3,3,3,3,3,3,3
148,0,3,5,3,3,3,3,3,3,3,3,3,3,3,3,3,3,3,3,3,3,5,3,3,3,3,3,3,3,3,3,3,3
149,0,3,3,3,3,3,3,3,3,3,3,3,3,3,3,3,3,3,3,3,3,3,3,3,3,3,3,3,3,3,3,3,3
150,0,3,3,3,3,3,3,3,3,3,3,3,3,3,3,3,3,3,3,3,3,3,3,3,3,3,3,3,3,3,3,3,3
151,0,3,3,3,3,3,3,3,3,3,3,3,3,7,3,3,3,3,3,3,3,3,3,3,3,3,3,3,3,3,3,3,3
152,0,3,3,3,3,3,3,3,3,3,3,3,3,3,3,3,3,3,3,3,3,3,3,3,3,3,3,3,3,3,3,3,3
153,0,3,3,3,3,3,3,3,3,3,3,3,3,3,3,3,3,3,3,3,3,3,3,3,3,3,3,3,3,3,3,3,3
154,0,3,3,3,3,3,3,3,3,3,3,3,3,3,3,3,3,3,3,3,3,3,3,3,3,3,3,3,3,3,3,3,3
155,0,3,3,3,3,3,3,3,3,3,3,3,3,3,3,3,3,3,3,3,3,3,3,3,3,3,3,3,3,3,3,3,3
156,0,3,3,3,3,3,3,3,3,3,3,3,3,3,3,3,3,3,3,3,3,3,3,3,3,3,3,3,3,3,3,9,3
157,0,3,3,3,3,3,3,3,3,3,3,3,3,3,3,3,3,3,3,3,3,3,3,3,3,3,3,3,3,3,3,3,3
158,0,3,3,3,3,3,3,3,3,3,3,3,3,3,3,3,3,3,3,3,3,3,3,3,3,3,3,3,7,3,7,3,3
159,0,3,3,3,3,3,3,3,3,3,3,3,3,3,3,3,3,3,3,3,3,3,3,3,3,3,3,3,3,3,3,3,3
160,0,3,3,3,3,3,3,3,3,3,3,3,3,3,3,3,3,3,3,3,3,3,3,3,3,3,3,3,3,3,3,3,3
161,0,3,3,3,3,3,3,3,3,3,3,3,3,3,3,3,3,3,3,3,3,3,3,3,3,3,3,3,3,3,3,3,3
162,0,3,3,3,3,3,3,3,3,3,3,3,3,3,3,3,3,3,3,3,3,3,3,3,3,3,3,3,3,3,3,3,3
163,0,3,3,3,3,3,3,3,3,3,3,3,3,3,3,3,3,3,3,3,3,3,3,3,3,3,3,3,3,3,3,3,3
164,0,3,3,3,3,3,3,3,3,3,3,3,3,3,3,3,3,5,3,3,3,3,3,3,3,3,3,3,3,3,3,3,3
165,0,3,3,3,3,3,3,3,3,3,3,3,3,3,3,5,3,3,3,3,3,3,3,3,3,3,3,3,3,3,3,3,3
166,0,3,3,3,3,3,3,3,3,3,3,3,3,3,3,3,3,3,3,3,3,3,3,3,3,3,3,3,3,3,3,3,3
167,0,3,3,3,3,3,3,3,3,3,3,3,3,3,3,3,3,3,3,3,3,3,3,3,3,3,3,3,3,3,3,3,3
168,0,3,3,3,3,3,3,3,3,3,3,3,3,3,3,3,3,3,3,3,3,3,3,3,3,3,3,3,3,3,3,7,3
169,0,7,3,7,3,3,3,3,3,3,3,7,3,3,3,3,3,3,3,3,3,7,7,3,9,3,3,3,3,3,3,3,3
170,0,3,3,3,3,3,3,3,3,3,3,3,3,3,3,3,3,3,3,3,3,3,3,3,3,3,3,3,3,3,3,3,3
171,0,3,3,3,3,3,3,3,3,3,3,3,3,3,3,3,3,3,3,3,3,3,3,3,3,3,3,3,3,3,3,3,3
172,0,3,3,3,3,3,3,3,3,3,3,3,3,3,3,3,3,3,5,3,3,3,3,3,7,3,3,3,3,3,3,3,3
173,0,3,3,3,3,3,3,3,3,3,3,3,3,3,3,3,3,3,7,3,3,3,3,3,3,5,3,3,3,3,3,3,3
174,0,3,3,3,3,3,3,3,3,3,3,3,3,3,3,3,3,3,3,3,3,3,3,3,3,3,3,3,3,3,3,3,3
175,0,3,3,3,3,3,3,3,3,3,3,3,3,3,3,3,3,3,3,3,3,3,3,3,3,3,3,3,3,3,3,3,3
176,0,3,3,3,3,3,3,3,3,3,3,3,3,3,3,3,3,3,3,3,3,3,3,3,3,3,3,3,3,3,3,3,3
177,0,3,3,3,3,3,3,3,3,3,3,3,3,3,3,3,3,3,3,3,3,3,3,3,3,3,3,3,3,3,3,3,3
178,0,3,3,3,3,3,3,3,3,3,3,3,3,3,3,3,3,3,3,3,3,3,3,3,3,3,3,3,3,3,3,3,3
179,0,3,3,3,3,3,3,3,3,3,3,3,3,3,3,3,3,3,3,3,3,3,3,3,3,3,3,3,3,3,3,3,3
180,0,3,3,3,3,3,3,3,3,3,3,3,3,3,3,5,3,3,3,3,3,3,3,3,3,3,3,3,3,3,3,3,3
181,0,3,3,3,3,3,3,3,3,3,3,3,3,3,3,3,3,3,3,3,3,3,3,3,3,3,3,3,3,3,3,3,3
182,0,3,3,3,3,3,3,3,3,3,3,3,3,3,3,3,3,3,3,3,3,3,3,3,3,3,3,3,3,3,3,3,3
183,0,3,3,3,3,3,3,3,3,3,3,3,3,8,3,3,3,3,3,3,3,3,3,3,3,3,3,3,3,3,3,3,3
184,0,3,3,3,3,3,3,3,3,3,3,3,3,3,3,3,3,3,3,3,3,3,3,3,3,3,3,3,3,3,3,3,3
185,0,3,3,3,3,3,3,3,3,3,3,3,3,3,3,3,3,3,3,3,3,3,3,3,3,3,3,3,3,3,3,3,3
0,1,3,3,3,3,3,3,3,3,3,3,3,3,3,3,3,3,3,3,3,3,3,3,3,3,3,3,3,3,3,3,3,3
1,1,3,3,3,3,3,3,3,3,3,3,3,3,3,3,3,3,3,3,3,3,3,3,3,3,3,3,3,3,3,3,3,3
2,1,3,3,3,3,3,3,5,3,3,3,3,3,3,3,3,3,3,3,3,3,3,3,3,3,3,3,3,3,3,3,3,3
3,1,3,3,3,3,3,3,3,3,3,3,3,3,3,3,3,3,3,3,3,3,3,3,3,3,3,3,3,3,3,3,3,3
4,1,3,3,3,3,3,3,3,3,3,3,3,3,3,3,3,3,3,3,3,3,3,3,3,3,3,3,3,3,3,3,3,3
5,1,3,3,3,3,3,3,3,3,3,3,5,3,3,3,3,3,3,3,3,3,3,3,3,3,3,3,3,3,3,3,3,3
6,1,3,3,3,3,3,3,3,3,3,3,3,3,3,3,3,3,3,3,3,3,3,3,3,3,3,3,3,3,3,3,3,3
7,1,3,5,3,3,3,3,3,3,3,3,3,5,5,3,3,3,3,3,3,3,3,3,3,3,3,3,3,3,3,3,3,3
8,1,3,3,3,3,3,3,3,3,3,3,5,3,3,3,5,3,3,3,3,3,3,3,3,3,3,3,3,3,3,3,3,3
9,1,3,3,3,3,3,3,3,3,3,3,3,3,3,3,3,3,3,3,3,3,3,3,3,3,3,3,3,3,3,3,3,5
10,1,3,3,3,3,3,3,3,3,5,3,3,3,3,3,3,3,3,3,3,3,3,3,3,3,3,3,3,3,3,3,3,3
11,1,3,3,3,3,3,3,3,3,3,3,3,3,3,3,3,3,3,3,3,3,3,3,3,3,3,3,3,3,3,3,3,3
12,1,3,3,3,3,3,3,3,5,3,3,3,3,3,5,3,3,3,3,3,3,3,3,3,3,3,3,3,3,3,3,5,3
13,1,3,3,3,3,3,3,3,3,3,3,3,3,3,3,3,3,3,3,3,3,3,3,3,3,3,3,3,3,3,3,3,3
14,1,3,3,3,3,3,3,3,3,3,3,3,3,3,3,3,3,3,3,3,3,3,3,5,3,3,3,3,5,3,3,3,3
15,1,3,2,3,2,3,3,3,3,3,3,3,3,3,3,3,3,3,3,3,3,3,3,3,3,3,3,3,3,3,3,5,3
16,1,3,3,3,3,3,3,3,3,3,3,3,3,3,3,3,3,3,3,3,3,3,3,3,3,3,3,3,3,3,3,3,3
17,1,3,3,3,3,3,3,3,3,3,3,3,3,3,3,3,3,3,3,3,3,3,3,3,3,3,3,3,3,3,3,3,3
18,1,3,3,3,3,3,3,3,3,3,3,3,3,3,3,3,3,3,3,3,3,3,3,3,3,3,3,3,3,3,3,3,3
19,1,3,3,3,3,3,3,3,3,3,3,3,3,3,3,3,3,3,3,3,3,3,3,3,3,3,3,3,3,3,3,3,3
20,1,3,3,3,3,3,3,3,3,3,3,3,9,3,3,3,3,3,3,3,3,3,3,3,3,3,3,3,3,3,8,3,3
21,1,3,7,3,3,3,3,3,3,3,3,3,0,3,3,3,3,3,3,3,3,3,3,3,3,3,3,3,3,3,3,3,3
22,1,3,7,3,2,3,2,3,7,3,2,3,3,3,3,3,9,3,7,2,3,2,3,3,3,3,3,3,5,3,3,2,3
23,1,7,3,3,5,2,5,7,3,3,3,3,3,3,3,7,7,3,3,3,3,3,3,3,7,3,3,7,7,3,7,3,7
24,1,3,3,7,3,7,3,3,7,7,7,3,7,7,7,7,7,7,7,7,3,2,3,3,3,3,3,3,2,7,3,7,7
25,1,3,3,3,3,3,3,3,3,3,7,3,3,3,7,3,3,3,3,3,7,3,7,3,3,3,3,3,7,9,3,3,3
26,1,7,7,7,9,3,7,3,7,7,3,9,7,7,7,3,9,7,7,3,3,3,3,3,7,3,3,7,3,3,7,7,7
27,1,7,7,7,7,3,7,7,7,3,3,7,7,7,7,3,3,3,7,3,3,3,7,7,7,7,3,7,7,7,7,7,7
28,1,7,7,3,7,7,7,3,7,7,7,3,7,7,7,7,3,7,7,7,7,3,7,7,7,7,3,7,7,7,7,3,5
29,1,7,7,3,3,5,7,7,7,7,5,5,3,5,5,7,3,5,3,3,5,3,3,3,7,7,7,7,7,7,3,7,7
30,1,7,7,7,7,7,7,7,7,7,3,7,3,9,7,9,7,7,7,5,9,7,7,3,3,7,3,5,5,7,5,7,3
31,1,7,7,7,3,5,3,5,3,7,7,7,7,7,7,5,3,7,7,7,7,5,7,3,7,7,3,5,5,7,7,7,7
32,1,7,3,7,7,3,7,7,3,7,3,7,7,3,5,3,5,3,3,3,3,7,3,7,9,3,7,3,3,3,5,3,5
33,1,3,7,3,7,7,3,7,7,7,3,3,5,3,7,3,7,3,7,7,3,7,7,7,3,7,3,3,7,3,7,7,5
34,1,7,7,7,3,3,5,7,3,7,3,7,7,7,5,3,3,7,7,5,3,3,7,2,7,3,3,3,3,7,3,7,3
35,1,7,7,7,7,3,7,7,7,3,7,7,3,3,7,7,7,5,7,7,3,3,7,7,7,3,7,7,7,3,7,7,3
36,1,7,7,7,7,5,7,7,7,7,7,3,7,7,7,7,3,3,7,7,3,7,3,3,7,7,7,7,5,3,7,7,3
37,1,7,7,5,3,7,5,3,3,7,3,7,7,7,7,7,7,5,7,7,3,3,3,3,7,7,5,5,7,3,3,7,7
38,1,5,3,3,5,5,3,5,7,3,3,5,5,3,7,5,7,5,7,5,7,7,5,3,3,7,5,5,3,3,5,3,5
39,1,5,3,5,3,3,5,3,5,5,5,3,3,5,5,5,3,3,5,5,5,5,5,3,7,3,3,5,5,3,3,5,3
40,1,3,3,3,5,3,3,3,3,3,3,3,3,5,3,3,3,3,3,3,5,3,5,3,3,3,3,3,5,3,3,3,3
41,1,7,7,3,3,7,3,3,7,7,3,7,3,3,5,7,3,3,7,3,3,3,7,3,3,3,3,3,3,3,7,7,3
42,1,3,3,5,5,7,5,3,3,3,7,7,3,7,3,3,3,5,3,3,3,7,3,3,3,3,3,3,3,3,3,3,3
43,1,3,3,3,3,7,3,3,3,3,3,3,3,3,3,3,5,3,3,3,3,3,3,3,3,3,3,3,3,3,3,3,3
44,1,7,9,3,3,3,3,7,3,7,5,3,5,7,7,7,7,7,3,7,7,3,7,7,3,7,7,7,3,3,7,7,5
45,1,7,3,5,3,3,3,3,7,3,7,5,7,7,3,3,7,3,7,3,5,3,3,3,5,7,7,3,7,3,5,7,3
46,1,3,3,7,3,3,7,5,5,3,5,3,5,3,7,3,5,3,3,3,3,3,5,3,3,3,7,5,3,3,5,7,3
47,1,7,7,7,7,7,3,7,7,7,7,3,7,3,7,7,3,7,3,5,7,7,5,3,3,3,7,5,7,7,7,7,3
48,1,7,3,7,7,5,7,7,7,7,3,5,3,7,5,7,3,7,7,7,3,7,7,7,5,7,7,5,5,7,5,5,7
49,1,7,5,3,3,3,5,5,7,7,3,5,3,3,5,5,7,5,3,7,7,5,3,5,7,3,3,7,3,5,7,3,7
50,1,7,3,3,3,3,7,3,7,7,7,3,3,3,3,3,3,3,5,7,7,3,3,7,3,7,3,7,3,3,7,3,3
51,1,7,3,3,3,3,3,3,7,3,3,3,3,3,3,3,3,3,3,3,3,3,3,3,3,3,3,3,5,7,7,5,3
52,1,3,3,7,3,7,7,3,3,7,3,5,3,5,3,7,3,7,3,5,3,7,3,7,5,3,3,3,7,7,7,5,7
53,1,3,3,7,7,7,7,3,3,3,3,7,7,3,3,3,3,3,5,3,3,3,7,7,3,3,7,7,3,7,3,3,3
54,1,7,7,3,3,3,7,3,3,7,3,3,3,3,3,7,7,3,7,7,7,3,7,7,3,3,3,3,3,3,3,7,3
55,1,3,3,7,3,7,7,3,3,3,7,7,7,7,3,5,3,7,3,3,7,3,7,3,3,5,3,7,7,3,7,3,3
56,1,7,3,7,7,3,3,3,3,7,7,7,3,3,7,3,3,7,7,7,3,7,7,7,3,7,3,7,7,7,3,3,7
57,1,7,3,7,3,7,7,7,7,7,3,3,3,7,3,3,7,3,3,7,3,3,7,7,7,3,3,7,7,7,3,7,7
58,1,3,3,3,3,3,3,3,3,3,3,3,3,3,3,3,3,3,3,3,7,5,3,3,3,3,3,3,3,1,3,3,3
59,1,7,3,3,3,3,3,7,3,3,3,3,3,7,3,3,3,3,3,5,3,3,3,3,3,3,3,3,3,7,3,3,7
60,1,7,7,3,3,7,3,3,3,7,3,3,7,3,3,7,7,3,3,3,3,7,7,3,7,7,3,7,3,7,7,7,3
61,1,7,7,7,3,3,7,7,7,7,3,7,3,3,7,3,7,3,7,3,3,7,3,3,3,3,7,7,3,7,3,3,7
62,1,3,3,3,3,3,3,3,3,3,3,3,3,3,3,3,3,3,3,3,3,7,3,3,3,3,3,7,3,3,3,3,3
63,1,3,3,3,3,3,3,3,3,3,3,3,3,3,7,3,3,3,7,3,3,3,3,3,7,3,3,3,3,3,3,3,3
64,1,3,3,3,3,3,3,3,3,3,3,3,3,3,3,3,3,3,3,3,3,3,3,3,3,3,3,4,3,5,3,3,3
65,1,3,7,3,3,3,3,3,3,3,3,3,3,3,3,4,3,3,3,3,3,3,3,3,3,3,3,3,3,3,3,3,3
66,1,3,3,3,3,3,3,3,3,3,3,3,3,3,3,3,3,3,3,3,3,7,3,3,3,3,3,3,3,3,3,3,3
67,1,3,3,3,3,3,7,3,3,3,3,3,3,3,3,7,3,3,3,3,3,3,3,3,3,3,3,7,7,3,3,3,3
68,1,3,3,3,3,7,3,3,3,3,3,3,1,3,3,3,3,7,3,3,3,3,3,3,3,3,7,3,3,3,3,3,3
69,1,3,3,3,3,3,3,3,7,3,3,3,3,3,3,3,3,3,3,3,3,3,3,3,3,3,3,3,3,3,3,3,3
70,1,3,7,4,3,3,3,3,3,3,3,3,3,3,3,3,3,3,3,3,7,3,7,3,3,7,3,3,3,7,3,3,3
71,1,3,3,3,7,3,3,3,3,3,3,7,3,3,3,3,3,3,3,3,3,7,3,3,3,3,3,3,3,3,3,3,3
72,1,3,3,3,3,3,3,3,7,3,3,3,3,3,5,3,7,3,3,3,3,5,3,7,3,7,3,3,3,3,3,3,3
73,1,3,3,7,3,4,3,3,3,3,3,3,3,8,3,3,3,5,3,3,3,3,7,3,3,7,3,3,3,3,3,3,7
74,1,3,3,7,3,3,5,3,3,3,3,3,3,3,3,3,3,3,3,3,3,5,3,7,3,5,3,3,3,3,3,3,3
75,1,3,3,3,3,7,3,3,3,3,7,3,7,4,5,3,3,3,3,3,7,7,3,3,3,7,3,3,3,7,3,7,3
76,1,7,7,3,3,3,3,3,3,3,3,7,3,3,3,5,5,3,7,5,7,3,7,3,7,7,3,3,3,5,3,5,3
77,1,3,8,3,3,7,3,3,3,3,5,3,3,3,7,3,7,7,3,3,3,3,7,3,3,3,5,5,3,5,5,3,5
78,1,3,3,3,3,3,3,3,3,7,3,7,3,3,3,3,3,3,3,3,7,3,3,3,3,3,5,3,3,3,3,3,3
79,1,7,3,7,7,3,3,7,7,7,3,3,7,3,7,7,3,3,3,7,7,3,3,3,3,3,7,5,3,3,3,3,7
80,1,7,7,3,7,3,3,3,7,2,3,7,3,7,3,3,3,7,3,3,3,3,7,7,7,3,7,3,7,3,3,3,3
81,1,7,7,5,3,3,7,3,5,3,3,3,3,3,3,7,7,3,2,5,7,7,7,3,3,5,7,3,3,7,3,3,7
82,1,7,3,3,7,7,3,7,3,5,7,7,5,2,7,3,3,7,7,3,7,3,7,7,7,7,3,7,7,3,7,2,3
83,1,7,3,3,3,3,7,7,7,7,7,5,3,2,3,3,3,3,3,5,3,3,3,3,3,3,3,3,3,7,5,5,3
84,1,7,7,7,7,7,3,7,8,3,3,7,3,7,3,3,3,7,7,7,3,7,7,3,3,7,7,7,7,3,3,3,3
85,1,7,3,3,7,7,5,3,7,3,7,3,7,7,3,3,3,7,3,3,3,7,3,3,7,7,3,3,7,3,3,3,3
86,1,7,7,5,3,5,3,3,3,3,7,3,3,7,7,3,3,7,3,3,3,3,3,5,3,3,8,3,3,7,3,3,3
87,1,7,7,3,3,7,7,3,3,3,3,3,7,3,7,3,3,7,7,3,3,7,3,7,3,3,7,2,3,3,3,7,3
88,1,7,3,7,3,7,3,3,7,7,7,2,7,3,7,7,7,7,7,7,3,7,3,7,3,7,7,7,3,3,7,3,7
89,1,7,5,7,3,3,3,7,3,3,8,3,7,8,7,3,7,3,7,3,3,7,3,3,7,7,3,7,7,3,3,3,5
90,1,7,3,3,3,3,3,3,7,3,3,3,7,7,7,3,3,3,7,3,3,7,3,7,3,3,3,3,3,3,3,3,3
91,1,7,7,7,3,3,3,3,3,7,3,7,3,7,3,3,3,7,3,3,3,3,3,3,7,2,3,3,3,3,7,7,3
92,1,7,7,7,7,3,7,3,3,3,3,7,7,3,5,7,5,3,3,3,7,3,3,7,7,3,2,3,7,7,3,5,7
93,1,7,3,3,3,7,3,3,3,3,7,3,3,8,3,3,3,3,7,3,7,3,3,3,7,7,3,7,3,5,3,3,3
94,1,7,3,3,3,7,7,3,3,3,7,3,7,3,3,3,3,3,3,3,3,3,3,3,3,3,3,7,3,7,3,3,3
95,1,7,3,3,7,3,3,3,3,3,3,3,7,3,3,3,3,7,7,3,3,3,3,3,3,3,3,3,3,3,7,3,3
96,1,3,3,3,3,3,3,3,3,3,2,3,3,7,7,3,7,3,3,3,3,3,3,3,7,3,7,3,3,3,3,3,7
97,1,7,7,7,3,7,3,7,3,7,7,3,7,7,5,5,7,7,7,7,3,3,3,3,3,7,3,7,7,3,3,3,3
98,1,7,2,7,3,2,3,3,3,3,3,3,3,3,3,3,3,9,5,3,3,7,3,3,3,3,3,3,3,3,7,7,3
99,1,7,3,7,3,3,7,3,3,3,3,3,3,5,3,7,7,3,3,3,5,3,3,3,3,7,3,2,3,5,5,5,7
100,1,3,3,3,3,3,3,3,3,7,3,3,3,5,3,3,3,3,3,3,3,3,3,3,3,3,3,7,3,7,3,3,3
101,1,3,3,3,3,3,3,3,3,3,3,3,3,3,3,3,3,3,3,3,3,3,3,3,3,3,3,3,3,3,3,3,3
102,1,3,3,3,3,3,3,3,3,2,3,3,3,3,8,3,3,3,3,3,3,3,3,3,3,3,3,3,3,3,3,3,3
103,1,3,3,3,7,3,3,3,3,3,3,3,3,3,3,3,3,3,3,3,3,3,3,3,3,3,3,3,3,3,3,3,3
104,1,3,3,3,3,3,3,3,3,3,3,3,3,3,3,3,3,3,3,3,3,3,3,3,3,3,3,3,3,3,3,3,2
105,1,3,3,3,3,3,3,3,3,3,3,3,3,3,3,3,3,3,3,2,3,3,3,3,3,3,3,3,3,3,3,3,3
106,1,3,3,3,3,3,3,3,3,3,3,3,3,3,3,3,3,3,3,3,3,3,5,3,3,3,3,3,3,3,3,3,3
107,1,3,3,3,3,3,3,3,3,3,3,3,3,3,3,3,3,3,3,3,3,3,3,3,3,3,3,3,3,3,3,3,3
108,1,3,3,3,3,3,2,2,3,3,3,3,3,3,3,3,3,3,3,3,3,3,3,3,2,3,3,5,3,3,3,3,3
109,1,3,3,3,3,3,2,2,3,3,3,3,3,3,3,3,3,3,3,3,3,3,3,3,3,3,3,3,3,3,3,8,3
110,1,3,3,5,3,3,3,3,8,3,3,3,3,5,5,3,5,3,3,3,3,3,3,3,3,3,3,3,3,3,2,3,3
111,1,3,3,3,3,3,3,3,3,3,3,3,3,3,3,3,3,3,3,3,2,3,3,3,3,3,3,3,3,3,3,3,3
112,1,3,3,3,3,3,3,3,3,3,3,3,3,3,3,3,3,5,3,3,3,3,3,3,7,3,3,3,3,3,3,3,3
113,1,3,3,3,3,3,3,3,3,3,3,5,3,3,3,3,3,3,3,3,3,3,3,3,3,3,5,5,3,3,3,3,2
114,1,3,3,5,3,3,5,3,3,3,3,3,3,3,3,3,7,3,3,3,3,3,3,3,3,3,3,5,3,3,3,3,3
115,1,5,3,3,3,3,3,3,3,3,3,3,3,3,3,9,3,3,3,3,3,5,3,3,3,3,3,3,3,3,7,3,3
116,1,3,3,3,3,3,5,3,3,3,3,3,3,3,3,3,3,3,3,3,3,3,3,3,3,3,3,3,5,5,3,3,3
117,1,3,3,3,3,5,3,3,5,3,5,3,3,3,3,3,3,3,3,3,3,3,5,3,3,3,3,3,3,3,7,3,3
118,1,3,3,3,3,3,3,3,3,3,3,3,3,3,3,5,3,3,3,3,3,3,3,3,3,3,3,3,3,5,3,5,3
119,1,3,3,8,3,5,3,3,3,3,3,3,3,3,3,3,3,3,3,3,3,3,3,3,3,3,3,3,3,3,3,3,3
120,1,3,3,3,3,3,3,7,3,3,3,3,3,3,3,3,7,3,3,3,3,3,3,3,3,3,3,3,3,3,3,3,3
121,1,3,3,3,3,3,3,3,5,3,3,5,3,3,3,3,3,3,3,3,7,3,3,3,3,3,3,3,3,3,3,3,3
122,1,7,3,7,7,3,3,3,3,3,3,3,3,3,3,7,3,7,3,7,3,7,3,3,3,3,3,3,3,3,7,7,3
123,1,5,3,7,7,3,3,5,3,5,5,7,5,7,3,3,3,3,3,3,5,5,7,5,5,5,5,7,5,7,5,3,5
124,1,5,7,3,7,3,5,3,7,3,3,5,7,3,3,3,5,2,5,7,3,3,5,3,3,3,3,7,5,5,3,5,3
125,1,7,5,5,7,3,7,7,7,3,3,7,3,3,7,3,3,7,7,7,5,3,7,5,7,7,7,7,3,5,7,3,5
126,1,7,3,5,3,3,3,3,7,3,3,3,7,3,3,3,7,3,3,5,3,5,3,7,3,3,5,7,3,3,7,5,7
127,1,7,3,3,3,3,7,7,3,3,3,5,7,3,7,3,2,3,5,3,3,3,5,2,5,7,3,3,3,3,5,5,3
128,1,7,3,3,5,3,5,3,3,3,3,3,3,7,7,5,7,3,7,3,3,7,3,7,3,3,3,3,3,3,5,5,3
129,1,7,3,7,3,5,5,3,3,7,3,3,7,3,7,3,3,3,3,3,3,7,7,3,3,7,3,3,3,3,3,3,7
130,1,7,7,5,5,3,5,5,7,5,5,7,5,5,7,3,7,3,3,5,3,3,3,3,3,3,3,3,7,3,3,7,3
131,1,7,3,5,3,7,5,5,3,3,3,3,3,2,7,7,7,7,3,7,5,5,3,5,5,5,3,3,5,5,7,5,8
132,1,5,7,5,5,3,7,7,7,5,7,7,5,5,7,3,5,3,3,3,7,3,3,3,3,7,5,3,5,3,3,3,7
133,1,5,5,3,7,7,3,5,3,3,7,7,5,3,7,5,3,3,2,3,3,3,5,3,7,2,5,5,5,3,3,7,5
134,1,3,7,3,7,3,7,5,3,3,3,3,3,3,3,7,7,3,3,5,3,3,5,3,7,3,3,3,3,3,3,5,3
135,1,7,3,3,3,3,3,5,3,7,5,5,7,5,5,7,3,3,7,3,5,7,3,7,5,7,3,3,5,3,3,3,3
136,1,7,3,7,7,3,5,3,7,2,3,3,3,3,3,3,3,7,7,7,5,2,3,2,5,3,7,5,5,7,3,7,7
137,1,3,3,7,5,3,2,3,3,3,3,3,3,7,7,3,3,7,3,3,3,7,3,5,7,7,3,7,3,3,3,3,3
138,1,7,7,7,7,7,3,7,7,7,7,3,3,7,7,7,7,7,7,7,3,3,7,7,7,7,7,7,3,3,7,7,7
139,1,7,7,3,7,7,3,7,7,7,7,7,7,3,7,7,3,7,7,7,7,7,7,7,3,7,7,7,7,7,3,7,7
140,1,7,3,7,7,7,7,3,7,7,7,7,7,7,3,3,7,3,7,7,7,7,7,3,3,7,7,7,7,7,3,7,7
141,1,7,7,7,7,7,3,7,7,7,7,7,4,7,7,3,7,3,7,7,3,7,7,7,7,3,7,4,7,7,7,3,7
142,1,7,7,7,7,7,1,3,7,7,7,7,7,7,7,7,7,7,7,7,3,7,7,7,3,7,3,7,7,7,7,7,7
143,1,7,3,7,3,7,7,7,7,7,5,7,3,7,7,3,3,7,7,7,7,7,7,7,7,7,7,3,7,7,7,7,7
144,1,7,7,7,7,7,7,7,3,7,7,7,7,7,7,7,7,7,7,7,7,7,7,3,7,7,7,7,7,7,7,7,7
145,1,7,7,7,7,7,7,7,7,7,7,7,7,3,7,7,7,7,7,7,7,7,7,7,7,7,7,5,7,7,7,7,7
146,1,7,7,4,7,7,7,7,7,7,7,7,7,7,7,7,7,7,7,7,7,7,4,3,3,7,7,7,7,7,7,7,7
147,1,7,7,3,7,7,7,7,7,7,3,5,3,7,3,3,7,3,7,7,7,7,7,7,7,7,7,7,7,7,7,3,3
148,1,7,7,7,7,7,3,7,7,4,7,7,7,7,7,7,5,7,7,7,5,7,7,7,7,7,7,4,5,7,7,7,7
149,1,3,3,7,7,7,4,3,3,3,7,7,3,7,5,3,3,3,7,3,7,7,7,3,5,7,7,7,7,7,2,5,5
150,1,3,3,3,3,7,3,7,7,7,7,3,3,7,3,3,3,3,7,3,7,3,7,7,7,3,3,3,3,7,3,7,7
151,1,7,7,7,7,7,3,3,7,7,3,7,3,3,7,7,3,7,7,3,7,3,3,7,7,3,3,3,3,3,4,7,3
152,1,7,7,7,3,7,7,7,7,7,7,7,7,7,7,7,7,7,7,7,7,7,7,7,7,3,3,3,5,7,7,7,7
153,1,7,7,7,7,7,7,7,7,3,7,7,7,7,3,7,7,7,7,5,4,7,2,7,7,7,7,7,7,7,7,7,5
154,1,7,7,7,5,7,5,3,7,7,7,7,7,3,7,7,3,1,7,5,7,7,7,7,7,7,4,2,7,7,7,7,3
155,1,7,3,5,7,7,7,3,3,7,5,7,3,7,7,5,7,5,7,5,7,3,7,7,7,7,3,3,7,7,3,7,3
156,1,7,7,7,7,7,7,7,7,7,7,7,3,7,7,5,7,7,7,7,7,7,7,3,7,5,7,3,7,7,7,5,7
157,1,7,7,7,1,7,7,1,5,1,7,7,7,1,7,7,7,7,7,7,7,7,3,7,7,7,7,7,7,4,4,1,7
158,1,7,3,7,7,7,7,7,3,7,7,7,7,7,7,7,7,7,7,7,7,7,3,7,7,7,7,7,3,3,7,7,7
159,1,3,3,3,3,3,3,1,3,3,3,3,3,2,3,7,3,3,3,2,3,7,3,5,3,3,7,3,7,3,3,3,3
160,1,3,3,3,3,3,3,5,5,3,3,3,3,3,3,3,3,3,3,3,5,3,3,3,3,3,3,3,3,3,3,5,3
161,1,3,5,3,3,5,5,3,3,3,3,3,3,3,3,5,3,5,3,3,3,3,3,3,3,3,3,3,3,3,3,5,3
162,1,3,3,3,3,1,3,3,3,3,3,3,3,3,3,3,3,3,3,5,3,3,5,3,5,3,5,3,3,3,3,3,3
163,1,3,3,3,3,3,3,3,3,5,3,3,3,5,5,3,3,3,3,3,5,3,3,3,3,3,3,3,3,3,3,3,3
164,1,3,3,3,3,3,3,3,3,3,2,2,3,3,3,5,3,3,3,3,3,3,3,3,3,2,3,3,3,3,3,2,5
165,1,3,5,5,3,3,3,5,7,3,3,2,5,5,3,3,5,5,5,3,3,3,2,5,3,3,5,3,3,3,3,3,3
166,1,3,2,5,3,3,2,5,3,2,5,3,3,3,5,3,3,3,2,3,5,3,3,3,3,3,3,3,3,5,2,3,5
167,1,3,3,3,3,3,3,3,2,5,5,3,3,3,3,3,3,3,3,3,3,2,3,3,5,3,5,3,3,1,3,5,3
168,1,3,3,5,3,5,3,3,3,3,3,3,2,3,3,3,3,3,3,3,7,3,3,3,2,3,2,1,3,3,3,3,3
169,1,3,3,3,3,3,5,3,3,3,3,3,3,3,3,5,3,3,3,3,1,3,3,3,3,3,3,3,3,3,3,2,3
170,1,3,3,5,5,3,3,3,3,3,3,3,5,3,3,3,5,5,3,3,2,3,5,3,3,3,5,3,3,3,3,3,3
171,1,3,2,3,3,3,5,3,3,2,3,5,3,3,3,3,3,3,5,3,5,3,3,5,3,3,3,3,3,3,3,3,3
172,1,3,3,3,3,3,3,3,3,3,3,3,5,3,3,3,3,3,3,3,3,3,3,3,3,3,3,5,3,2,3,3,7
173,1,3,2,3,5,3,3,3,3,3,3,5,3,3,2,3,3,3,3,3,3,3,3,3,3,3,3,3,2,2,3,3,3
174,1,3,3,3,3,3,3,3,3,3,3,3,3,5,3,3,3,3,3,3,2,3,3,3,3,3,3,3,3,3,5,3,3
175,1,3,5,3,5,3,0,3,3,2,5,3,3,3,3,3,5,2,3,3,3,3,3,3,3,3,3,5,3,3,5,3,5
176,1,3,3,3,3,3,2,2,2,3,3,3,3,3,3,3,3,3,3,5,3,3,3,3,3,3,3,3,3,5,3,2,3
177,1,3,3,3,3,5,3,3,3,3,3,3,5,3,3,3,3,3,3,3,3,7,3,5,3,5,3,5,3,3,1,3,3
178,1,3,3,3,3,3,3,2,3,3,5,3,3,3,3,3,2,3,3,3,3,3,3,3,3,3,3,3,3,3,3,5,3
179,1,3,3,3,3,5,3,3,2,3,3,3,3,2,3,2,3,2,3,3,3,3,3,2,3,3,5,5,3,3,3,3,3
180,1,3,2,3,3,3,3,3,3,3,3,3,3,5,3,3,3,5,3,3,3,3,3,3,3,3,3,3,3,3,3,3,3
181,1,3,3,3,5,3,5,3,5,3,3,3,5,5,3,3,3,3,3,5,3,3,3,3,3,3,3,5,3,3,3,3,3
182,1,3,3,3,3,3,3,3,3,3,3,3,3,3,3,3,3,3,3,3,3,3,3,3,3,3,3,3,2,3,3,3,3
183,1,3,3,3,3,3,3,3,3,3,3,3,3,3,3,3,3,3,3,3,3,3,3,3,3,3,3,3,3,3,3,7,3
184,1,3,3,3,3,3,3,3,3,3,3,3,3,3,3,3,3,3,3,3,3,3,3,3,3,3,3,3,3,3,3,3,3
185,1,3,3,3,3,3,3,3,3,3,3,3,3,3,3,3,3,3,3,3,3,3,5,3,3,3,3,3,3,3,3,3,3
0,2,3,3,3,3,3,3,3,3,3,3,3,3,3,3,3,3,3,3,3,3,3,3,3,3,3,3,3,3,3,3,5,3
1,2,3,3,3,3,3,3,3,3,3,3,3,3,3,3,3,3,3,3,3,3,3,3,3,3,3,3,3,3,3,3,3,3
2,2,3,3,3,3,3,3,3,3,3,3,3,3,3,3,3,3,3,3,3,3,3,3,3,3,3,3,3,3,3,3,3,3
3,2,3,3,3,3,3,3,3,3,3,3,3,3,3,3,3,3,3,3,3,3,3,3,3,3,3,3,3,3,3,3,3,5
4,2,3,3,3,3,3,3,3,3,3,3,3,3,3,3,3,3,3,3,3,3,3,3,3,3,3,3,3,3,3,3,3,3
5,2,3,3,3,3,3,3,3,3,3,3,3,5,3,5,3,3,3,3,3,3,3,3,3,3,3,3,3,3,3,3,3,3
6,2,3,3,3,3,3,3,3,3,3,3,3,3,3,3,3,3,3,3,3,3,3,3,3,3,3,3,3,3,3,3,3,7
7,2,3,3,5,3,3,3,3,3,3,3,3,3,3,3,3,3,3,3,3,3,3,3,3,3,3,5,3,3,3,3,3,3
8,2,3,3,3,3,3,3,3,3,3,3,3,3,3,3,3,5,3,3,3,3,3,3,3,3,3,3,3,3,3,3,3,3
9,2,3,3,3,3,3,3,3,3,3,5,3,3,3,3,3,3,3,3,3,3,3,3,3,5,3,3,3,3,5,3,5,3
10,2,3,3,3,2,3,3,3,3,3,3,3,3,3,3,3,3,3,3,3,3,3,3,3,3,3,3,3,3,3,3,3,3
11,2,3,3,3,3,3,3,7,3,3,3,3,3,3,3,3,3,3,3,3,3,3,3,3,3,3,3,3,3,3,3,3,3
12,2,3,3,3,3,3,3,3,3,3,3,3,3,3,3,3,3,3,3,3,3,3,3,3,3,3,7,3,3,3,3,3,3
13,2,3,3,3,3,3,3,3,3,3,3,3,5,3,3,3,3,3,3,3,3,3,3,3,3,3,3,3,3,3,3,3,3
14,2,3,3,3,3,3,3,3,3,3,3,3,3,3,3,3,3,3,3,3,3,3,3,3,3,3,3,3,3,3,3,3,3
15,2,3,3,3,3,3,3,3,3,3,3,3,3,3,3,3,3,3,3,3,3,3,3,3,3,3,3,3,3,3,3,3,3
16,2,3,3,3,3,3,3,3,3,3,3,3,3,3,3,3,3,3,7,3,3,3,3,3,7,3,3,3,3,3,3,3,3
17,2,3,3,3,3,3,3,3,3,3,3,3,3,3,3,3,3,3,3,3,3,3,3,3,3,3,3,3,3,3,3,3,3
18,2,3,3,3,3,7,3,3,3,3,3,3,3,3,3,3,3,3,3,3,3,3,3,3,3,3,3,3,3,3,3,3,3
19,2,7,3,3,3,3,3,3,7,7,3,3,3,3,7,3,2,3,3,3,7,3,3,2,3,7,3,3,5,3,3,3,3
20,2,7,3,7,7,7,7,7,7,7,3,3,7,3,7,7,7,3,5,7,7,7,7,7,3,7,7,7,7,7,7,3,3
21,2,7,7,7,7,7,7,2,7,7,7,7,3,7,7,3,7,7,7,7,7,5,7,7,7,7,7,7,3,7,5,7,3
22,2,7,3,7,3,3,7,7,7,3,7,3,7,3,3,3,7,3,3,7,3,3,3,7,7,7,7,3,7,3,7,3,7
23,2,7,3,3,3,3,3,3,3,7,3,3,3,7,7,3,7,3,3,3,3,7,3,3,3,3,7,7,3,7,3,3,3
24,2,7,7,7,3,3,7,7,7,3,3,3,3,3,3,7,3,3,3,7,7,3,7,7,3,7,7,3,3,3,3,3,7
25,2,7,7,3,3,7,3,7,3,3,7,7,2,3,3,3,7,3,3,7,8,3,3,7,3,3,3,3,3,7,7,3,3
26,2,7,7,5,7,3,7,7,3,3,5,3,3,3,7,7,3,3,3,5,3,7,7,3,7,3,3,5,7,7,7,3,7
27,2,7,7,3,3,3,3,3,7,3,7,7,3,4,3,3,3,3,3,7,3,3,7,3,3,3,7,3,7,3,3,3,3
28,2,7,5,7,7,7,5,7,3,7,3,7,7,7,3,3,5,3,3,3,3,7,7,3,5,3,3,3,3,3,3,3,3
29,2,7,7,7,3,3,3,3,7,7,3,3,7,3,7,7,3,7,3,7,7,3,7,7,7,7,5,7,7,3,3,7,7
30,2,7,7,3,7,4,7,7,3,3,7,3,7,3,7,5,3,3,7,3,7,3,3,7,7,3,7,7,7,7,3,7,3
31,2,7,5,7,3,3,7,3,5,3,5,7,4,7,7,3,7,7,5,7,4,7,3,7,3,3,7,3,7,7,3,7,5
32,2,7,3,3,3,7,7,3,7,7,3,7,3,7,7,3,7,7,3,7,5,7,7,7,3,3,5,7,5,7,7,3,3
33,2,7,3,5,7,7,3,7,7,7,3,7,5,7,7,5,7,3,3,7,7,7,3,3,7,7,7,7,7,7,2,7,3
34,2,7,3,7,4,3,7,7,3,3,7,3,3,7,3,7,3,3,7,5,3,7,3,7,3,7,3,3,2,7,7,7,7
35,2,7,7,3,3,7,3,7,3,7,7,7,3,3,3,7,7,3,3,3,3,5,7,3,3,5,7,3,7,3,7,7,3
36,2,7,7,7,7,7,7,3,3,7,3,7,3,3,3,7,7,7,3,7,5,7,7,7,7,7,7,3,3,7,7,3,1
37,2,3,3,3,3,3,3,3,3,3,3,3,3,3,3,3,3,3,3,3,3,3,3,3,3,3,3,3,3,7,3,3,3
38,2,3,3,2,3,3,2,3,2,3,2,5,3,3,3,3,3,3,3,2,3,3,3,3,3,3,3,5,3,3,5,3,3
39,2,3,3,2,3,3,3,3,3,3,3,3,1,3,5,3,3,3,3,2,3,3,3,3,3,3,3,3,3,5,3,3,3
40,2,3,3,3,3,2,2,3,3,3,3,2,3,2,2,3,3,3,3,3,3,3,2,2,3,3,3,3,3,3,1,3,3
41,2,3,3,3,3,3,2,3,3,5,5,3,3,3,3,2,2,2,3,3,3,3,3,3,3,3,3,3,3,3,3,3,3
42,2,3,5,3,3,3,3,5,3,3,3,3,3,3,3,3,5,3,5,3,5,3,3,3,3,3,3,5,3,3,3,3,3
43,2,3,3,3,3,3,3,3,3,3,3,3,3,2,3,3,1,5,5,3,3,3,3,3,3,3,3,3,7,3,2,2,3
44,2,3,3,3,3,3,3,3,3,3,3,3,5,2,3,3,3,3,7,3,3,3,3,3,3,2,3,3,3,3,3,7,3
45,2,3,3,3,3,3,3,3,3,3,1,3,3,3,3,3,3,3,3,3,3,3,3,3,3,3,3,3,7,3,3,3,3
46,2,3,3,2,3,2,3,3,2,3,3,2,3,2,3,3,3,3,2,3,2,3,2,2,3,2,3,3,2,3,2,3,2
47,2,3,3,2,3,5,3,3,2,2,3,3,3,3,3,3,2,3,3,3,3,3,3,3,3,3,2,3,3,3,3,3,3
48,2,3,3,3,3,2,3,3,3,3,3,3,3,2,3,3,3,3,3,3,3,3,3,3,3,3,3,3,3,3,3,2,3
49,2,3,3,3,3,7,3,3,3,3,3,3,3,3,3,3,3,3,3,3,3,3,3,3,3,3,2,3,3,3,3,3,2
50,2,3,3,3,3,3,3,3,3,3,3,3,3,3,3,3,3,3,3,3,3,3,3,3,3,3,3,3,3,3,3,3,3
51,2,3,3,3,3,2,3,3,7,3,3,3,3,3,3,3,3,3,3,7,3,3,3,3,2,3,3,3,3,3,3,3,3
52,2,3,3,3,2,3,3,2,3,3,2,3,3,3,3,3,3,3,3,3,3,3,3,3,3,3,3,3,3,3,3,3,3
53,2,3,3,3,3,3,3,3,3,3,3,3,3,3,3,3,3,3,3,3,3,3,7,3,3,2,3,3,3,3,3,3,3
54,2,7,7,7,3,3,7,2,7,3,3,7,3,2,7,3,3,2,7,2,3,3,3,3,7,3,3,7,7,7,2,2,2
55,2,7,7,7,3,7,7,7,7,7,7,7,7,3,7,7,3,7,7,7,7,7,7,7,7,7,7,3,7,7,3,7,7
56,2,7,3,7,2,3,2,7,2,3,3,7,3,2,3,7,7,7,7,7,7,2,7,7,7,7,3,7,7,7,7,7,2
57,2,7,5,2,3,2,2,2,3,7,2,2,7,7,7,2,7,2,7,2,3,2,2,3,7,4,7,3,7,2,7,7,2
58,2,7,7,7,2,2,2,3,7,2,7,2,7,7,7,7,7,7,7,7,2,2,7,7,7,7,7,7,7,2,2,7,2
59,2,7,7,3,3,2,7,2,3,7,7,2,7,7,3,7,2,7,7,7,7,7,7,7,2,7,3,7,7,2,2,7,7
60,2,7,3,2,7,7,7,7,7,7,7,2,2,2,7,2,3,7,7,7,7,7,3,7,7,7,7,3,7,3,3,7,2
61,2,7,7,7,2,2,7,7,2,7,7,7,7,7,7,7,7,7,7,2,7,7,7,2,3,7,7,7,2,7,7,3,7
62,2,7,3,3,3,7,2,3,3,2,2,7,2,7,2,3,3,7,2,2,7,2,3,3,2,7,3,2,2,3,3,3,3
63,2,7,3,3,2,2,7,3,3,3,7,3,2,7,7,3,7,7,3,2,7,7,7,7,3,7,3,7,2,7,3,7,7
64,2,7,7,3,3,7,3,7,7,7,7,3,7,2,3,7,3,7,3,7,3,3,7,7,3,7,7,3,3,7,7,7,7
65,2,7,7,7,3,7,3,7,7,7,3,3,3,3,3,3,7,3,3,7,7,7,3,3,7,7,3,3,3,3,3,3,3
66,2,3,3,7,3,3,3,2,3,3,3,7,7,3,3,3,3,7,3,3,3,3,7,3,7,3,7,2,3,2,3,7,2
67,2,3,3,3,2,3,2,3,2,3,3,3,3,5,3,3,3,3,3,3,3,3,2,3,3,7,3,3,3,3,3,3,3
68,2,3,3,5,3,3,3,3,3,3,3,3,3,3,3,3,3,3,3,3,3,3,3,3,3,3,3,3,3,3,3,3,3
69,2,3,3,3,3,3,3,3,3,3,3,3,3,3,3,3,7,2,2,3,2,7,3,3,3,3,3,3,3,3,3,3,3
70,2,3,3,3,3,7,3,3,3,3,3,3,3,3,3,3,3,3,3,3,3,7,3,3,3,3,3,3,3,2,3,3,3
71,2,3,2,3,3,3,3,3,3,8,2,3,2,3,3,3,3,3,3,3,3,3,3,3,3,2,3,3,3,3,3,3,3
72,2,3,3,3,3,3,3,3,3,7,3,3,3,3,3,3,3,3,3,3,3,3,3,3,3,3,3,3,3,3,3,3,3
73,2,3,3,3,3,3,3,3,3,3,2,3,3,3,3,3,3,5,3,3,3,3,3,7,3,3,3,3,3,3,7,3,3
74,2,3,3,3,3,3,3,3,3,3,3,3,3,3,3,3,3,3,3,3,3,3,3,3,5,3,3,3,3,3,3,3,3
75,2,3,3,3,3,3,3,3,3,3,3,3,7,3,3,3,3,7,3,3,3,3,3,3,3,3,3,3,3,3,3,3,3
76,2,3,3,3,3,3,3,3,3,3,3,3,3,7,3,3,3,3,3,3,3,7,3,3,3,3,5,1,3,3,3,3,3
77,2,3,3,3,3,3,3,3,3,3,3,3,7,3,3,3,3,3,3,3,3,3,3,3,3,3,3,3,3,3,3,3,3
78,2,3,3,3,3,3,3,3,3,3,5,3,3,3,3,3,3,3,3,3,3,3,7,3,3,3,5,3,3,3,3,3,2
79,2,3,3,3,3,3,3,3,3,3,5,3,3,3,3,3,3,3,3,3,3,7,3,3,3,3,3,3,3,7,3,3,3
80,2,3,3,3,3,3,3,3,3,3,3,3,3,3,3,3,3,3,3,3,3,3,3,3,3,3,3,3,3,3,3,3,3
81,2,3,3,3,7,3,5,3,7,3,3,3,3,3,3,3,3,3,5,3,3,3,7,3,3,7,3,3,7,3,3,3,3
82,2,3,3,3,3,3,3,3,3,3,3,3,3,3,3,3,3,3,3,3,3,3,3,3,3,3,3,3,3,3,3,3,3
83,2,3,3,3,3,3,2,7,3,3,3,3,2,3,3,3,7,2,3,3,3,7,3,3,3,3,3,7,3,3,3,3,3
84,2,3,3,3,3,3,3,3,3,3,3,7,3,3,3,3,3,3,3,3,3,3,3,3,3,3,3,3,3,3,3,3,3
85,2,3,3,3,3,3,3,3,3,3,3,3,3,3,3,3,3,3,3,3,3,3,3,3,3,3,3,3,3,3,3,3,3
86,2,3,3,3,3,3,3,3,3,3,3,3,3,3,3,3,3,3,3,3,3,7,3,3,3,3,3,3,5,3,3,3,3
87,2,3,3,8,3,3,3,3,3,3,3,3,3,3,3,3,3,7,5,3,3,5,5,3,3,3,3,3,3,3,3,3,3
88,2,3,3,3,3,5,3,3,3,3,3,3,3,3,3,7,3,3,3,3,5,3,3,3,3,7,3,3,3,3,3,3,3
89,2,3,3,5,3,3,3,3,3,3,3,3,3,3,3,3,3,3,3,3,3,3,3,3,3,3,3,3,3,3,3,3,3
90,2,3,3,3,3,3,3,3,3,3,3,3,3,7,3,3,3,3,3,3,3,3,3,3,3,3,3,3,3,3,3,3,3
91,2,3,3,3,3,3,3,3,3,3,3,7,3,3,3,3,3,3,3,3,3,3,3,3,3,3,3,3,3,3,5,3,3
92,2,3,3,3,3,3,3,3,3,3,3,3,3,3,3,3,3,5,3,3,3,3,3,3,3,3,3,3,3,3,3,3,3
93,2,3,3,3,3,3,7,3,7,3,3,7,3,5,3,3,3,7,7,5,3,3,3,3,3,3,3,3,3,3,7,3,7
94,2,3,7,3,3,3,3,7,7,7,7,7,7,5,5,5,7,3,3,7,3,3,7,3,7,5,3,3,7,3,7,3,7
95,2,3,7,7,3,7,7,7,5,3,3,7,5,3,3,7,3,7,3,7,3,3,5,3,3,3,7,7,3,7,5,7,7
96,2,3,3,3,3,3,3,3,3,7,3,7,3,3,5,3,7,3,3,3,3,3,3,3,7,3,3,7,3,3,3,3,7
97,2,3,3,3,7,3,3,3,3,3,3,5,7,3,7,3,3,3,3,3,7,7,3,3,7,3,7,7,3,2,3,3,3
98,2,7,3,7,3,3,3,7,2,3,7,3,7,3,7,5,7,7,3,3,3,7,7,3,3,7,5,3,3,7,7,7,5
99,2,7,7,7,7,7,7,7,5,7,7,7,7,7,7,7,7,3,7,7,7,7,7,7,7,7,7,7,7,7,7,7,3
100,2,7,3,7,7,3,7,5,5,3,7,7,7,5,5,3,5,7,7,7,7,7,5,3,7,7,5,7,7,3,5,7,5
101,2,7,7,7,7,7,5,7,7,5,7,7,7,5,7,7,3,7,7,7,3,7,3,7,7,7,7,7,7,5,7,5,7
102,2,7,7,7,7,7,3,7,3,3,7,7,7,7,7,7,3,7,7,3,7,7,3,7,7,7,7,7,7,7,3,4,3
103,2,7,7,3,7,7,3,3,3,7,3,7,3,7,3,3,7,3,3,3,3,3,3,3,3,7,7,7,7,3,5,3,7
104,2,7,7,3,7,3,7,7,3,7,3,7,3,7,5,7,3,7,3,3,3,3,3,7,7,7,7,7,7,3,3,3,7
105,2,7,7,7,7,7,7,7,7,3,5,7,7,3,7,5,7,7,7,7,7,7,7,5,7,7,7,7,7,7,3,7,7
106,2,3,7,7,3,3,7,3,3,7,7,7,3,3,5,3,3,3,7,7,7,7,7,7,3,3,7,3,3,7,7,7,7
107,2,3,7,3,7,7,3,3,3,7,3,7,7,7,3,3,3,3,3,7,7,7,3,7,7,7,7,7,7,7,7,7,3
108,2,7,7,7,7,3,7,3,7,7,5,3,5,3,3,3,3,3,7,3,3,7,3,7,3,3,7,7,5,3,7,7,7
109,2,7,3,7,7,7,7,7,3,3,7,7,3,7,7,7,5,7,7,3,3,3,3,3,5,3,3,3,3,7,3,7,3
110,2,3,3,3,3,3,3,3,3,3,2,3,3,3,3,7,7,3,3,5,7,3,7,3,3,3,3,7,3,3,3,3,3
111,2,3,7,7,3,3,5,5,3,7,3,3,3,3,7,7,3,7,7,7,3,7,7,7,3,7,7,7,7,7,7,7,3
112,2,3,3,3,3,3,7,7,3,7,3,3,3,3,3,3,3,3,3,3,7,3,3,3,3,5,3,3,7,7,3,3,5
113,2,7,3,3,7,3,3,7,3,7,5,7,3,7,7,7,7,7,7,7,1,1,7,3,3,7,7,3,3,7,7,7,3
114,2,7,7,3,3,7,7,7,7,7,7,7,7,7,7,3,7,3,7,7,3,7,7,7,7,7,7,5,1,1,7,3,3
115,2,7,7,7,7,3,3,3,3,7,7,3,7,1,5,7,7,7,3,7,3,7,3,7,3,7,3,7,7,3,3,5,7
116,2,3,3,3,3,7,3,3,7,3,3,3,1,7,7,7,3,3,3,3,3,3,3,7,3,3,3,3,7,3,3,3,3
117,2,3,3,3,3,3,3,3,3,3,5,3,3,3,3,5,3,3,3,3,3,3,7,7,3,3,3,3,3,3,3,3,3
118,2,3,3,3,3,3,3,3,3,3,3,3,3,3,3,3,3,3,3,3,3,3,3,3,3,3,3,3,3,3,3,3,3
119,2,3,3,3,3,3,3,3,3,3,3,3,3,3,3,3,3,3,3,3,3,3,3,7,3,3,3,3,3,3,3,3,3
120,2,3,3,3,3,3,3,3,3,2,3,3,3,3,3,3,3,3,5,3,3,3,3,3,3,3,7,3,7,3,3,3,3
121,2,3,3,3,3,5,3,3,3,7,5,3,3,3,3,7,3,3,3,3,3,3,3,7,3,7,7,3,3,3,3,3,3
122,2,3,3,3,3,3,3,3,3,3,3,3,3,7,3,3,7,3,3,3,3,3,7,3,3,3,3,5,3,3,3,3,3
123,2,3,3,3,3,3,3,7,3,7,3,7,3,3,3,5,3,5,3,3,3,3,3,3,3,9,7,3,3,3,3,3,3
124,2,3,3,3,3,3,3,3,3,3,3,3,3,3,7,3,3,3,3,7,3,3,3,7,3,3,3,3,3,3,3,7,3
125,2,3,3,3,3,3,3,3,3,3,3,3,3,3,3,3,3,3,3,3,3,3,3,3,3,3,3,3,3,3,3,3,3
126,2,3,3,3,3,3,3,3,3,3,3,3,3,3,3,3,3,3,3,3,3,3,3,3,3,3,3,3,3,3,3,3,3
127,2,3,3,3,3,3,3,3,3,3,3,3,3,3,3,3,3,3,3,3,3,3,3,3,3,3,3,3,3,3,3,3,3
128,2,3,3,3,3,3,3,3,3,3,3,3,3,3,3,3,3,3,3,3,3,3,3,3,3,3,3,3,3,3,3,3,3
129,2,3,3,3,3,3,3,3,3,3,3,3,3,3,3,3,3,3,3,3,3,3,3,3,3,3,3,3,3,3,3,3,3
130,2,3,3,3,3,3,3,3,3,3,3,3,3,3,3,3,3,3,3,3,3,3,3,3,3,3,3,3,3,3,3,3,3
131,2,3,3,3,3,3,3,3,3,3,3,3,2,3,3,3,3,3,3,3,3,3,3,3,3,3,3,3,3,3,3,3,3
132,2,3,3,3,3,3,3,3,3,3,3,3,3,3,3,3,3,3,3,3,3,3,3,3,3,3,3,3,3,3,3,3,3
133,2,3,3,3,3,3,3,3,3,3,3,3,3,3,3,3,3,3,3,3,3,3,3,3,3,3,3,3,3,3,3,3,3
134,2,3,3,3,3,3,3,3,3,3,3,3,3,3,3,3,3,3,3,3,3,3,3,3,3,3,3,3,3,3,3,3,3
135,2,3,3,3,3,3,3,3,3,3,3,3,3,3,3,3,3,3,3,3,3,3,3,3,3,3,3,3,3,3,3,3,3
136,2,3,3,3,3,3,3,3,3,3,3,3,3,3,3,3,3,3,3,3,3,3,3,3,3,3,3,3,3,3,3,3,3
137,2,3,3,3,3,3,3,3,3,3,3,3,3,3,3,3,3,3,3,3,3,3,3,3,3,3,3,3,3,5,2,3,3
138,2,3,3,3,3,3,3,3,3,3,3,3,3,3,3,3,3,3,2,3,3,3,3,3,3,3,3,3,3,3,3,3,3
139,2,3,3,3,3,3,3,3,3,3,3,3,3,3,3,3,3,3,3,3,3,3,3,3,3,3,3,3,3,3,3,3,3
140,2,3,3,3,3,3,3,3,3,3,3,3,3,3,3,3,3,3,3,3,3,3,3,3,3,3,3,3,3,3,3,3,3
141,2,3,3,3,3,3,3,3,3,3,3,3,3,3,3,3,3,3,3,3,3,3,3,3,3,3,3,3,3,3,3,3,3
142,2,3,3,3,3,3,3,3,3,3,3,3,3,3,3,3,3,3,3,3,3,3,3,3,3,5,3,3,3,3,3,3,3
143,2,3,3,3,3,3,3,3,3,3,3,3,3,3,3,3,3,3,3,3,3,3,3,3,3,3,3,3,3,3,3,2,3
144,2,3,3,3,3,3,3,3,3,3,3,3,3,3,3,3,3,3,3,3,2,3,3,3,3,3,3,3,3,3,3,3,3
145,2,3,3,3,3,3,3,3,3,3,3,3,3,3,3,3,3,3,3,3,3,3,3,3,3,3,3,3,3,3,3,3,3
146,2,3,3,3,3,3,3,3,3,3,3,3,3,3,3,3,3,3,3,3,3,3,3,3,3,3,3,3,3,3,3,3,3
147,2,3,3,3,3,3,3,3,3,3,3,3,3,3,3,3,3,3,3,3,3,3,3,3,3,3,3,3,3,3,3,3,3
148,2,3,3,3,3,3,3,3,3,3,3,3,3,3,3,3,3,3,3,3,3,3,3,3,3,3,3,3,3,3,3,3,3
149,2,3,3,3,3,3,3,3,3,3,3,3,3,3,3,3,3,3,3,3,3,3,3,3,3,3,3,3,3,3,3,3,3
150,2,3,3,3,3,3,3,3,3,3,3,3,3,3,3,3,3,3,3,3,3,3,3,3,3,3,3,3,3,3,3,3,3
151,2,3,3,3,3,3,3,3,3,3,3,3,3,3,3,3,3,3,3,3,3,3,3,3,3,3,3,3,3,3,3,3,3
152,2,3,3,3,3,7,2,3,3,3,3,3,3,3,2,3,3,3,3,3,3,3,3,3,3,3,3,3,3,2,3,3,3
153,2,3,3,3,3,3,3,5,3,3,3,3,3,3,3,3,3,3,3,5,3,5,3,3,3,3,3,2,3,3,3,3,3
154,2,3,3,3,3,5,3,3,3,3,3,3,3,3,3,3,3,3,3,3,5,3,5,3,3,5,3,3,3,3,3,3,3
155,2,3,3,3,5,3,3,3,3,3,3,3,3,3,3,3,3,3,3,3,3,3,3,3,3,3,3,3,3,3,3,3,3
156,2,3,3,3,3,3,3,2,3,3,3,3,3,3,3,3,3,5,3,3,3,3,3,3,3,3,3,3,3,3,3,3,3
157,2,3,3,3,3,3,3,8,3,3,3,3,3,3,3,3,3,3,3,3,5,3,3,3,3,3,3,3,3,3,3,3,3
158,2,3,3,3,3,3,5,7,3,3,3,3,3,3,3,3,3,3,3,3,3,3,3,3,3,3,3,3,3,3,3,3,3
159,2,3,3,3,3,3,5,3,3,3,3,3,3,3,3,3,3,3,3,3,3,3,3,3,3,7,3,3,3,3,3,3,3
160,2,3,3,3,3,3,3,3,3,5,3,2,3,8,3,3,3,3,3,3,3,3,3,3,3,3,7,3,3,3,3,3,3
161,2,3,3,3,3,3,3,3,3,3,3,3,3,3,3,3,5,3,3,3,3,3,3,3,3,3,5,5,3,3,3,3,3
162,2,3,3,3,3,3,3,7,8,3,3,3,3,3,2,3,7,3,8,3,3,5,3,3,3,3,3,3,3,3,3,3,3
163,2,3,3,3,5,3,3,3,3,3,5,3,3,3,5,3,3,3,3,3,7,7,3,3,3,3,3,3,3,3,5,3,7
164,2,7,7,3,3,5,3,3,3,7,3,3,7,7,3,7,7,7,3,7,3,3,7,3,3,3,3,7,3,7,7,7,3
165,2,7,3,3,3,7,3,3,3,3,3,3,3,3,3,3,3,5,3,5,3,5,3,3,3,7,7,7,3,3,3,3,3
166,2,3,3,7,3,3,3,7,3,3,5,3,3,3,7,3,7,3,3,3,3,3,3,3,5,3,3,3,7,3,3,5,7
167,2,7,3,3,3,7,3,3,7,7,3,3,3,3,3,3,3,7,3,3,3,3,3,3,3,7,3,5,3,7,3,3,7
168,2,3,3,3,3,3,3,3,3,3,3,3,7,7,3,3,3,5,3,3,3,3,3,3,3,3,5,3,3,5,3,3,3
169,2,3,3,7,7,3,3,3,3,3,3,3,3,3,3,3,3,3,3,3,3,3,3,3,3,3,3,3,3,3,5,3,3
170,2,3,7,3,7,7,3,3,3,3,3,3,3,7,3,7,7,3,7,3,3,3,3,3,3,3,3,3,7,3,7,3,3
171,2,3,3,3,3,5,7,3,3,3,3,3,7,5,3,3,3,7,3,3,3,3,3,3,3,3,3,3,3,3,7,3,3
172,2,3,3,3,3,3,3,3,3,3,3,3,3,3,3,3,3,7,3,3,3,3,3,3,3,5,3,3,3,7,3,3,7
173,2,3,7,3,3,3,3,3,3,3,7,3,3,7,3,5,3,3,3,3,3,7,3,3,3,7,5,3,3,3,3,3,3
174,2,3,5,5,3,3,3,3,7,3,3,7,3,5,3,7,3,3,3,7,3,5,3,3,3,5,7,3,3,3,3,3,3
175,2,3,3,3,3,3,3,7,3,5,3,3,3,3,3,5,3,7,3,3,5,3,3,3,3,3,3,3,3,3,3,3,3
176,2,3,3,3,3,3,3,3,7,3,3,3,3,3,3,3,3,3,3,7,3,3,3,3,3,3,3,3,3,3,3,3,3
177,2,3,3,3,3,3,3,3,3,5,3,3,7,3,3,3,3,3,3,3,3,3,3,3,3,3,3,3,3,3,3,3,3
178,2,3,3,3,3,3,3,3,3,3,3,3,3,3,3,3,3,3,3,3,3,3,3,3,3,3,3,3,3,3,3,3,3
179,2,3,3,3,3,3,3,3,3,3,3,3,3,3,3,3,3,3,3,3,3,3,3,3,3,3,3,3,3,3,3,3,3
180,2,3,3,3,3,3,3,3,3,3,3,3,3,3,3,7,3,3,3,3,3,3,3,3,3,3,3,3,3,3,3,3,3
181,2,3,3,3,5,3,3,3,3,3,3,3,3,3,3,3,3,3,3,3,3,3,3,5,3,3,3,3,3,3,3,3,3
182,2,3,3,3,3,3,3,3,3,3,3,3,3,3,3,3,3,3,3,3,3,3,3,3,3,3,3,3,3,3,3,3,3
183,2,3,3,3,3,3,3,3,3,3,3,3,3,3,3,3,3,3,3,3,3,3,3,3,3,3,3,3,3,3,3,3,3
184,2,3,3,3,3,3,3,3,3,3,3,3,3,3,3,3,3,3,3,3,5,3,3,3,3,3,3,3,3,3,3,3,3
185,2,3,3,3,5,3,3,3,3,3,3,3,3,3,3,3,3,3,3,3,3,3,3,3,3,3,3,5,3,3,7,3,7
0,3,3,3,3,3,3,7,3,3,3,3,3,3,3,3,3,3,3,3,7,7,7,3,3,3,3,5,3,3,3,3,3,7
1,3,3,3,3,3,3,7,3,3,3,3,3,3,3,3,3,3,3,3,3,3,3,3,3,7,3,3,3,3,7,3,3,3
2,3,3,3,3,3,3,3,3,3,5,7,3,3,3,3,3,3,3,3,3,3,3,3,3,3,3,3,3,3,3,3,3,3
3,3,3,3,3,5,3,3,3,3,3,3,3,3,3,3,5,3,2,3,3,3,7,3,3,3,3,3,3,3,3,3,3,3
4,3,3,3,7,3,2,3,3,3,3,3,3,3,3,3,3,7,3,7,7,7,3,3,7,3,3,3,3,3,3,3,2,3
5,3,3,3,3,3,3,7,8,7,3,5,3,3,7,3,3,7,3,4,3,3,3,3,3,3,3,3,3,3,3,3,3,3
6,3,7,5,3,3,7,3,3,3,3,7,3,7,3,3,3,3,4,3,5,3,3,3,3,3,2,7,3,3,7,3,5,3
7,3,7,2,7,5,3,3,7,3,3,7,3,3,3,7,7,7,7,3,3,3,3,3,7,3,3,7,7,7,7,3,3,5
8,3,3,3,3,3,3,3,3,3,8,7,3,3,3,3,3,3,3,3,3,3,3,3,3,3,3,3,3,3,3,3,3,3
9,3,3,3,3,3,3,3,3,3,3,3,3,3,3,3,3,3,3,3,3,3,3,3,3,3,3,8,3,3,3,3,3,3
10,3,3,3,3,3,3,3,3,3,3,3,3,3,3,3,3,3,3,3,3,3,3,3,3,3,3,3,3,3,3,3,3,3
11,3,3,3,3,8,3,3,3,3,3,3,3,3,3,3,3,3,3,3,3,3,3,3,3,3,3,3,3,3,3,3,3,3
12,3,3,7,3,3,3,3,3,3,3,3,3,3,3,3,3,3,5,3,3,3,3,3,8,3,3,3,3,3,7,3,3,3
13,3,3,3,3,3,3,3,3,3,3,3,3,3,3,3,3,3,3,3,3,3,3,3,3,3,3,3,3,3,3,3,3,3
14,3,3,3,3,3,3,3,3,3,3,3,8,3,3,3,3,3,3,3,3,3,3,3,3,3,7,3,3,3,3,3,3,3
15,3,3,3,3,7,3,3,3,3,3,3,3,3,3,3,3,3,3,3,3,3,3,3,3,3,3,3,3,3,3,3,3,3
16,3,3,3,3,3,3,3,3,3,2,3,3,3,3,3,3,3,3,3,3,3,3,3,3,3,3,3,3,3,3,3,3,3
17,3,3,3,3,2,3,3,3,3,3,3,3,3,3,3,3,3,3,3,3,3,3,3,3,3,3,3,3,3,3,3,3,3
18,3,3,3,5,3,3,3,3,3,3,3,3,3,3,3,5,3,3,3,4,3,3,3,3,3,3,3,3,5,3,5,3,3
19,3,3,3,3,3,3,3,3,3,3,3,3,3,3,3,3,3,3,3,3,3,3,3,3,3,3,3,5,9,3,3,3,3
20,3,3,3,3,3,3,5,3,3,3,3,5,3,3,3,3,3,3,3,3,3,3,3,3,3,3,3,3,5,3,3,3,3
21,3,5,3,5,5,5,3,3,3,9,5,3,5,3,5,5,3,5,5,3,3,5,3,3,3,3,3,3,3,2,3,3,3
22,3,5,5,5,3,3,3,5,5,5,3,3,5,3,3,3,3,5,3,2,3,3,3,3,5,3,5,5,5,3,3,4,3
23,3,5,3,3,3,5,5,5,3,3,3,5,3,5,2,3,5,3,3,5,3,3,3,3,5,3,3,3,3,3,3,3,3
24,3,5,5,5,5,5,4,3,5,5,5,5,5,5,3,5,3,3,3,5,3,5,5,5,5,5,3,5,3,5,5,5,5
25,3,3,5,3,5,3,3,5,5,3,3,3,3,3,3,5,5,5,3,3,5,3,5,3,3,3,5,3,3,5,3,3,5
26,3,3,3,3,3,2,3,3,5,3,5,3,3,3,3,3,3,3,3,3,3,3,3,3,3,3,3,3,9,3,3,3,3
27,3,3,3,3,3,3,3,3,3,3,2,3,3,3,3,3,3,3,3,3,3,3,3,3,3,3,4,3,3,3,3,3,3
28,3,3,3,3,3,3,3,3,3,3,7,3,3,3,3,3,3,9,5,3,3,3,3,3,3,3,3,3,3,3,3,3,3
29,3,3,3,3,3,3,3,3,3,3,3,3,3,3,3,3,3,3,3,3,3,3,3,3,3,3,3,3,3,3,3,3,3
30,3,3,3,3,3,3,3,3,3,3,3,3,3,2,3,2,3,3,3,3,3,3,3,5,3,3,3,3,3,5,3,3,3
31,3,3,3,3,3,3,3,3,3,3,3,3,3,3,3,3,3,3,3,3,3,3,3,3,9,3,3,3,3,3,2,3,3
32,3,3,2,3,3,3,3,3,3,3,3,3,3,3,3,3,3,3,3,3,3,3,3,3,3,3,3,3,7,3,3,3,3
33,3,3,3,3,3,3,5,3,3,3,2,3,3,3,3,3,3,3,3,3,3,2,3,3,3,3,3,3,3,3,3,2,3
34,3,3,3,3,3,9,3,3,3,3,3,5,3,3,3,3,3,3,3,3,3,5,3,3,3,3,3,3,3,3,3,3,3
35,3,3,7,3,3,3,3,3,3,3,3,7,3,2,7,3,3,3,3,3,3,3,3,3,3,3,3,3,3,7,3,3,3
36,3,3,3,3,5,3,3,3,3,3,3,3,3,3,3,3,3,3,3,3,3,3,3,2,3,3,3,3,3,3,3,3,3
37,3,3,3,7,3,2,3,3,3,7,3,3,5,7,2,3,3,3,3,3,7,3,3,5,3,3,3,3,2,3,3,3,3
38,3,3,3,3,3,3,3,3,3,3,3,3,3,3,3,3,3,4,7,3,3,3,3,5,3,2,3,3,3,3,3,1,3
39,3,7,7,3,7,3,2,3,7,7,7,7,3,3,3,5,7,7,7,7,2,3,7,5,3,7,3,5,3,3,7,7,3
40,3,7,5,3,7,7,7,7,7,7,3,7,4,7,7,7,7,7,7,7,3,7,7,7,3,2,5,7,7,3,7,3,7
41,3,7,7,7,7,7,3,7,2,5,7,5,7,7,7,7,7,7,7,3,7,3,2,3,3,7,7,7,3,7,5,3,7
42,3,7,7,3,3,7,7,7,7,2,7,7,3,7,7,7,7,7,7,7,3,4,3,3,7,2,7,7,7,7,7,7,3
43,3,7,2,7,7,7,9,2,3,3,2,7,4,3,3,7,3,4,3,2,3,2,3,3,7,7,7,7,7,7,7,7,7
44,3,7,3,7,7,4,3,5,7,7,7,7,7,5,7,3,2,7,7,7,7,3,5,3,7,7,3,3,3,7,3,2,7
45,3,7,7,3,7,2,3,7,7,3,7,7,3,7,2,7,7,7,7,3,7,7,7,3,7,7,7,3,7,7,7,7,3
46,3,7,7,3,7,7,7,7,7,7,3,7,3,7,7,7,7,7,7,7,7,3,3,7,7,7,7,7,7,7,3,3,7
47,3,7,7,3,7,3,7,7,3,3,7,7,7,3,3,7,7,7,2,7,3,7,7,7,3,3,7,2,7,3,3,7,7
48,3,3,3,3,3,7,3,3,2,7,2,3,3,3,3,3,7,7,3,3,3,3,3,7,7,3,3,3,7,3,3,7,3
49,3,3,2,3,3,5,3,3,3,3,3,7,7,3,3,7,3,7,3,3,3,3,7,7,3,7,3,7,3,2,5,7,3
50,3,3,7,7,3,3,7,2,7,3,7,7,7,7,3,7,7,3,7,3,3,7,3,3,7,3,7,2,3,7,7,3,3
51,3,3,3,3,7,3,3,7,2,7,3,7,7,3,3,3,3,7,3,3,3,7,3,3,3,3,3,3,3,3,3,3,7
52,3,3,3,3,3,3,7,3,3,3,3,3,3,3,3,7,3,3,2,7,7,7,2,3,3,7,3,3,2,3,3,7,3
53,3,3,3,7,7,7,3,3,3,3,2,7,7,7,3,7,3,3,3,7,3,7,3,3,3,3,3,7,3,7,7,7,3
54,3,7,2,7,7,7,7,7,7,7,2,7,7,3,7,7,7,7,7,7,7,3,7,7,3,7,7,3,7,7,3,7,7
55,3,7,7,7,7,3,7,7,7,3,7,7,7,2,7,7,7,3,3,3,7,3,3,2,7,7,3,3,7,3,7,3,7
56,3,3,7,3,3,3,3,7,7,3,5,3,3,3,3,3,3,3,3,7,3,7,3,3,7,7,3,7,3,3,7,7,3
57,3,7,3,3,7,7,7,3,3,3,2,3,7,3,7,3,3,3,3,3,3,3,7,7,7,7,3,7,3,3,7,7,3
58,3,7,7,7,3,7,7,3,3,2,7,7,7,3,3,3,7,3,3,7,7,3,7,7,3,7,2,7,7,3,7,7,5
59,3,7,7,7,3,3,7,7,7,3,7,7,2,7,7,2,7,5,3,3,3,7,2,3,7,3,3,7,7,7,3,7,3
60,3,3,3,3,3,3,3,3,7,3,3,5,3,7,3,3,3,3,3,5,3,3,2,5,3,3,7,3,3,7,3,2,7
61,3,3,5,3,3,3,3,3,3,3,3,3,3,3,7,7,3,3,7,3,2,3,3,2,3,3,3,3,3,7,3,3,3
62,3,3,3,3,3,3,3,7,3,3,3,7,3,3,3,3,2,3,3,3,3,3,3,3,3,7,3,3,3,3,3,3,3
63,3,3,3,3,3,3,3,7,3,7,3,3,7,7,3,3,3,3,3,3,4,3,3,3,3,3,3,3,7,3,3,3,7
64,3,3,3,3,3,3,3,3,7,3,5,7,7,7,7,7,3,3,3,3,3,3,7,7,3,3,3,3,3,3,7,3,3
65,3,3,3,3,3,7,3,3,7,7,7,3,3,3,3,3,3,3,7,5,3,3,3,3,3,4,3,7,3,7,7,3,5
66,3,3,3,3,3,3,3,3,7,3,3,3,7,3,3,3,3,3,3,3,7,7,3,7,3,3,3,5,3,3,3,3,3
67,3,3,3,3,3,7,3,3,3,3,3,3,3,3,2,3,3,3,3,3,3,3,3,3,3,3,8,5,3,3,3,7,3
68,3,3,3,3,3,3,3,3,3,2,3,3,2,3,3,3,3,3,3,3,7,5,3,3,3,3,3,2,5,3,3,3,3
69,3,3,3,7,3,3,3,7,3,7,3,3,3,3,7,3,3,3,3,3,3,7,2,3,3,3,5,3,3,3,3,3,7
70,3,3,3,3,3,7,5,3,3,3,3,3,3,3,3,3,3,3,7,3,3,3,7,3,9,3,3,3,3,3,3,3,3
71,3,3,3,3,3,7,3,3,7,2,3,3,3,3,3,3,3,3,3,7,3,3,3,3,7,3,3,3,3,3,3,3,3
72,3,3,3,3,3,2,3,3,3,3,3,3,2,3,3,3,3,3,3,3,3,3,3,3,3,3,3,3,3,3,3,3,3
73,3,3,3,3,3,7,3,3,3,3,3,3,3,3,3,3,3,3,3,3,3,3,3,3,3,3,3,3,7,3,2,3,3
74,3,3,3,3,7,3,2,3,3,3,3,3,3,3,3,3,3,7,3,7,3,7,3,7,3,3,9,3,3,7,5,3,3
75,3,3,3,5,5,3,3,3,3,3,3,2,3,7,5,3,2,3,5,5,3,3,3,7,3,3,3,3,2,3,3,3,3
76,3,3,3,3,3,3,3,3,3,3,3,7,3,7,5,3,5,3,3,3,4,3,4,3,3,3,3,3,3,3,3,4,3
77,3,3,7,3,7,3,3,3,5,7,3,7,3,3,3,7,3,3,3,3,7,7,3,3,7,3,7,3,3,3,1,3,7
78,3,3,7,7,3,7,5,3,3,3,3,7,3,3,5,3,3,2,3,9,3,7,3,7,5,7,4,5,3,3,7,7,7
79,3,3,7,3,3,3,7,3,3,3,3,3,8,3,3,3,3,5,3,3,3,7,8,3,3,3,3,5,3,3,3,3,3
80,3,3,3,2,3,3,3,3,5,3,3,5,3,3,3,3,5,3,3,3,3,3,3,3,3,5,3,3,3,3,3,3,3
81,3,3,3,3,3,7,3,3,3,3,3,3,3,7,3,3,3,3,3,3,3,3,3,3,3,3,3,3,7,3,3,3,3
82,3,3,9,3,2,3,3,3,3,7,3,3,3,3,3,3,5,3,3,3,3,3,3,3,3,7,3,3,3,3,3,3,3
83,3,3,7,3,3,7,7,3,3,5,7,3,3,3,3,2,5,2,3,3,3,3,3,7,3,3,7,4,3,7,3,3,3
84,3,3,3,3,3,3,3,3,3,3,3,3,7,3,7,3,7,3,3,3,7,3,7,3,3,3,7,3,3,7,7,3,3
85,3,7,7,7,2,3,7,3,7,3,7,7,3,3,7,7,7,7,7,3,3,7,9,3,3,3,9,7,3,7,3,7,7
86,3,7,7,7,7,3,7,3,2,3,7,7,3,7,7,7,7,3,2,3,7,7,2,7,7,3,7,3,7,7,7,3,7
87,3,5,7,7,7,7,7,5,7,3,7,7,7,3,5,7,7,3,3,3,3,5,4,3,5,5,7,5,3,7,7,5,5
88,3,3,5,7,3,3,5,3,3,3,3,3,3,3,7,3,3,3,3,5,3,3,3,3,3,7,3,3,3,3,5,3,5
89,3,3,5,3,3,3,3,5,7,3,3,3,3,3,8,3,3,3,3,3,3,3,7,3,3,5,5,7,3,5,3,3,7
90,3,3,3,3,3,3,3,3,4,3,7,2,7,3,3,7,3,3,7,3,3,5,5,7,5,3,3,3,3,3,3,2,3
91,3,7,3,7,3,3,3,7,1,3,3,3,2,2,3,3,3,3,7,3,5,3,3,2,7,3,7,2,7,5,5,3,3
92,3,3,3,3,3,7,3,7,5,5,3,3,5,7,2,5,3,2,3,7,7,3,5,3,3,3,7,5,5,3,7,7,7
93,3,3,3,3,3,3,7,3,2,3,3,3,3,7,3,3,7,3,3,5,3,3,5,3,3,5,3,3,3,3,3,3,3
94,3,3,7,3,7,3,2,3,3,3,3,3,3,3,3,3,5,3,3,3,3,3,7,3,3,3,3,3,3,3,3,7,5
95,3,3,3,3,3,7,3,3,3,1,3,7,7,3,3,3,3,3,3,3,3,3,3,3,3,3,3,3,3,3,3,3,3
96,3,3,4,3,3,3,4,3,3,3,3,7,3,3,7,3,3,7,3,7,7,3,3,1,3,3,3,7,3,7,3,3,3
97,3,7,7,7,7,3,7,3,3,7,7,7,7,7,3,7,7,7,7,7,3,7,7,3,7,7,7,7,7,7,7,7,7
98,3,7,3,7,5,7,7,7,7,7,3,3,7,3,7,7,3,3,3,3,7,7,7,3,7,7,7,7,7,7,7,3,7
99,3,3,3,3,3,7,3,7,3,3,3,7,3,3,3,4,5,7,3,3,7,3,7,7,3,3,3,7,3,7,3,7,3
100,3,3,3,3,3,3,7,3,3,7,3,7,7,3,7,7,3,3,3,3,7,3,3,3,3,3,3,3,7,3,3,3,3
101,3,7,3,3,3,3,3,3,3,3,7,3,7,3,3,3,7,7,3,7,7,3,7,3,3,3,3,7,3,4,7,3,7
102,3,3,3,3,3,3,3,3,3,3,3,3,2,7,3,5,3,3,7,3,3,5,7,7,3,7,7,3,3,3,7,3,3
103,3,7,3,7,7,7,7,7,7,7,7,7,7,7,7,7,7,7,5,7,7,7,3,7,7,7,7,7,7,7,7,7,7
104,3,7,7,7,7,3,7,7,7,7,7,9,7,7,3,7,7,7,7,7,7,7,7,7,7,7,3,7,7,7,7,7,9
105,3,7,7,7,7,7,3,7,7,7,7,7,7,5,7,7,5,7,7,7,7,7,7,7,7,7,7,7,7,7,7,7,7
106,3,7,3,7,3,3,7,7,3,7,7,7,7,7,7,7,7,9,7,3,7,7,3,7,7,3,3,7,7,3,7,7,7
107,3,7,3,7,8,3,7,3,7,3,3,7,7,7,3,7,7,3,7,7,3,7,7,4,7,7,5,3,7,7,7,3,5
108,3,7,3,7,7,7,7,3,7,7,3,7,3,7,7,3,5,3,7,5,3,7,3,7,7,5,3,7,3,3,7,7,5
109,3,5,5,3,4,5,3,5,5,7,5,3,5,7,3,3,5,5,3,5,7,3,5,5,3,5,5,5,4,2,5,3,7
110,3,5,5,7,3,5,7,5,3,7,5,5,5,5,7,5,5,5,7,5,5,7,5,3,5,5,3,3,7,7,3,5,5
111,3,5,7,7,7,7,3,5,7,7,7,3,7,3,7,7,3,3,3,3,5,5,5,7,3,2,7,3,3,7,7,3,3
112,3,5,5,7,5,7,5,3,3,7,3,7,5,3,3,5,5,5,5,3,7,5,5,7,2,5,5,5,5,5,5,3,5
113,3,5,5,7,5,7,7,5,5,5,7,7,8,7,5,7,5,5,7,3,7,5,5,7,7,5,7,7,7,3,7,5,5
114,3,7,7,5,3,5,7,7,5,3,7,7,3,7,5,3,7,7,5,7,3,7,7,7,7,7,7,3,3,7,7,7,7
115,3,7,7,7,7,7,7,7,7,3,7,7,7,7,5,7,3,7,7,3,7,3,7,5,7,7,7,7,5,7,7,7,3
116,3,7,7,7,7,7,7,7,3,7,7,7,2,7,5,3,5,7,3,7,3,2,7,7,3,7,3,5,7,7,7,3,3
117,3,7,7,7,7,7,7,3,7,7,7,7,7,7,7,7,7,7,3,7,7,7,7,7,7,7,7,7,3,7,7,7,7
118,3,7,7,3,7,7,3,7,7,7,7,7,7,5,7,7,7,5,7,7,7,7,7,7,7,5,7,2,7,3,7,7,7
119,3,3,7,3,3,3,3,7,3,3,3,7,3,5,3,3,3,3,5,3,3,2,3,3,3,3,3,7,3,3,7,3,3
120,3,3,3,7,5,7,3,3,3,3,3,9,7,3,7,7,3,7,3,7,5,7,7,3,3,5,3,5,5,3,3,3,3
121,3,5,7,7,3,5,7,7,5,7,3,3,7,3,5,5,3,5,5,3,5,5,3,3,5,5,5,5,3,3,5,3,3
122,3,3,3,3,5,2,3,7,5,3,3,7,3,3,3,3,7,3,3,7,3,3,3,7,7,3,3,5,5,3,3,5,7
123,3,3,3,3,3,3,3,3,3,5,3,3,5,5,3,9,3,5,3,7,5,3,3,3,3,7,3,7,7,7,3,7,3
124,3,3,7,3,3,7,5,3,7,7,5,3,3,5,3,7,3,7,7,7,7,7,5,7,7,7,7,7,5,5,7,3,7
125,3,7,7,7,7,7,7,5,7,7,7,7,7,7,7,7,7,7,7,7,7,7,7,7,7,7,3,3,3,7,3,7,7
126,3,7,7,3,7,7,7,7,2,7,7,7,7,7,7,2,7,7,7,3,7,3,7,3,7,7,7,3,3,3,7,7,7
127,3,7,7,7,3,7,7,3,3,7,7,7,7,7,7,7,7,7,7,7,7,7,7,7,9,3,3,7,7,7,7,3,7
128,3,7,7,7,3,7,3,7,3,7,7,7,3,5,5,3,7,7,7,7,3,3,3,5,3,3,7,7,3,5,7,3,7
129,3,7,7,7,7,7,7,7,7,7,7,7,7,7,7,7,7,7,7,7,5,7,7,7,7,7,5,7,7,7,7,7,7
130,3,3,3,7,3,3,3,7,3,3,2,3,3,3,3,3,3,7,7,3,3,3,7,3,3,3,7,3,7,7,3,3,3
131,3,3,7,3,3,3,3,3,3,3,7,3,7,3,3,7,7,3,3,3,7,3,3,3,3,3,3,3,3,3,3,3,7
132,3,7,3,3,7,7,7,7,7,7,3,3,3,3,3,3,3,3,3,7,3,3,3,3,3,7,3,7,3,3,7,3,3
133,3,7,7,3,3,7,3,3,7,7,3,3,7,7,7,7,3,3,3,7,7,3,3,3,3,7,3,7,3,7,3,7,3
134,3,7,3,3,2,3,3,3,3,7,3,2,3,3,3,3,7,7,3,3,3,7,7,3,3,7,3,7,7,3,3,3,3
135,3,3,7,3,3,3,3,3,3,3,3,3,7,3,7,3,3,3,3,7,3,7,7,3,7,3,7,7,7,3,3,3,3
136,3,3,7,3,3,3,3,3,8,3,3,3,3,3,3,3,3,3,3,3,7,3,3,2,3,3,3,3,3,3,3,3,3
137,3,3,3,3,3,3,3,3,3,3,3,3,3,3,3,3,3,3,3,7,2,3,3,3,3,3,3,7,3,3,3,3,3
138,3,3,3,3,3,3,3,3,3,3,3,2,3,2,3,3,3,3,3,3,3,3,3,3,3,3,3,3,3,3,3,3,3
139,3,3,3,3,3,3,3,3,7,3,3,3,2,3,3,3,3,3,3,3,3,3,3,3,3,3,3,3,3,3,3,3,7
140,3,3,2,3,3,3,2,8,3,3,3,3,3,3,2,3,3,3,3,3,7,3,3,3,8,3,3,3,2,3,3,3,3
141,3,3,3,3,3,3,3,7,3,3,3,3,3,3,3,3,3,3,3,3,2,3,3,3,3,3,3,3,3,3,3,3,3
142,3,3,3,3,3,3,3,3,3,3,3,3,3,3,3,3,3,3,3,3,2,3,3,3,3,3,3,3,3,3,3,3,3
143,3,3,3,3,3,3,3,3,3,3,3,3,3,3,3,3,3,3,3,3,3,3,2,3,2,3,3,3,3,3,3,3,3
144,3,3,3,3,3,3,3,3,3,3,3,3,3,3,3,3,3,3,3,3,3,3,3,3,3,3,3,3,3,3,3,3,3
145,3,3,3,3,3,3,3,3,3,3,3,3,3,3,3,3,3,3,3,3,3,3,3,3,3,3,3,3,3,3,3,3,3
146,3,3,3,3,3,3,2,3,3,3,3,3,3,3,3,3,7,3,3,7,3,3,3,7,3,3,3,7,3,8,2,3,3
147,3,3,3,3,3,3,3,3,3,3,4,8,3,3,3,3,3,3,3,3,3,3,3,3,3,3,3,3,3,3,3,3,3
148,3,3,3,3,3,3,3,5,3,3,3,3,3,3,3,3,3,3,3,3,3,3,3,3,3,3,3,3,3,3,3,3,3
149,3,3,3,3,3,3,3,3,3,3,3,3,3,3,3,3,3,3,3,3,3,3,3,3,3,3,3,3,3,3,3,3,3
150,3,7,3,3,3,3,3,7,3,3,5,7,7,3,7,3,3,3,7,3,3,3,3,7,7,2,3,7,7,7,2,7,3
151,3,7,7,3,2,7,7,7,3,3,3,3,7,7,7,3,7,3,3,3,3,3,5,3,3,5,3,7,3,7,3,3,7
152,3,7,8,7,7,3,3,5,3,7,3,7,7,7,8,7,7,3,7,7,3,3,7,3,7,3,7,3,7,5,7,7,3
153,3,7,7,3,5,3,5,3,3,3,3,3,3,7,3,3,7,7,7,5,7,3,7,3,7,7,7,3,7,5,7,7,7
154,3,7,7,3,3,3,3,3,2,3,5,7,3,7,3,7,3,3,7,3,3,7,7,7,3,3,7,7,3,3,3,7,7
155,3,7,7,3,7,7,7,3,3,7,3,3,5,3,7,7,7,3,5,7,3,3,3,3,7,9,7,7,7,3,7,7,7
156,3,7,7,7,5,8,3,3,2,3,3,3,3,3,3,2,2,3,7,3,2,3,7,7,3,3,3,3,3,2,4,3,3
157,3,3,7,7,7,7,7,3,3,3,3,3,3,3,3,3,3,5,3,3,3,3,3,3,3,3,5,3,3,3,5,5,7
158,3,3,3,3,3,3,7,7,7,3,3,3,2,3,3,7,3,3,3,3,5,3,7,3,3,3,3,3,3,3,3,3,3
159,3,7,3,7,7,7,2,3,3,7,3,7,7,3,7,7,7,7,7,7,7,7,3,7,7,5,5,5,3,7,7,7,7
160,3,7,7,2,3,3,7,7,5,7,7,5,7,7,7,7,7,7,7,7,7,7,3,3,7,7,3,7,3,7,3,5,5
161,3,7,7,3,7,7,3,3,7,7,3,7,3,3,3,7,7,7,3,3,7,5,7,7,7,7,7,7,3,7,7,3,3
162,3,7,3,3,2,3,3,3,3,7,3,3,7,3,3,3,3,3,3,7,3,3,7,3,3,3,7,3,3,3,7,7,7
163,3,7,3,3,3,7,7,3,3,2,5,3,3,7,3,7,7,7,2,7,7,7,2,3,5,3,7,3,3,3,5,3,3
164,3,7,7,7,5,3,7,3,7,7,7,7,3,7,7,3,7,7,7,3,7,3,3,7,7,3,5,7,7,3,3,5,7
165,3,7,7,7,7,7,7,5,3,7,7,7,7,5,7,7,5,7,7,3,7,3,7,3,3,7,7,7,7,7,7,5,5
166,3,7,5,7,3,7,3,7,5,5,3,8,5,3,2,5,5,7,2,3,2,5,5,5,3,7,3,5,5,3,5,3,5
167,3,7,5,7,3,3,7,7,5,7,2,3,3,3,7,3,3,3,3,3,3,3,7,2,5,3,5,7,3,7,7,5,3
168,3,3,7,3,5,3,3,3,3,3,3,3,5,3,5,3,3,5,3,3,3,7,5,3,3,3,3,3,5,3,3,3,5
169,3,3,3,3,3,7,3,7,3,3,5,3,3,3,3,3,3,3,5,3,3,3,3,5,3,7,7,3,3,3,3,3,3
170,3,7,3,3,3,3,3,3,7,7,7,7,5,3,2,3,3,7,7,7,7,3,3,3,7,7,3,3,3,3,5,5,7
171,3,5,5,5,7,3,3,3,2,7,5,3,8,3,3,3,5,5,3,2,7,5,5,7,3,3,3,7,5,3,3,3,3
172,3,5,7,3,5,5,5,3,7,3,3,5,3,7,7,7,3,7,3,2,7,3,3,5,7,7,3,7,3,3,7,5,7
173,3,7,5,5,7,5,7,7,5,7,7,7,7,5,5,5,7,7,5,7,7,3,7,3,3,3,7,3,7,2,7,4,5
174,3,7,7,5,7,2,7,5,3,5,5,5,7,7,7,7,7,3,7,7,9,5,7,7,5,5,7,7,3,3,1,7,3
175,3,3,3,3,3,3,3,3,3,5,3,3,3,3,3,3,3,3,3,3,3,3,3,3,3,3,3,3,2,3,3,3,7
176,3,3,7,3,3,3,5,3,5,3,3,3,3,3,7,7,3,2,3,3,3,3,5,3,5,3,5,3,3,3,5,3,7
177,3,3,3,5,3,3,3,3,3,3,3,3,3,3,3,3,3,2,3,3,5,3,3,3,3,3,2,2,3,3,3,5,5
178,3,3,3,3,5,7,3,3,3,3,5,3,3,3,3,3,2,2,3,3,3,3,5,5,3,3,3,2,3,3,3,3,5
179,3,5,5,3,3,2,3,3,3,3,3,3,7,3,7,7,3,3,5,3,3,3,7,3,3,3,2,3,3,3,2,2,3
180,3,3,3,3,3,3,3,3,3,3,5,5,3,7,3,7,7,3,3,3,3,3,7,4,3,3,3,3,3,3,3,3,8
181,3,3,3,3,3,3,3,2,2,3,3,3,3,3,3,3,3,3,3,2,5,3,3,3,3,3,3,3,3,3,2,3,3
182,3,3,3,3,5,7,3,5,3,3,3,5,3,3,3,7,3,3,5,3,3,5,3,3,3,8,5,3,3,3,3,3,5
183,3,7,7,7,7,7,7,7,3,3,7,7,7,3,7,7,7,7,7,7,7,7,3,7,3,7,7,7,5,7,3,7,7
184,3,7,3,7,7,7,7,7,7,3,7,3,7,7,3,7,7,3,3,7,7,7,7,3,7,3,3,7,5,3,3,7,7
185,3,7,7,7,7,7,7,3,7,7,7,3,5,7,7,7,7,7,7,7,7,3,7,7,3,7,7,7,3,7,7,3,7
0,4,7,7,7,7,7,3,7,7,7,7,7,5,7,7,7,7,7,7,7,3,7,7,7,3,7,7,7,7,7,7,7,7
1,4,7,7,7,7,7,7,3,3,7,7,2,7,3,7,3,2,7,7,7,7,7,3,7,7,7,2,7,7,7,7,7,3
2,4,7,3,7,7,7,3,3,7,7,3,7,7,7,3,2,7,7,3,7,7,3,3,3,3,3,7,7,7,3,3,7,3
3,4,7,7,7,7,7,7,3,3,3,7,7,3,3,7,7,7,3,7,7,7,3,7,2,7,7,7,7,7,7,7,7,7
4,4,7,7,7,3,7,7,3,7,7,7,7,7,7,5,7,3,7,7,7,7,3,3,7,3,7,7,7,7,7,7,7,3
5,4,7,7,7,3,7,7,7,3,7,3,7,3,7,3,7,7,3,7,7,7,3,2,3,7,7,3,7,7,3,7,3,7
6,4,7,7,3,7,5,7,3,7,3,7,3,7,3,7,7,7,3,2,7,7,7,7,7,3,7,7,7,7,7,3,7,7
7,4,7,7,7,5,7,3,7,7,7,3,7,3,3,7,7,7,3,7,7,3,7,3,3,7,3,7,7,7,7,7,7,7
8,4,7,7,7,7,7,7,7,7,7,7,7,3,3,7,3,2,2,7,3,2,3,3,7,7,7,3,7,2,3,7,7,7
9,4,3,3,7,3,3,3,3,3,3,3,7,3,7,3,3,3,3,3,3,7,3,7,7,3,3,3,3,7,7,3,7,7
10,4,3,3,7,7,3,7,3,3,7,3,7,3,3,3,7,3,3,3,7,7,7,3,3,3,5,3,3,3,3,3,3,7
11,4,3,7,3,7,3,3,7,7,3,3,3,5,7,2,3,3,7,3,3,7,3,3,3,7,7,7,3,3,3,5,2,3
12,4,3,7,3,3,3,3,3,3,3,3,3,3,3,3,3,3,3,3,3,7,7,0,3,7,3,3,3,3,3,3,3,3
13,4,3,3,7,3,3,3,3,3,3,3,3,3,5,3,3,3,5,3,3,3,3,3,3,3,3,3,3,3,3,3,3,3
14,4,3,3,3,3,3,3,3,3,3,3,1,3,3,3,3,3,3,3,3,7,3,3,3,7,3,3,3,3,7,3,3,7
15,4,3,4,3,3,3,2,3,7,3,3,3,3,3,3,3,3,3,3,3,3,3,3,3,3,3,3,2,3,3,7,3,3
16,4,3,3,3,3,3,3,3,3,3,3,3,3,3,3,3,3,7,3,3,3,3,7,3,3,3,3,3,3,3,3,3,3
17,4,3,3,3,7,3,3,5,3,3,3,7,3,3,3,3,3,3,3,7,3,3,3,3,3,3,7,3,3,3,3,3,7
18,4,3,3,3,3,3,3,3,3,3,7,3,3,3,7,3,3,3,3,3,3,3,3,3,3,3,3,3,3,3,3,3,3
19,4,3,3,3,3,3,3,3,3,3,3,3,3,3,3,3,3,3,3,3,3,3,3,3,3,3,3,3,3,3,3,3,3
20,4,3,3,7,3,3,7,7,3,5,3,3,7,3,3,3,3,7,7,3,3,2,3,7,7,3,3,3,3,5,3,3,3
21,4,3,3,3,3,3,3,3,3,3,7,3,3,3,3,3,7,3,3,3,3,3,3,3,3,7,3,3,3,3,7,3,3
22,4,3,3,3,3,3,3,3,3,3,8,2,3,3,3,3,3,3,3,3,3,3,3,3,3,5,3,3,3,3,3,3,3
23,4,3,3,3,3,3,3,3,3,7,5,3,3,3,3,3,3,3,3,3,3,3,3,3,3,3,3,3,3,3,5,3,3
24,4,3,3,3,3,3,3,3,3,3,3,3,3,3,3,3,3,3,3,3,3,3,5,3,3,3,3,3,3,3,3,3,3
25,4,3,3,3,3,3,3,9,3,3,3,3,3,3,3,3,3,3,3,5,3,3,3,3,3,3,3,3,3,3,3,3,3
26,4,3,3,3,3,3,3,3,3,3,3,3,3,5,3,3,3,3,3,3,3,3,3,3,3,3,3,3,3,3,3,3,3
27,4,3,3,3,3,3,7,3,3,3,3,3,3,3,3,3,3,3,3,3,3,2,3,3,3,3,3,3,3,3,3,7,3
28,4,3,3,3,5,3,3,3,3,3,3,3,3,3,3,3,3,3,3,3,3,3,3,3,3,3,3,3,3,3,3,3,3
29,4,3,3,3,3,3,3,3,7,3,3,3,3,3,3,3,3,3,3,3,3,3,3,7,5,3,3,3,3,7,3,3,3
30,4,3,3,3,3,3,7,3,3,3,5,3,3,3,7,3,3,3,3,5,3,3,3,3,3,3,3,3,3,3,3,3,5
31,4,3,3,3,3,3,3,3,3,3,3,3,3,3,2,5,7,3,3,3,3,5,3,3,3,3,3,3,7,7,3,3,2
32,4,3,3,3,7,5,3,3,3,3,3,3,3,3,3,3,3,3,3,3,3,7,3,3,3,3,3,3,3,3,3,3,3
33,4,3,3,3,3,3,3,3,3,3,3,3,3,3,3,5,3,5,5,3,3,7,3,3,3,3,5,4,3,3,5,3,5
34,4,3,7,3,3,3,3,3,3,3,3,3,3,7,3,3,3,3,3,3,3,3,3,3,3,3,3,3,3,3,3,3,3
35,4,3,3,3,3,3,3,3,3,3,3,3,3,3,3,3,5,3,3,3,3,3,3,3,3,3,3,3,3,7,3,3,3
36,4,3,3,3,3,3,7,3,3,3,3,3,3,3,3,3,3,3,3,3,3,3,3,3,3,3,3,3,3,5,3,3,3
37,4,3,3,3,3,3,3,3,3,3,3,3,3,3,3,3,3,3,3,3,3,3,3,3,3,3,3,3,3,3,3,3,3
38,4,3,3,3,3,3,3,3,5,3,3,3,3,3,3,3,3,3,3,3,3,3,3,5,3,3,3,3,3,3,3,3,3
39,4,3,3,3,3,3,3,3,3,3,3,3,3,3,3,3,3,3,3,3,3,3,3,5,3,3,3,3,3,3,3,3,3
40,4,3,5,3,3,3,3,3,3,3,3,3,5,3,3,3,3,3,3,3,3,3,3,3,5,3,3,3,5,3,3,3,3
41,4,3,3,3,3,3,3,5,3,3,3,3,3,3,3,3,3,3,3,3,3,3,3,3,3,3,3,3,5,3,3,3,5
42,4,3,3,3,3,3,3,3,3,3,3,3,3,3,3,3,3,3,3,3,3,3,3,3,3,3,3,3,3,3,3,3,3
43,4,3,3,3,3,3,3,3,3,3,3,3,3,3,3,3,3,3,3,3,3,3,2,3,3,3,3,3,3,3,3,3,3
44,4,3,3,3,2,3,3,3,2,7,3,2,5,3,3,7,3,5,2,3,3,3,3,3,3,3,3,3,3,3,2,2,7
45,4,3,7,7,3,7,7,3,3,3,3,2,7,5,7,7,7,3,2,7,3,7,7,7,2,3,7,3,7,3,3,7,7
46,4,3,3,3,7,3,7,3,3,3,3,3,3,3,3,3,3,3,3,2,5,3,3,3,3,3,2,3,3,3,3,3,3
47,4,3,2,5,5,3,3,3,3,3,7,7,3,3,3,3,3,7,3,3,3,7,7,3,3,3,3,7,3,3,7,3,3
48,4,3,3,3,7,3,3,3,3,2,3,3,3,2,3,3,3,3,3,3,7,3,3,3,3,3,3,3,3,3,3,3,3
49,4,7,7,3,3,7,7,7,3,7,3,7,7,3,7,7,7,7,3,3,7,3,3,7,7,7,7,7,3,7,3,3,7
50,4,7,7,7,7,7,7,7,3,3,7,7,7,7,7,7,3,7,7,7,7,7,3,3,3,3,7,7,7,7,7,7,7
51,4,7,7,7,7,7,3,7,2,7,7,3,7,7,2,7,3,3,3,7,7,3,3,7,7,7,7,3,7,7,3,7,7
52,4,7,3,7,7,3,3,3,3,3,3,7,7,7,7,7,3,3,3,3,3,3,7,7,7,3,3,7,7,7,7,3,3
53,4,7,3,3,7,7,7,7,3,3,7,7,3,3,7,3,7,7,3,3,7,7,3,7,3,3,7,7,7,3,3,3,7
54,4,3,7,3,3,3,3,3,3,3,3,3,3,3,3,7,7,3,7,3,3,3,3,3,3,7,7,3,7,7,3,7,3
55,4,3,3,7,3,3,3,7,3,3,3,7,3,3,3,3,3,3,3,3,3,3,7,7,3,7,3,3,3,3,3,3,3
56,4,3,3,7,3,3,3,3,3,3,3,3,3,3,3,3,3,5,3,3,3,5,3,3,7,3,3,3,3,3,3,3,3
57,4,3,3,3,3,3,7,3,3,3,3,3,3,3,3,3,3,3,3,3,3,3,3,7,3,3,3,3,3,3,3,7,3
58,4,7,3,7,3,7,3,3,7,7,3,7,3,3,3,3,3,3,3,3,3,3,3,3,3,3,3,3,3,3,2,3,3
59,4,7,7,3,3,7,2,3,3,3,3,5,7,3,3,3,3,7,3,3,3,3,7,7,3,3,7,3,7,7,7,7,3
60,4,7,7,7,3,7,7,7,3,7,7,7,7,7,7,7,7,7,7,7,7,7,7,7,3,3,7,3,3,7,5,7,7
61,4,7,3,7,3,7,7,3,3,3,3,3,3,7,7,3,3,7,3,3,3,3,7,3,7,5,3,3,3,7,7,7,3
62,4,7,7,3,3,7,7,3,7,7,3,3,3,3,3,7,7,7,3,3,7,3,3,3,5,5,3,3,7,3,7,3,3
63,4,7,3,3,3,3,7,3,7,7,7,3,7,3,7,3,3,3,7,3,3,3,3,7,7,3,7,7,3,3,7,3,7
64,4,7,3,3,7,3,3,7,3,3,3,3,3,7,7,3,7,7,7,3,7,3,3,3,3,3,7,3,3,7,7,7,7
65,4,7,3,3,7,7,3,7,3,3,7,3,3,3,3,3,3,7,3,3,7,3,7,3,3,7,7,7,3,3,3,7,3
66,4,7,3,3,3,7,3,7,7,3,3,7,3,7,7,7,3,3,7,7,7,3,3,3,7,3,3,3,7,3,3,3,3
67,4,7,3,3,7,3,7,3,3,3,3,3,3,7,7,3,3,3,3,3,7,3,7,7,7,7,3,7,3,7,3,3,3
68,4,7,3,3,7,7,7,3,3,7,7,7,3,3,3,3,3,3,7,7,3,7,7,7,7,3,3,7,7,3,7,7,3
69,4,7,3,3,3,7,7,7,7,7,7,7,7,7,7,3,7,7,3,7,7,3,3,7,3,3,3,7,7,3,7,3,7
70,4,3,3,3,3,3,7,7,3,3,7,3,3,3,3,3,3,7,3,3,5,3,3,3,3,3,3,3,7,7,3,3,3
71,4,3,7,3,3,3,3,3,3,3,7,3,3,3,3,3,3,3,3,7,3,3,3,7,3,3,3,3,7,3,3,3,7
72,4,3,7,3,3,3,3,3,3,3,3,3,3,3,3,3,3,3,3,3,3,3,3,7,3,3,3,3,3,3,3,3,3
73,4,3,3,5,3,3,3,3,3,3,3,3,3,3,3,3,3,3,3,3,3,3,3,3,3,5,3,3,3,3,3,3,3
74,4,3,3,3,3,3,3,3,3,3,7,3,7,3,3,3,3,3,3,3,3,3,3,3,3,3,3,3,3,7,3,3,7
75,4,3,3,3,3,3,7,3,3,3,3,3,3,3,3,7,3,3,3,3,3,3,3,3,3,3,3,3,3,3,3,3,3
76,4,3,7,3,3,3,3,3,3,3,3,3,3,3,3,3,3,3,3,3,3,3,3,3,3,3,3,3,3,3,3,3,3
77,4,3,3,3,3,3,3,3,3,3,3,3,3,3,3,3,3,3,3,3,3,3,3,3,3,3,3,3,3,3,3,3,3
78,4,3,3,3,3,3,3,3,3,3,3,3,3,3,3,3,3,3,3,3,3,3,3,3,3,3,3,3,3,3,3,3,3
79,4,7,7,7,3,3,7,7,7,7,7,7,7,7,3,7,7,7,7,7,7,7,7,3,5,7,5,7,7,7,3,7,3
80,4,5,3,5,7,5,3,3,3,5,5,5,3,5,5,3,5,3,5,5,5,5,5,3,5,5,5,3,5,5,5,5,5
81,4,5,5,5,5,5,7,3,3,5,5,3,3,7,5,5,5,3,5,7,5,5,7,3,5,3,3,7,5,5,5,7,5
82,4,5,3,7,3,5,5,7,3,5,5,5,3,3,3,7,3,5,3,5,3,3,7,5,5,3,5,7,7,3,3,7,3
83,4,5,3,3,7,3,3,7,7,7,7,5,5,7,3,7,5,3,3,3,3,7,3,3,3,3,5,3,3,7,7,7,3
84,4,5,7,3,5,5,3,7,5,3,5,7,7,3,7,5,7,7,3,3,7,7,7,3,7,5,7,3,7,3,3,5,7
85,4,5,7,7,5,3,3,7,3,5,7,7,3,3,5,5,3,5,5,7,5,5,7,3,3,7,3,7,7,5,7,5,5
86,4,5,3,3,3,5,3,5,3,7,3,7,5,5,7,3,3,7,5,3,5,5,7,5,3,7,7,3,5,5,5,7,5
87,4,5,7,5,7,5,5,3,5,3,5,3,3,3,3,5,5,7,5,5,3,7,3,5,5,5,3,3,7,5,3,3,3
88,4,5,3,7,3,3,3,7,5,9,3,7,5,3,7,7,7,5,3,5,3,3,5,7,3,5,5,5,5,7,5,7,3
89,4,7,5,7,3,7,7,7,7,7,7,3,7,7,7,7,7,7,7,3,7,7,7,7,5,7,7,7,7,3,7,5,7
90,4,7,3,7,7,7,7,7,7,3,7,7,7,7,7,7,3,7,7,7,3,7,7,7,7,7,3,7,7,7,7,7,7
91,4,7,7,3,3,3,3,7,7,7,7,3,7,7,7,3,3,3,7,7,3,7,3,3,3,3,3,7,3,3,7,3,3
92,4,3,3,3,3,4,3,7,3,3,3,3,3,3,3,7,3,3,3,3,3,3,3,7,7,3,3,7,3,3,3,3,3
93,4,3,3,3,7,7,3,3,7,3,3,3,7,3,3,3,3,3,3,3,3,3,3,3,7,3,7,3,3,3,3,3,4
94,4,3,3,3,3,3,3,3,3,3,3,7,3,7,3,3,3,3,3,3,3,3,3,7,3,7,3,3,3,3,3,7,3
95,4,3,3,3,3,3,3,3,3,7,3,7,7,3,3,7,7,3,7,3,3,3,3,3,3,7,3,3,5,3,7,7,3
96,4,3,3,3,3,3,3,7,7,3,3,3,3,3,3,3,7,3,3,3,3,3,3,3,3,3,7,7,3,7,3,3,3
97,4,3,3,3,7,7,3,7,3,3,7,3,3,3,7,3,7,3,3,3,3,3,3,3,3,3,3,3,3,7,3,3,7
98,4,3,3,3,3,3,3,7,7,7,3,7,3,3,3,3,7,3,3,7,3,3,3,3,3,7,3,3,3,3,3,3,7
99,4,3,7,7,3,3,7,3,3,7,3,3,7,3,7,7,3,7,7,7,7,7,3,3,3,3,7,7,3,7,3,3,3
100,4,3,3,7,3,3,7,3,3,3,7,7,3,7,3,7,3,7,3,3,3,3,3,3,3,7,3,7,7,7,3,7,3
101,4,3,3,3,3,3,3,7,3,3,3,7,3,7,3,7,3,3,3,3,3,7,7,3,7,3,3,3,7,3,7,3,3
102,4,3,7,3,3,3,3,3,3,7,3,3,7,3,3,3,3,3,7,7,7,3,3,3,3,3,3,3,3,7,3,3,3
103,4,3,3,3,7,3,3,7,3,3,7,7,3,7,7,7,7,3,7,7,3,3,7,7,3,3,7,3,3,3,3,3,3
104,4,3,7,7,3,7,7,7,7,3,3,7,7,3,3,3,7,3,7,3,3,7,3,7,7,3,7,7,7,7,3,7,7
105,4,3,3,7,7,3,3,7,7,3,3,2,3,3,3,3,7,7,3,3,7,3,3,3,3,3,3,3,3,7,3,3,3
106,4,7,3,7,3,7,7,3,3,3,3,7,3,3,3,3,7,3,7,7,3,3,3,3,3,3,7,3,3,3,7,7,7
107,4,7,3,3,7,3,7,3,7,7,3,7,3,7,3,7,3,7,7,3,7,7,3,3,7,7,3,3,7,7,7,7,3
108,4,3,3,3,3,3,7,7,3,7,7,7,7,3,3,7,7,7,7,7,3,3,7,7,7,7,7,7,3,3,3,3,3
109,4,3,3,3,7,3,3,7,3,3,3,3,3,3,3,3,3,3,7,3,3,7,3,3,7,3,3,7,7,3,7,7,3
110,4,3,3,3,3,3,3,3,3,3,3,3,3,3,3,3,3,3,3,3,3,3,3,3,3,3,7,3,3,3,3,3,3
111,4,7,3,3,7,3,7,3,3,7,3,3,7,3,7,7,3,3,3,7,7,3,7,3,7,2,7,7,7,7,3,3,7
112,4,7,3,3,7,3,3,7,3,3,3,3,7,3,3,7,3,7,3,3,7,3,3,7,3,7,3,7,3,7,3,7,7
113,4,3,3,3,3,3,3,3,3,7,7,3,3,3,3,7,3,7,3,3,3,3,3,7,3,3,3,3,3,3,3,3,3
114,4,7,7,7,3,3,7,3,4,3,3,7,7,7,3,3,7,3,3,7,3,7,7,7,7,7,7,7,7,3,7,3,3
115,4,7,7,3,3,3,2,3,7,7,3,3,3,3,3,7,7,3,7,3,3,3,3,7,7,7,7,3,7,3,3,3,3
116,4,7,7,3,7,7,7,7,7,3,7,7,3,7,7,7,3,3,7,3,7,7,3,7,3,7,3,3,7,7,7,7,7
117,4,7,7,7,7,3,3,7,7,3,7,3,7,7,3,3,3,3,7,7,7,3,3,7,7,3,3,3,7,3,3,3,3
118,4,7,3,3,7,3,3,3,7,3,3,3,7,7,3,7,7,7,3,3,7,7,3,3,7,3,7,3,3,3,7,7,7
119,4,3,3,7,3,7,3,3,7,2,3,3,3,3,7,3,7,3,3,3,3,7,3,3,3,7,3,3,3,3,7,3,7
120,4,3,3,7,3,7,3,3,3,3,3,7,7,3,3,3,3,3,3,3,3,3,3,3,7,7,3,2,3,3,7,3,3
121,4,3,3,7,3,7,7,3,3,3,7,3,3,3,3,7,3,3,3,3,7,7,3,3,3,7,3,3,3,3,3,7,3
122,4,7,7,3,3,3,7,7,3,3,3,3,7,3,7,3,7,7,3,7,7,7,7,7,3,7,7,7,7,7,3,3,7
123,4,7,7,7,7,3,3,7,7,7,3,7,7,3,7,7,3,7,3,7,3,3,3,7,2,7,3,7,7,3,7,3,7
124,4,7,3,7,7,7,3,7,3,3,3,7,3,7,7,7,3,3,7,7,3,3,3,7,7,7,7,7,3,7,7,7,7
125,4,7,3,7,7,3,3,7,3,3,3,3,3,7,7,7,7,7,7,7,3,3,3,7,7,7,7,7,3,3,7,3,3
126,4,7,3,7,7,7,7,7,7,7,3,7,7,3,7,7,3,3,3,3,7,3,7,7,7,7,7,3,3,7,3,7,7
127,4,7,3,7,3,7,7,7,7,3,3,7,7,3,7,7,7,7,3,7,7,7,7,7,3,3,3,3,7,7,7,3,7
128,4,7,3,3,7,3,7,7,3,7,7,3,7,7,7,5,7,7,7,3,7,3,7,7,7,3,7,3,7,7,3,3,7
129,4,7,5,3,7,7,3,3,3,7,3,3,3,7,3,3,3,3,3,7,3,3,2,7,7,3,7,7,3,3,7,7,3
130,4,7,2,5,3,7,3,3,3,3,3,3,3,3,3,2,7,7,3,7,7,3,3,3,3,7,7,7,7,3,3,7,3
131,4,3,7,3,3,3,3,3,3,7,3,3,3,3,3,3,3,3,3,3,7,3,3,3,3,3,3,3,3,3,3,3,3
132,4,7,7,7,3,3,3,3,7,3,3,7,3,3,7,2,7,7,3,3,3,3,2,7,7,3,3,3,7,7,7,3,3
133,4,3,3,3,7,3,7,3,3,3,3,3,3,7,3,3,3,7,7,2,3,3,3,3,3,3,3,3,3,7,3,3,7
134,4,3,7,3,3,7,3,3,3,3,3,3,3,3,3,3,7,7,3,3,3,3,3,3,3,3,3,3,3,3,3,7,3
135,4,3,3,5,3,3,3,3,7,3,3,3,3,3,3,3,3,3,3,3,3,3,3,2,3,3,3,3,3,3,3,3,3
136,4,3,3,3,3,3,3,3,3,3,3,2,3,3,3,3,3,3,3,3,3,3,3,3,3,3,3,3,3,3,3,3,3
137,4,3,3,3,3,3,3,3,3,3,3,3,3,3,3,2,3,3,3,3,3,3,3,3,3,3,3,3,3,3,3,3,3
138,4,3,3,3,3,3,3,3,3,7,3,3,3,3,3,3,3,3,3,3,3,2,3,3,3,3,2,3,3,3,3,3,3
139,4,3,3,5,3,3,3,7,3,3,3,3,3,3,3,3,3,3,3,3,3,3,3,3,3,3,3,3,3,2,3,3,3
140,4,3,3,3,3,3,3,3,3,3,3,3,3,3,3,3,3,3,3,3,3,3,3,3,3,3,3,7,3,3,3,3,3
141,4,7,3,7,3,2,3,2,3,7,3,2,3,3,3,7,3,2,3,3,3,7,7,3,3,3,3,2,3,3,3,7,3
142,4,7,3,7,7,7,7,5,7,7,7,3,7,7,7,7,3,7,7,3,7,7,7,7,3,7,7,7,7,7,7,7,3
143,4,7,3,7,7,7,7,7,7,3,7,7,7,7,7,7,7,7,7,7,3,2,7,7,7,7,7,7,3,7,7,7,7
144,4,7,3,7,7,2,7,7,3,7,7,7,3,7,7,7,7,7,7,7,1,7,7,7,2,3,7,7,7,7,7,7,7
145,4,7,7,7,7,7,3,5,7,5,7,7,7,7,7,7,5,7,7,7,3,7,7,3,7,3,7,3,7,7,7,7,7
146,4,7,7,7,3,3,3,5,7,7,7,3,7,3,3,7,3,7,3,3,7,3,7,7,7,3,7,7,7,7,7,7,5
147,4,7,7,7,7,7,5,3,7,7,7,7,3,3,7,7,5,7,7,7,7,5,7,7,7,7,7,7,7,7,7,7,7
148,4,7,7,7,7,7,7,7,7,7,7,7,7,7,7,3,5,7,7,5,3,7,7,3,7,7,7,7,7,7,7,7,7
149,4,7,7,5,3,5,3,7,5,7,7,7,7,3,7,7,5,7,7,7,3,7,3,7,7,5,7,7,7,7,7,7,7
150,4,7,7,7,3,7,3,5,7,7,5,3,7,7,7,7,3,3,7,7,5,3,7,7,3,3,7,5,7,7,3,7,3
151,4,7,7,7,7,7,3,7,7,5,7,5,7,7,7,3,7,7,7,3,7,7,7,7,7,7,7,7,7,7,7,7,7
152,4,7,7,7,5,7,7,7,3,7,3,7,5,7,7,7,7,7,7,7,7,3,5,7,7,7,7,7,7,7,7,7,7
153,4,7,7,7,7,7,7,3,7,7,3,7,7,7,5,7,7,5,7,7,7,5,7,7,7,7,7,3,7,7,3,7,3
154,4,7,7,7,7,7,7,3,7,3,7,5,7,5,3,3,7,7,5,7,7,3,3,7,7,5,3,7,7,7,7,5,7
155,4,7,7,7,7,7,7,7,3,5,7,3,7,7,9,5,7,7,7,7,7,7,7,7,7,7,7,7,7,7,7,7,7
156,4,7,3,7,3,7,7,5,7,7,7,7,7,7,7,7,7,7,7,7,3,7,7,7,7,7,3,7,7,7,7,7,7
157,4,7,7,7,7,7,3,3,7,3,3,7,3,3,7,7,7,7,5,3,3,5,7,3,3,7,7,3,3,3,3,7,7
158,4,7,5,3,7,3,7,7,3,3,7,7,3,7,3,3,7,5,7,3,3,3,7,7,7,3,7,3,7,3,7,7,7
159,4,7,7,5,7,3,7,3,7,7,7,7,7,7,7,7,7,7,7,7,7,7,7,5,3,7,7,7,7,5,7,7,8
160,4,3,3,3,3,5,3,3,3,3,7,7,5,5,5,5,5,7,3,3,3,3,3,3,3,3,5,3,7,7,3,7,7
161,4,3,5,3,5,3,3,3,3,5,3,3,3,3,3,3,3,3,3,3,3,3,3,3,5,3,3,3,3,3,3,3,3
162,4,3,3,5,3,5,1,7,3,3,3,3,5,3,3,3,7,3,3,3,7,5,3,3,3,3,5,3,3,3,3,7,3
163,4,3,3,3,5,3,3,3,5,3,3,3,3,3,3,3,7,3,5,5,3,3,2,3,5,5,5,3,3,3,5,3,3
164,4,3,3,5,3,3,3,3,3,3,5,3,3,7,7,3,5,3,3,5,7,7,5,3,3,7,5,3,5,3,3,5,8
165,4,3,3,5,3,3,3,3,7,3,3,5,3,3,5,3,3,3,3,5,3,5,7,3,5,5,5,3,3,5,5,3,3
166,4,3,3,3,3,3,3,5,3,7,5,5,5,3,3,5,5,5,3,3,5,5,3,3,5,7,5,3,3,3,3,3,3
167,4,3,3,3,5,3,3,7,3,3,3,3,3,3,3,3,3,3,3,5,3,3,3,5,3,5,3,3,3,3,3,3,3
168,4,3,3,7,5,3,3,5,5,5,3,5,5,3,3,5,5,5,5,5,3,5,3,3,5,3,5,5,3,3,3,5,5
169,4,5,3,3,5,5,5,5,5,5,5,5,3,5,5,5,3,5,5,3,5,3,3,5,5,5,3,5,5,5,3,5,5
170,4,5,5,5,5,5,5,5,5,5,5,5,5,5,5,5,5,5,5,5,5,5,5,5,5,5,5,5,5,5,5,5,3
171,4,5,5,3,5,5,3,5,5,5,8,5,3,5,5,5,5,5,5,5,5,3,5,5,5,5,5,5,5,3,5,5,5
172,4,5,5,5,5,5,5,5,5,5,5,5,5,5,5,5,5,5,5,5,5,5,3,5,5,5,5,5,5,5,5,3,5
173,4,5,5,5,5,5,5,5,5,5,3,5,3,3,3,3,5,5,5,5,5,5,5,5,5,5,5,5,5,5,5,5,3
174,4,5,5,5,5,5,5,5,5,3,3,3,5,5,5,3,5,5,3,3,3,3,3,5,3,5,5,3,3,3,3,5,3
175,4,5,3,5,5,5,5,5,3,5,3,5,5,3,5,5,5,5,3,5,5,3,5,5,5,3,5,5,5,5,5,3,5
176,4,5,3,3,5,5,5,5,5,5,5,5,5,3,5,3,5,5,3,5,5,5,5,5,5,5,5,5,5,5,5,5,5
177,4,5,5,5,5,7,5,5,3,5,3,5,5,5,5,3,5,5,5,5,5,5,5,5,5,5,3,5,5,5,5,5,5
178,4,5,5,5,5,5,5,3,5,3,5,3,5,3,5,3,3,5,5,3,5,3,3,5,5,5,5,5,5,5,5,3,3
179,4,5,3,3,5,5,5,3,3,5,5,5,3,3,5,5,5,3,5,3,5,3,3,3,5,3,5,5,5,5,5,5,3
180,4,5,5,7,5,3,5,5,5,5,3,7,5,3,5,5,3,7,3,5,5,3,5,7,3,3,5,5,5,7,5,5,5
181,4,5,5,2,3,3,5,3,5,7,5,5,5,5,3,5,7,5,3,5,3,5,7,5,5,5,5,5,3,3,5,5,5
182,4,5,7,7,5,7,5,5,5,3,5,7,5,5,3,7,3,3,5,7,3,5,3,5,5,7,7,3,7,5,5,5,3
183,4,5,5,5,5,7,2,7,5,7,3,5,3,5,7,3,7,7,7,7,3,7,3,7,7,3,7,7,5,7,7,5,7
184,4,7,3,7,5,7,3,3,7,7,7,3,3,7,3,7,5,7,7,7,7,7,7,7,3,5,7,7,7,7,3,7,7
185,4,7,7,7,3,7,3,3,7,3,3,7,7,7,7,7,7,3,7,7,5,7,7,3,7,7,7,7,7,7,5,7,3
