[step, epoch, max]
0,0,3,3,5,3,3,3,5,3,3,3,3,3,3,3,3,3,3,3,3,3,3,3,3,3,3,5,3,3,3,3,3,3
1,0,3,3,3,3,3,3,3,3,3,3,3,3,3,3,3,3,3,3,3,3,3,3,3,3,3,3,3,3,3,3,3,3
2,0,3,3,3,3,3,3,3,3,7,3,3,3,3,3,3,3,3,3,3,3,3,3,3,3,3,3,3,3,3,3,3,3
3,0,3,3,3,3,3,3,3,3,3,3,3,3,3,3,3,3,3,7,3,3,3,3,3,3,3,3,3,3,3,3,4,5
4,0,3,3,3,3,3,3,3,3,3,3,3,3,3,3,3,3,3,5,3,3,3,3,3,3,3,3,3,3,3,3,3,3
5,0,3,3,3,3,3,1,3,1,3,3,3,3,3,3,1,3,3,3,3,3,3,3,3,3,3,3,3,3,1,3,3,3
6,0,3,3,3,3,3,3,3,3,3,3,3,3,3,3,3,3,3,3,3,3,3,3,3,3,3,3,3,3,3,3,3,3
7,0,3,3,1,7,1,1,1,3,7,3,3,3,3,3,3,3,1,3,3,7,3,7,7,3,3,7,3,3,3,3,3,3
8,0,3,2,3,3,3,3,5,5,5,7,3,5,3,3,3,3,5,3,3,5,3,5,3,5,3,3,7,3,1,7,3,3
9,0,3,3,3,3,3,2,3,3,3,3,2,3,3,3,3,3,3,3,3,3,3,3,3,3,3,1,3,3,3,3,3,3
10,0,3,3,2,3,3,3,3,3,3,3,3,1,3,3,3,5,3,3,3,3,3,3,3,3,3,3,3,3,3,3,3,3
11,0,3,3,3,3,3,3,3,3,3,3,3,3,3,3,3,3,3,3,3,3,3,3,3,3,3,3,3,3,3,3,3,3
12,0,3,3,3,3,3,3,3,3,5,3,3,3,3,3,5,3,3,3,3,3,3,3,3,3,3,3,3,3,3,3,3,3
13,0,1,3,3,5,5,1,5,5,1,5,1,3,3,5,3,5,1,5,3,5,3,5,1,1,1,5,1,5,1,5,5,5
14,0,5,5,3,5,5,3,5,5,3,3,7,5,5,1,3,5,3,1,5,1,1,3,3,5,5,5,1,2,5,5,3,5
15,0,5,1,5,1,1,1,5,7,5,3,4,3,5,3,3,5,5,3,5,5,1,8,3,3,5,3,1,5,1,1,3,5
16,0,3,3,3,5,1,1,3,5,5,5,5,5,5,3,5,3,1,5,5,5,5,5,3,5,3,5,5,5,3,5,5,5
17,0,3,3,3,3,3,3,3,5,3,3,3,5,3,3,3,5,5,3,3,5,5,3,3,5,3,7,3,3,5,5,5,3
18,0,5,5,5,3,5,5,5,5,5,5,5,5,5,5,5,5,3,5,5,5,3,5,5,5,5,5,3,5,5,5,5,8
19,0,5,5,5,5,4,3,3,5,6,5,3,7,1,5,5,3,4,5,5,5,7,5,5,3,5,5,5,5,6,5,7,1
20,0,3,3,3,3,3,3,3,3,3,3,3,3,3,3,3,3,3,3,3,3,3,3,3,3,3,3,3,3,3,3,3,3
21,0,3,3,3,3,3,3,3,3,3,3,3,3,3,3,3,3,3,3,3,3,3,3,3,3,3,3,3,3,3,3,3,3
22,0,3,3,3,3,3,3,3,3,3,3,3,3,3,3,3,3,3,3,3,3,3,3,3,3,3,3,3,3,3,3,3,3
23,0,2,3,3,3,2,3,3,3,3,2,3,0,8,2,3,2,2,8,7,7,3,2,4,2,7,3,3,1,2,2,2,3
24,0,3,3,1,2,2,2,3,7,2,3,3,3,2,2,3,3,3,3,3,2,3,3,4,3,3,3,4,1,1,2,2,1
25,0,3,2,2,3,3,3,5,3,5,2,3,5,3,3,2,3,3,2,3,3,2,3,3,3,3,2,3,5,0,1,3,2
26,0,3,3,1,3,3,3,5,3,2,5,3,3,9,3,2,3,8,1,5,3,2,5,2,3,3,3,3,3,0,3,3,3
27,0,7,3,2,2,2,3,3,2,3,2,3,3,3,3,2,3,3,2,1,3,3,3,3,9,3,3,5,3,2,3,3,7
28,0,3,3,3,3,1,0,3,4,3,1,1,3,3,3,3,3,3,3,4,3,3,5,3,3,2,7,3,3,3,7,3,3
29,0,3,8,3,5,5,5,3,3,8,3,3,5,5,3,3,3,3,3,3,3,3,3,7,8,3,5,8,1,3,3,3,3
30,0,3,3,3,9,3,5,5,3,3,3,3,3,3,3,3,5,3,3,5,3,3,5,5,5,3,9,3,8,3,5,3,8
31,0,3,3,3,3,3,8,3,3,5,3,3,3,3,3,3,3,3,3,3,3,3,3,3,3,3,3,3,3,3,3,3,3
32,0,3,3,3,3,3,3,3,3,3,3,3,3,3,7,3,8,3,3,8,3,3,8,3,2,3,3,3,3,2,8,3,3
33,0,3,8,3,3,3,3,3,2,3,3,3,3,3,3,3,3,3,3,3,8,3,3,3,3,3,2,3,2,3,3,2,3
34,0,3,3,3,3,3,3,3,8,3,3,3,3,8,3,3,3,8,3,3,3,3,8,3,3,3,3,5,3,3,3,3,3
35,0,3,8,3,3,3,3,3,3,3,3,3,3,3,3,3,3,3,3,3,8,3,3,3,3,3,3,3,8,3,3,3,3
36,0,3,3,3,3,2,3,5,3,5,5,2,3,5,3,5,3,5,5,3,5,5,3,5,3,3,5,3,5,5,5,5,8
37,0,5,5,3,5,3,8,5,5,5,3,3,5,5,5,3,5,5,3,5,5,5,3,5,3,3,5,3,3,3,3,3,3
38,0,5,5,3,5,3,5,3,5,3,5,5,3,5,5,8,3,3,3,3,5,3,5,5,5,5,3,3,5,9,5,5,5
39,0,5,5,5,5,5,5,3,3,3,3,8,3,5,3,5,3,3,5,5,3,5,3,5,2,5,3,5,3,3,3,3,5
40,0,5,3,5,5,3,5,5,3,3,5,5,8,5,5,5,8,5,5,5,3,5,3,3,3,3,3,5,5,5,3,5,3
41,0,5,3,5,5,3,5,3,5,8,5,3,3,3,5,3,3,3,3,3,3,3,5,3,8,3,5,5,3,5,3,5,5
42,0,5,3,5,8,5,5,5,3,5,5,5,5,3,3,5,5,5,5,5,5,3,5,5,5,5,5,5,5,5,2,3,5
43,0,5,5,3,5,2,3,5,5,3,5,5,3,3,5,5,5,5,5,5,5,5,3,3,3,5,3,5,5,5,5,5,8
44,0,5,3,7,3,3,3,3,5,5,5,3,5,8,3,5,3,3,3,3,3,3,3,5,5,3,5,5,3,3,3,5,3
45,0,3,5,5,3,3,3,3,3,5,3,3,3,8,3,3,3,3,3,3,3,3,3,3,3,3,3,3,3,3,3,8,3
46,0,3,5,3,3,3,3,3,3,3,8,3,3,3,3,3,5,3,3,3,2,3,3,3,3,3,3,5,3,5,5,3,5
47,0,5,3,3,5,3,3,3,3,5,5,5,5,5,5,3,3,3,5,3,3,3,3,5,3,3,8,3,3,5,3,5,5
48,0,5,3,3,8,8,3,5,3,3,3,3,5,5,5,3,3,5,5,3,3,3,5,3,3,5,3,5,3,5,5,5,5
49,0,5,3,3,3,3,3,5,5,8,3,5,3,5,3,5,3,5,3,3,3,3,5,5,5,2,5,3,3,3,3,3,3
50,0,5,3,5,5,3,3,3,3,5,5,5,5,3,5,3,3,5,8,5,3,5,3,8,0,5,3,2,3,3,3,5,3
51,0,5,3,5,8,5,5,5,5,5,5,3,5,2,5,3,5,5,5,3,5,5,5,3,5,3,5,5,5,5,3,5,5
52,0,3,3,3,3,5,0,5,5,5,3,3,5,3,3,5,3,8,8,5,5,3,5,3,3,2,8,3,3,5,3,3,5
53,0,3,5,3,5,5,3,3,5,3,5,3,5,3,3,5,5,3,3,5,5,3,3,3,3,5,3,8,5,3,5,3,5
54,0,3,3,5,3,5,3,5,5,5,5,2,3,5,5,3,5,2,5,3,3,3,4,5,3,3,3,3,2,3,3,2,3
55,0,3,3,3,3,3,3,3,3,3,3,3,3,3,3,3,3,3,3,2,3,3,3,2,3,3,3,3,3,3,3,3,3
56,0,3,3,3,3,2,7,1,3,3,3,3,3,3,3,3,3,3,3,2,3,3,3,3,3,3,3,3,3,3,3,3,3
57,0,3,2,3,3,3,3,3,3,2,2,3,3,3,2,3,3,3,3,3,3,3,3,3,3,3,3,3,3,3,3,3,3
58,0,3,3,3,3,3,3,3,3,3,3,3,3,3,3,3,3,3,3,3,3,3,3,3,3,3,3,3,2,3,3,3,3
59,0,3,3,3,3,3,3,3,3,3,3,3,3,3,3,3,3,3,3,3,3,3,3,3,3,3,3,3,3,8,3,3,3
60,0,3,3,3,3,3,3,3,3,3,3,3,3,3,3,3,3,3,3,3,3,3,3,3,3,3,3,3,3,3,3,3,3
61,0,3,3,3,3,3,3,3,3,3,3,3,3,3,3,3,3,3,3,3,3,3,3,3,3,3,3,3,3,3,3,3,3
62,0,3,3,3,3,3,3,3,3,3,3,3,3,3,3,3,3,3,3,7,3,3,3,3,3,3,3,3,3,3,3,3,3
63,0,3,3,3,3,3,3,3,3,3,3,3,3,3,3,3,3,3,3,3,3,3,3,3,3,3,3,3,3,3,3,3,3
64,0,3,3,3,3,3,3,3,3,3,3,3,3,3,3,3,3,3,3,3,3,3,3,3,3,3,3,3,3,3,3,3,3
65,0,3,3,3,3,3,3,3,3,3,3,3,3,3,3,3,3,3,3,3,3,3,3,3,3,3,3,3,3,3,3,3,3
66,0,3,3,3,3,3,3,3,3,3,3,3,3,3,3,3,3,3,3,3,3,3,3,3,3,3,3,3,3,3,3,3,3
67,0,5,5,5,5,5,5,7,3,5,5,5,7,5,3,5,3,5,7,3,3,7,5,3,5,3,5,5,5,3,7,5,5
68,0,5,5,5,5,3,5,5,5,3,3,3,5,3,3,5,5,5,5,5,3,5,5,3,5,5,3,5,5,3,5,5,5
69,0,5,5,5,5,5,5,5,5,5,5,5,5,5,5,3,5,5,5,5,5,5,5,5,5,3,5,3,3,5,5,5,5
70,0,5,5,5,5,5,5,5,3,7,3,5,5,5,5,3,5,5,5,5,3,5,5,5,5,3,5,5,5,5,3,3,3
71,0,5,5,5,5,5,7,3,5,5,5,3,3,5,7,5,5,5,5,5,3,5,3,5,5,5,3,3,5,5,5,5,3
72,0,5,3,3,5,5,3,5,5,5,5,5,3,3,5,3,5,5,3,5,5,5,5,5,5,5,5,5,5,5,5,5,3
73,0,5,5,5,5,7,5,5,5,5,3,7,7,5,5,5,3,3,5,5,5,5,5,3,5,5,5,5,5,3,5,5,5
74,0,5,5,5,5,5,5,3,5,5,3,3,5,5,5,3,3,5,3,5,3,5,5,5,5,5,5,3,5,5,3,5,5
75,0,5,3,5,5,5,3,3,5,5,5,7,5,5,3,5,5,5,5,5,5,7,5,3,5,5,5,5,5,5,5,5,5
76,0,5,5,5,5,5,5,5,5,5,5,5,5,5,5,5,5,5,5,5,3,5,5,5,5,5,5,3,5,5,5,5,5
77,0,3,3,5,3,5,5,5,2,3,3,3,3,5,3,5,5,5,3,3,3,5,5,5,3,3,3,2,3,3,3,5,3
78,0,3,3,5,3,3,5,5,5,5,5,3,5,5,5,3,3,3,5,3,3,3,3,5,3,3,3,3,5,5,5,3,5
79,0,3,3,3,3,5,3,5,3,3,5,3,3,3,3,3,5,3,3,3,3,5,3,3,3,3,3,3,5,3,3,3,3
80,0,3,5,3,3,3,5,3,3,3,3,3,3,3,5,3,5,5,3,3,3,3,3,5,3,5,5,3,3,5,5,5,3
81,0,3,3,3,3,3,5,5,5,3,3,5,3,5,5,8,5,5,3,5,5,3,3,2,2,3,3,5,5,3,5,3,3
82,0,3,3,5,5,3,5,3,5,5,5,5,3,5,3,5,5,3,3,3,5,5,5,5,3,5,5,5,5,5,5,3,5
83,0,3,3,3,2,3,3,3,3,3,3,3,3,3,3,3,3,3,3,3,3,3,3,3,3,3,3,3,3,3,3,3,3
84,0,3,3,3,3,3,3,3,3,3,3,3,3,3,3,3,3,3,3,3,3,3,3,3,3,3,3,3,3,3,3,3,3
85,0,3,3,3,3,3,3,3,3,3,5,3,3,3,3,3,3,3,5,5,3,3,3,3,3,3,3,3,3,3,3,3,3
86,0,3,3,3,3,3,3,3,3,3,3,3,3,3,3,3,3,3,3,3,3,3,3,3,3,3,3,3,3,3,3,3,3
87,0,3,3,3,3,3,3,3,3,5,3,3,3,3,3,5,3,3,3,3,3,3,3,3,2,3,3,5,3,5,3,3,1
88,0,3,3,3,3,3,3,3,3,3,3,3,3,3,3,3,3,3,3,3,3,3,3,3,3,3,3,3,3,3,3,3,3
89,0,3,3,3,3,3,3,3,3,3,3,3,3,3,3,3,3,3,3,3,3,3,3,3,3,3,3,3,3,3,3,3,3
90,0,3,3,3,3,3,3,8,3,3,3,3,3,3,3,3,3,3,3,3,3,3,5,3,3,3,3,3,3,3,3,3,3
91,0,3,3,3,3,3,3,3,3,2,3,3,3,3,3,3,3,3,3,3,3,3,3,3,3,3,3,3,3,3,3,3,3
92,0,3,3,3,3,3,3,3,3,3,3,3,3,3,3,3,3,3,3,3,3,3,3,3,3,3,3,3,5,3,3,3,3
93,0,5,3,3,3,3,3,3,3,3,3,3,3,3,3,3,3,5,3,3,3,3,3,3,3,3,3,3,3,3,3,3,3
94,0,3,3,3,3,3,3,3,3,5,3,3,3,3,3,3,3,3,3,3,3,3,3,3,3,3,3,3,3,3,3,3,3
95,0,3,3,3,3,3,3,3,3,3,3,3,3,3,3,3,3,3,3,3,3,3,3,3,3,3,3,3,3,3,3,3,3
96,0,3,3,3,3,3,3,3,3,3,3,3,3,3,3,3,3,3,3,3,5,3,3,3,3,3,3,3,3,3,3,3,3
97,0,3,3,3,3,3,3,3,3,3,3,3,3,3,3,3,3,3,3,3,3,3,3,3,3,3,3,3,3,3,3,3,3
98,0,3,3,3,3,3,3,3,3,3,3,3,3,3,3,3,3,3,3,3,3,8,3,3,3,3,3,3,3,3,3,3,3
99,0,5,5,3,5,3,3,3,3,3,3,5,3,3,3,5,3,3,3,3,5,3,3,3,5,3,3,3,5,3,3,3,5
100,0,5,5,5,5,5,5,5,5,3,5,3,5,3,5,5,5,5,5,5,3,5,5,5,5,5,5,5,3,3,3,5,5
101,0,5,3,3,5,5,5,3,3,5,5,3,5,5,3,5,3,3,5,5,5,3,5,3,5,3,5,5,3,3,5,5,5
102,0,5,3,3,5,3,5,3,5,3,5,3,3,3,3,3,3,3,3,3,3,3,3,5,3,3,3,5,3,3,3,3,3
103,0,3,3,3,5,3,3,3,5,3,3,3,3,3,3,3,5,5,3,5,3,3,3,5,3,3,3,3,3,3,3,5,5
104,0,5,3,5,5,5,5,3,5,5,5,5,3,8,3,5,3,5,5,5,3,3,3,5,8,3,3,5,3,3,5,5,3
105,0,5,5,5,5,5,3,5,5,5,5,5,5,5,3,5,3,5,3,5,5,5,3,3,5,5,5,3,5,3,5,5,5
106,0,5,5,3,5,3,5,5,5,5,5,3,3,3,9,3,5,3,3,3,5,5,5,3,3,5,3,3,5,5,5,5,5
107,0,5,3,5,3,3,5,3,3,5,5,3,5,3,3,5,3,5,3,5,3,5,5,3,3,3,5,3,5,5,5,3,3
108,0,5,5,5,3,3,5,3,5,5,3,5,3,3,3,3,3,5,5,3,3,3,3,3,3,5,3,5,3,5,3,3,5
109,0,5,5,5,3,3,3,3,3,3,5,3,3,3,5,5,5,5,3,3,5,3,3,3,3,3,3,3,5,5,5,3,5
110,0,3,3,3,3,3,3,5,3,3,3,3,3,3,3,3,3,3,3,3,3,5,3,3,3,3,5,3,3,3,3,3,5
111,0,3,3,3,3,3,3,3,3,3,3,3,3,3,3,3,3,3,3,3,3,3,3,3,3,3,3,3,3,3,3,3,3
112,0,3,3,3,3,3,3,3,3,3,3,3,3,3,3,3,3,3,3,3,3,3,3,3,5,3,3,3,3,3,3,3,3
113,0,3,3,3,3,3,3,3,3,3,3,3,3,3,3,3,3,3,3,3,3,3,3,3,3,3,3,3,3,3,3,3,3
114,0,3,3,3,3,3,3,3,2,3,3,3,3,3,3,3,3,3,3,3,3,3,3,3,3,3,3,3,3,3,3,3,3
115,0,3,3,3,3,3,3,3,3,3,3,3,3,3,3,3,3,3,3,3,3,3,3,3,3,3,3,3,3,3,3,3,3
116,0,3,3,3,3,3,3,3,3,3,3,3,3,3,3,3,3,3,3,3,3,3,3,3,3,3,3,3,3,3,3,3,3
117,0,3,3,3,3,3,3,5,3,3,3,3,3,3,3,3,3,3,3,3,3,3,3,3,3,3,3,3,3,3,3,3,3
118,0,3,3,3,3,3,3,3,3,3,3,3,3,3,3,3,3,3,3,3,3,3,3,3,3,3,3,3,3,3,3,3,3
119,0,3,3,3,3,3,3,3,3,3,3,3,3,3,3,3,3,3,3,3,3,3,3,3,3,3,3,3,3,3,3,3,3
120,0,3,2,3,3,3,3,3,3,3,3,3,3,3,3,3,3,3,3,3,3,3,3,3,3,3,3,3,3,3,3,3,3
121,0,3,3,3,3,3,3,5,3,3,3,3,3,3,3,3,3,3,5,3,3,3,3,3,3,5,3,3,3,3,3,3,3
122,0,3,3,3,3,3,3,3,3,3,3,3,3,3,3,3,3,3,3,3,3,3,3,3,5,3,3,3,3,3,3,3,3
123,0,3,3,3,3,3,3,3,3,3,3,3,3,3,3,3,3,3,3,3,3,3,3,3,3,3,3,3,3,3,3,3,3
124,0,3,3,3,3,3,3,3,3,3,3,3,3,3,3,3,3,3,3,3,3,3,3,3,3,3,3,3,3,3,3,3,3
125,0,3,3,3,3,3,3,3,3,5,5,3,3,3,5,3,3,3,3,3,3,3,3,3,3,3,3,3,3,3,3,3,3
126,0,3,3,3,3,3,3,3,3,3,3,3,3,3,3,3,3,3,3,3,3,3,3,3,3,3,3,3,3,3,3,3,3
127,0,3,5,3,3,3,3,3,3,3,3,3,3,3,3,3,3,3,3,3,3,3,3,3,3,3,3,3,3,3,3,3,3
128,0,3,3,3,3,3,3,3,3,3,3,3,3,5,3,3,3,3,3,3,3,3,3,3,3,3,3,3,3,3,3,3,3
129,0,3,3,3,3,3,3,3,3,3,3,3,3,3,3,5,3,3,3,3,3,3,3,3,3,3,3,3,3,3,3,3,3
130,0,3,3,3,3,3,3,3,3,3,3,3,3,3,3,3,3,3,3,3,3,3,3,3,3,3,3,3,3,3,3,3,3
131,0,3,3,3,3,3,3,3,3,3,3,3,3,3,3,3,3,3,3,3,3,3,3,3,3,3,3,3,3,3,3,3,3
132,0,3,3,3,3,3,3,3,3,3,3,3,3,3,3,3,3,3,3,3,3,3,3,3,3,3,3,3,3,3,3,3,3
133,0,3,3,3,3,3,3,3,3,3,3,3,3,3,3,3,3,3,3,3,3,3,3,3,3,3,3,3,3,3,3,3,3
134,0,3,3,3,3,3,3,3,3,3,3,3,3,3,3,3,3,3,3,3,3,3,3,3,3,3,3,3,3,3,3,3,3
135,0,3,3,3,3,3,5,3,3,3,3,3,3,3,3,3,3,3,3,3,3,3,3,3,3,3,3,3,3,3,3,3,3
136,0,3,3,3,5,3,3,3,3,3,3,3,3,3,3,3,3,3,3,3,3,3,3,3,3,3,3,3,3,3,3,3,3
137,0,3,3,3,3,3,3,3,3,5,3,3,3,3,3,3,5,7,3,3,3,3,3,3,3,3,3,3,3,3,3,3,3
138,0,3,3,3,3,5,3,3,3,3,3,3,3,3,3,3,3,3,3,3,3,3,3,3,3,3,3,3,3,3,3,5,3
139,0,3,3,3,3,5,5,5,3,5,3,3,5,3,3,3,3,5,3,3,5,5,3,3,3,3,5,5,5,5,5,0,3
140,0,5,3,5,5,3,5,5,5,5,3,5,5,3,3,5,5,5,5,5,5,5,5,5,5,5,5,5,5,5,5,5,5
141,0,5,3,5,3,3,3,3,5,5,5,5,3,3,5,5,5,5,5,5,5,5,5,3,3,3,5,5,5,5,3,3,3
142,0,3,3,3,5,5,5,3,3,3,3,2,3,3,3,3,3,3,3,3,3,3,3,5,3,3,3,3,3,3,3,3,3
143,0,3,3,3,3,3,5,3,3,3,3,5,3,3,3,3,3,3,3,3,3,3,3,5,3,3,3,3,3,3,3,0,3
144,0,3,3,3,3,3,3,3,3,3,3,3,3,3,3,3,3,3,3,5,3,3,3,3,3,3,5,3,3,3,5,3,5
145,0,3,3,3,2,3,3,3,5,3,3,3,3,3,3,3,3,3,3,5,3,3,5,3,3,3,3,3,3,3,3,3,3
146,0,3,3,3,3,3,3,3,3,5,3,3,3,3,3,3,3,3,3,5,3,5,3,3,3,3,3,3,3,3,3,3,2
147,0,3,3,3,3,3,3,3,3,5,3,3,3,3,3,5,3,3,3,3,3,5,3,5,3,3,3,3,3,3,3,3,3
148,0,3,5,3,3,3,3,3,3,3,5,5,5,3,5,5,3,3,5,3,3,3,3,3,3,5,3,3,3,3,5,3,3
149,0,3,3,3,5,3,3,3,3,5,3,3,3,3,3,3,3,3,3,3,3,3,3,3,5,3,3,5,3,5,3,3,5
150,0,3,5,3,5,0,3,5,3,3,3,3,3,5,3,5,3,5,3,3,5,3,3,3,5,5,5,3,3,3,5,5,3
151,0,3,3,3,3,5,5,5,5,3,3,5,3,3,5,3,5,5,3,3,3,3,5,3,5,3,3,5,3,3,3,5,3
152,0,3,3,3,3,3,3,3,5,3,5,5,2,3,3,3,3,3,5,3,3,3,3,3,3,3,2,4,3,3,3,5,3
153,0,2,5,2,2,2,5,2,3,3,2,3,3,2,3,3,3,2,3,2,3,2,5,3,3,3,3,3,3,3,2,3,3
154,0,3,3,3,2,3,3,3,3,3,3,3,3,3,3,3,3,3,3,3,3,3,3,5,3,3,3,3,3,3,3,3,3
155,0,3,5,5,3,3,3,3,3,3,5,3,3,3,3,3,3,3,5,3,3,3,3,3,3,3,3,3,3,3,5,3,3
156,0,3,3,5,3,3,3,3,3,5,3,3,3,3,3,2,3,3,3,3,3,3,3,3,5,5,3,3,3,5,5,5,3
157,0,3,3,5,3,3,3,3,3,3,3,3,3,3,3,3,3,3,3,5,3,3,3,3,3,3,3,3,3,3,3,3,3
158,0,3,3,3,3,3,3,3,3,3,3,3,3,3,3,5,3,5,3,3,3,5,3,2,3,5,5,3,3,3,3,3,5
159,0,5,2,3,5,5,3,5,3,2,5,3,5,3,5,8,5,3,3,5,3,3,3,3,3,5,5,5,3,5,5,5,5
160,0,3,3,5,5,3,3,3,3,3,5,3,3,3,7,3,3,3,3,3,3,3,3,3,3,3,3,3,3,3,3,3,3
161,0,3,3,3,5,3,3,3,3,8,3,3,5,5,3,3,3,2,2,3,5,5,2,3,5,5,5,3,3,3,3,3,5
162,0,3,5,8,3,5,3,5,3,5,3,3,3,3,3,3,3,5,3,5,5,5,3,5,5,3,3,3,3,5,3,3,5
163,0,3,3,3,3,3,3,3,3,3,3,3,3,3,3,3,3,3,3,3,2,3,3,5,8,3,3,3,2,3,3,3,3
164,0,3,5,3,3,3,3,3,3,3,3,3,3,3,3,3,3,3,2,3,3,3,3,3,3,3,5,3,3,3,3,3,5
165,0,3,3,3,3,3,3,3,3,3,3,3,3,3,3,3,3,3,3,3,3,3,3,3,3,3,3,3,3,5,3,3,3
166,0,3,3,3,3,3,3,3,3,3,3,3,3,3,3,3,3,3,3,3,3,3,3,3,3,3,3,3,3,3,3,3,3
167,0,3,3,3,3,3,3,3,3,3,3,3,3,3,3,3,3,3,3,3,3,3,3,3,3,2,3,3,3,3,3,3,7
168,0,3,3,3,3,3,3,3,3,3,3,3,3,3,3,3,3,3,3,2,3,3,3,3,3,3,3,3,3,3,3,3,3
169,0,3,3,3,3,3,3,3,3,3,3,3,3,3,3,3,3,3,3,3,3,3,3,3,3,2,3,3,3,3,3,3,3
0,1,3,3,3,3,3,3,3,3,3,3,8,3,3,3,3,3,3,3,3,3,3,3,3,3,3,3,3,3,3,3,3,3
1,1,3,3,3,3,3,3,3,3,3,3,3,3,3,3,3,3,3,3,3,3,3,3,3,3,3,3,3,3,3,3,3,3
2,1,3,3,3,3,3,3,3,3,3,3,3,3,3,3,3,3,3,3,3,3,3,3,3,3,3,3,3,3,3,3,3,3
3,1,3,3,3,3,3,3,3,3,3,3,3,3,3,3,3,3,3,3,3,2,3,3,3,3,3,3,3,3,3,3,3,3
4,1,3,3,3,3,3,3,3,3,3,3,3,3,3,3,3,3,3,5,3,3,3,3,3,3,3,3,3,3,3,3,3,3
5,1,3,3,3,3,3,3,3,3,3,3,3,3,3,3,3,2,3,3,3,3,3,3,3,3,5,3,3,3,3,3,3,3
6,1,3,3,3,3,3,3,3,3,3,3,5,5,3,3,3,3,3,3,3,3,5,3,3,3,3,5,3,3,3,3,3,3
7,1,3,3,3,3,3,3,3,3,3,3,3,3,3,3,3,3,3,3,2,3,3,3,3,3,3,3,3,3,3,3,3,3
8,1,3,3,3,3,3,3,3,3,3,3,3,3,3,3,3,3,3,3,3,3,3,3,3,3,3,3,3,3,3,3,3,3
9,1,3,3,3,3,3,3,3,3,3,3,3,3,3,3,3,3,3,3,3,3,3,3,3,3,3,3,3,3,3,3,3,3
10,1,3,3,3,3,3,3,3,3,3,3,3,3,3,3,3,3,3,3,3,3,3,3,3,3,3,3,3,3,3,3,3,3
11,1,3,3,3,3,3,3,3,3,3,3,3,3,3,3,3,3,3,3,3,3,3,3,3,3,3,3,3,3,3,3,3,3
12,1,3,3,3,3,3,3,3,3,3,3,5,3,3,3,3,3,3,3,3,3,3,3,3,3,3,3,5,3,3,3,3,3
13,1,3,3,3,3,3,3,3,3,3,3,3,3,5,3,3,3,3,3,5,3,3,3,3,3,3,3,3,3,3,3,3,3
14,1,3,3,3,3,3,3,3,3,3,3,3,3,3,3,3,3,3,3,3,3,7,3,5,3,3,3,3,3,3,3,3,3
15,1,3,3,3,3,3,3,3,5,3,3,3,3,3,3,3,3,3,3,3,3,3,3,3,3,3,3,3,3,3,3,3,3
16,1,3,3,3,5,3,3,3,3,3,5,5,3,3,5,3,3,3,3,3,3,3,3,5,3,3,3,3,3,3,5,3,3
17,1,3,3,3,3,3,3,3,3,3,3,3,3,3,3,3,3,3,3,3,3,3,3,5,3,3,3,3,3,3,3,3,3
18,1,3,3,5,3,3,5,5,3,3,3,3,3,3,3,7,3,5,5,3,3,5,3,5,5,5,5,3,3,3,3,5,3
19,1,3,3,5,3,3,3,5,3,3,3,3,3,3,3,3,3,3,3,3,3,3,3,5,3,3,5,3,3,3,3,3,3
20,1,3,3,3,3,3,3,3,3,3,3,3,3,3,3,3,3,3,3,3,3,3,3,3,3,3,3,3,3,3,3,3,3
21,1,3,3,3,3,3,3,3,3,3,3,3,3,3,3,3,3,5,3,3,3,3,3,3,3,3,3,3,3,3,3,3,5
22,1,5,3,3,3,3,3,3,3,3,3,3,3,3,5,3,5,3,3,3,5,3,3,3,3,3,5,3,3,3,3,3,3
23,1,3,3,3,3,3,3,5,5,3,3,3,3,3,3,3,3,3,3,3,3,3,3,3,3,3,3,3,5,3,3,3,3
24,1,3,3,3,3,3,3,3,3,3,3,3,3,3,3,3,3,3,3,3,3,3,3,3,3,3,3,3,3,3,3,3,3
25,1,3,3,3,3,3,3,3,3,3,3,3,3,3,3,3,3,3,3,3,3,3,3,3,3,3,3,3,5,3,3,3,3
26,1,3,3,3,3,3,3,3,3,3,3,3,3,3,3,3,3,3,3,3,3,3,3,3,3,3,3,3,3,3,3,3,3
27,1,3,3,3,3,3,3,3,3,3,3,3,3,3,3,3,3,3,3,3,3,3,3,3,3,3,3,3,3,3,3,3,3
28,1,3,3,3,3,3,3,3,3,3,3,3,3,3,3,3,3,3,3,3,3,3,3,3,3,3,3,3,3,3,3,3,3
29,1,3,3,3,3,3,3,3,3,3,3,3,3,3,3,3,3,3,3,3,3,3,3,3,3,3,3,3,3,3,3,3,3
30,1,3,3,3,3,3,3,3,3,3,3,3,3,3,3,3,3,3,3,3,3,3,5,3,3,3,3,3,3,3,3,3,3
31,1,3,3,3,5,3,3,3,3,5,3,3,5,3,3,3,3,5,3,3,3,5,3,3,3,5,5,3,3,5,5,3,3
32,1,3,3,3,3,3,3,3,3,5,3,3,3,3,3,3,3,3,3,3,3,3,3,3,5,3,3,3,3,3,3,3,3
33,1,5,5,3,3,5,3,5,3,5,5,5,5,5,5,3,3,5,3,5,3,3,5,3,5,3,5,5,5,5,3,3,3
34,1,5,5,3,5,3,3,5,5,3,3,5,5,5,5,5,3,5,3,5,3,3,3,3,5,5,3,3,5,3,3,5,5
35,1,5,5,5,5,5,3,3,5,5,3,5,5,5,3,5,5,5,5,3,5,5,5,5,3,5,5,3,5,5,5,3,5
36,1,5,3,5,3,3,3,5,3,5,5,3,3,3,3,3,3,3,5,3,3,3,3,5,5,3,3,3,3,5,3,3,3
37,1,3,3,3,3,3,3,5,3,3,3,3,3,5,3,3,3,5,3,3,3,3,3,3,3,3,3,3,3,5,3,3,3
38,1,3,3,3,3,3,3,3,3,3,3,3,3,3,3,3,3,3,3,3,3,3,3,3,3,3,3,3,3,3,3,3,3
39,1,3,3,3,3,3,3,3,3,3,3,3,3,3,3,3,3,3,5,3,5,3,3,3,3,3,3,3,3,3,3,3,3
40,1,3,3,3,3,3,3,3,3,3,3,3,3,3,3,3,3,3,3,3,3,3,3,3,3,3,3,3,3,3,3,3,3
41,1,3,3,3,3,3,3,3,3,3,3,3,3,3,3,3,3,3,3,3,3,3,3,3,3,3,3,3,3,3,3,3,3
42,1,3,3,3,3,3,3,3,3,3,3,3,3,3,3,5,3,3,3,3,3,3,3,3,3,3,3,3,3,3,3,3,3
43,1,3,3,3,3,3,3,3,3,3,3,3,3,3,3,3,3,3,3,3,3,3,3,3,5,5,3,3,3,5,3,3,3
44,1,3,3,3,3,3,3,3,3,3,3,3,3,3,3,5,3,3,3,3,5,3,3,3,3,3,3,3,3,3,3,5,3
45,1,3,3,3,3,3,3,3,3,3,3,3,3,3,3,3,3,3,3,3,3,3,3,3,3,3,3,3,3,3,3,3,3
46,1,3,3,3,3,3,3,3,3,3,3,3,3,3,3,3,3,3,3,3,3,5,3,3,3,3,3,3,3,3,3,3,3
47,1,3,5,3,5,3,3,5,3,3,3,3,5,3,3,3,3,5,3,3,3,3,3,3,5,3,3,3,3,3,3,3,5
48,1,3,3,3,3,3,3,3,3,3,3,3,3,3,3,3,3,3,3,3,3,3,3,3,3,3,3,3,3,3,3,3,3
49,1,5,3,3,5,3,5,5,3,5,3,3,3,3,3,3,3,3,5,5,3,3,3,5,5,5,3,3,3,3,5,3,3
50,1,5,3,5,3,5,3,5,5,5,5,5,5,5,5,5,5,5,5,5,3,5,5,5,5,5,5,5,5,5,5,5,5
51,1,5,5,5,5,5,3,5,5,3,3,5,3,5,5,5,5,3,5,5,5,3,5,5,5,5,5,3,5,5,5,5,5
52,1,5,5,5,5,5,5,5,5,5,3,5,3,5,5,5,5,5,5,5,5,5,3,5,3,5,5,5,5,5,5,5,5
53,1,5,3,5,5,3,5,5,5,5,3,5,5,5,5,5,5,5,5,3,5,5,5,3,3,5,3,5,5,3,5,5,5
54,1,5,5,3,5,3,5,3,5,5,5,3,5,5,5,5,5,3,3,5,5,5,5,3,3,3,5,5,5,5,5,5,5
55,1,3,3,3,3,5,5,3,3,5,3,3,3,3,3,5,3,3,5,5,5,5,3,3,5,3,3,3,3,3,3,3,3
56,1,3,3,5,3,3,3,3,3,3,3,5,3,3,5,3,5,3,3,5,3,3,3,5,3,5,5,5,3,3,3,3,3
57,1,3,3,3,3,3,3,3,3,3,3,3,3,3,3,5,3,3,3,3,3,3,3,3,3,3,3,3,3,3,3,3,3
58,1,3,3,3,3,3,3,3,3,3,3,3,3,3,3,3,3,3,3,3,3,3,3,3,3,3,3,3,3,3,3,3,3
59,1,3,3,3,3,3,3,3,3,3,3,3,3,3,3,3,3,3,3,3,3,3,3,3,3,3,3,3,3,3,3,3,3
60,1,3,3,3,3,3,3,3,3,3,3,3,3,3,3,3,3,3,3,3,3,3,3,3,3,3,3,3,3,3,3,3,3
61,1,3,3,3,3,3,3,3,3,3,3,3,3,3,3,3,3,3,3,3,3,3,3,3,3,3,3,3,3,3,3,3,3
62,1,3,3,3,3,3,3,3,3,3,3,3,3,3,3,3,3,3,3,3,3,3,3,3,3,3,3,3,3,3,3,3,3
63,1,3,3,3,3,3,3,3,3,3,3,3,3,3,3,3,3,3,3,3,3,3,3,3,3,3,3,3,3,3,3,3,3
64,1,3,3,3,3,3,3,3,3,3,3,3,3,3,3,3,3,3,3,3,3,3,3,3,3,3,3,3,3,3,3,3,3
65,1,3,3,3,3,3,3,3,3,3,3,3,3,3,3,3,3,3,3,3,3,3,3,3,3,3,3,3,3,3,3,3,3
66,1,3,3,3,3,3,3,3,3,3,3,3,3,3,3,3,3,3,3,3,3,3,3,3,3,3,3,3,3,3,3,3,3
67,1,3,3,3,3,3,3,3,3,3,3,3,3,3,3,3,3,3,3,3,3,3,3,3,3,3,3,3,3,3,3,3,3
68,1,3,3,3,3,3,3,3,3,3,3,3,3,3,3,3,3,3,3,3,3,3,3,3,3,3,3,3,3,3,3,3,3
69,1,3,3,3,3,3,3,3,3,3,3,3,3,3,3,3,3,3,3,3,3,3,3,3,3,3,3,3,3,3,3,3,3
70,1,3,3,3,3,3,3,3,3,3,3,3,3,3,3,3,3,3,3,3,3,3,3,3,3,3,3,3,3,3,3,3,3
71,1,3,3,3,3,3,3,3,3,3,3,3,3,3,3,3,3,3,3,3,3,3,3,3,5,3,3,3,3,3,5,3,3
72,1,3,3,3,3,3,3,3,3,3,3,3,3,3,3,3,3,3,3,3,3,3,3,3,3,3,3,3,3,3,3,3,3
73,1,3,3,3,3,3,3,3,3,3,3,3,3,5,3,3,3,3,3,3,3,3,5,3,3,3,3,3,3,3,3,3,3
74,1,3,3,3,3,3,3,3,3,3,3,3,3,3,3,3,3,3,3,3,3,3,3,3,3,3,3,3,3,3,3,3,3
75,1,3,3,3,3,3,3,3,3,3,3,3,3,3,3,3,3,3,3,3,3,3,3,3,3,3,3,3,3,3,3,3,3
76,1,3,3,3,3,3,3,3,3,3,3,3,3,3,3,3,3,3,3,3,3,3,3,3,3,3,3,3,3,3,3,3,3
77,1,3,3,3,3,3,3,3,3,3,3,3,3,3,3,3,3,3,3,3,3,3,3,3,3,3,3,3,3,3,3,3,3
78,1,3,3,3,3,3,3,3,3,3,3,3,3,3,3,3,3,7,3,3,3,3,3,3,3,3,3,3,3,3,3,3,3
79,1,3,3,3,3,3,3,3,3,7,3,3,3,3,3,3,3,3,7,7,3,2,3,3,3,3,3,3,3,3,3,3,3
80,1,3,3,3,3,3,3,3,3,3,3,3,3,3,3,3,3,3,3,3,3,3,3,3,3,3,3,3,3,3,3,7,3
81,1,3,3,7,3,3,3,3,3,3,3,3,3,3,3,3,3,7,3,3,3,3,7,3,3,3,3,3,3,3,3,7,3
82,1,3,3,3,3,3,3,7,3,3,3,3,3,3,3,3,3,3,3,3,3,3,3,3,3,3,3,3,3,3,3,3,3
83,1,3,3,3,3,3,3,3,3,3,3,3,3,3,3,3,3,7,3,3,3,3,2,3,3,3,3,7,3,3,3,3,7
84,1,3,3,3,3,3,3,3,3,3,3,7,3,3,3,3,3,3,3,3,3,3,3,3,3,3,3,3,3,3,3,3,3
85,1,3,3,3,3,3,3,3,3,3,3,3,3,3,3,3,3,3,3,3,3,3,3,3,5,3,3,3,3,3,3,3,3
86,1,3,3,3,7,3,3,3,3,3,3,3,3,3,3,3,5,3,3,3,3,3,3,3,3,3,3,3,3,3,3,3,3
87,1,3,3,3,3,3,3,3,3,3,3,3,3,3,3,3,3,3,3,3,3,3,3,3,3,3,3,3,3,3,3,3,3
88,1,3,3,3,3,3,3,3,3,3,3,3,3,3,3,3,3,3,3,3,5,3,3,3,3,3,3,3,3,3,3,3,3
89,1,3,3,3,7,3,3,3,3,3,3,3,3,2,3,3,3,3,3,3,3,3,3,3,3,3,3,3,3,3,3,3,3
90,1,3,3,3,3,3,3,3,3,3,3,3,3,3,3,3,3,3,3,3,3,3,3,3,3,3,3,3,3,3,3,3,3
91,1,3,3,3,3,3,3,3,3,3,3,3,3,3,3,3,3,3,3,3,3,3,3,3,3,3,3,3,3,3,3,3,3
92,1,3,3,3,3,3,3,3,3,3,3,3,3,3,3,3,3,3,3,3,3,3,3,3,3,3,3,3,3,3,3,3,3
93,1,3,3,3,3,3,3,3,3,3,3,3,3,3,3,3,3,3,3,3,3,3,3,3,3,3,3,7,3,3,3,3,3
94,1,3,3,3,3,7,3,7,3,3,3,3,3,3,3,3,3,3,3,3,3,7,3,3,3,3,3,3,3,3,3,3,3
95,1,3,3,3,3,3,3,3,3,3,3,3,3,3,3,3,3,3,3,3,3,3,3,3,3,3,3,3,3,3,3,3,3
96,1,3,3,3,3,3,3,3,3,3,3,3,3,3,3,3,3,3,3,3,3,3,3,3,3,3,3,3,7,3,3,3,3
97,1,3,3,3,3,3,3,3,3,3,3,3,3,3,3,3,3,3,3,3,3,3,3,3,3,3,3,3,3,3,3,3,3
98,1,3,3,3,3,3,3,3,3,3,3,3,3,3,3,3,3,3,2,3,3,3,3,3,3,3,3,3,3,3,3,3,3
99,1,3,3,3,3,2,3,3,3,3,3,2,3,3,3,3,3,3,3,3,3,7,3,3,3,3,3,3,3,3,3,3,3
100,1,3,3,3,3,3,3,3,3,3,3,3,3,3,3,3,7,3,3,3,3,3,3,3,3,3,3,3,3,3,3,3,3
101,1,3,3,3,3,3,3,3,3,3,3,3,3,3,3,3,3,3,3,3,3,5,3,3,3,3,3,3,3,3,3,3,3
102,1,3,3,3,3,3,3,3,3,3,3,3,3,3,3,3,3,3,3,3,3,3,3,3,3,3,3,3,3,3,3,3,3
103,1,3,3,3,3,3,3,3,3,3,3,3,3,3,3,3,3,3,2,3,3,3,3,3,3,3,3,3,3,3,3,3,3
104,1,3,3,3,3,3,3,3,3,3,3,3,3,3,5,3,3,3,3,3,3,3,3,3,3,3,3,3,3,3,3,3,3
105,1,3,3,3,3,3,3,3,7,3,3,3,7,3,3,3,3,3,3,3,3,3,3,3,3,3,3,3,2,3,7,3,3
106,1,3,3,3,3,3,5,3,3,3,3,3,3,3,3,3,3,3,3,3,3,3,3,3,3,3,5,3,3,3,3,3,3
107,1,3,3,3,3,3,3,3,3,3,3,3,3,3,3,3,3,3,3,3,3,3,3,3,3,3,3,3,3,3,3,3,3
108,1,3,3,3,3,3,3,3,3,3,3,3,3,3,3,3,3,3,3,3,3,3,3,3,3,3,3,3,3,3,3,3,3
109,1,3,3,3,3,5,3,3,3,3,3,3,3,3,3,3,3,5,3,3,3,3,3,3,3,3,3,5,3,3,3,3,3
110,1,3,3,3,3,3,3,3,3,3,3,3,3,3,3,3,3,3,3,3,3,3,3,3,3,3,3,3,3,3,3,3,3
111,1,3,3,3,5,3,3,3,3,3,3,3,3,5,5,3,3,3,3,5,3,3,3,3,3,3,3,3,3,3,3,3,5
112,1,5,5,5,5,5,3,5,5,5,3,5,5,5,5,3,5,5,5,5,5,5,5,5,5,5,5,5,5,3,5,5,5
113,1,5,5,5,5,5,5,5,3,3,5,5,2,5,5,3,5,5,5,5,5,5,7,5,5,5,5,5,5,5,5,5,5
114,1,5,5,5,5,5,5,5,5,5,5,5,5,5,5,5,5,5,5,5,2,5,5,5,5,3,5,5,5,5,5,5,5
115,1,5,5,5,5,5,5,5,5,3,5,5,5,5,5,5,5,5,5,5,5,5,3,5,5,5,5,3,5,5,5,5,5
116,1,5,5,5,5,3,5,5,5,5,5,5,5,5,5,5,5,3,5,5,5,5,5,5,5,5,3,5,3,5,5,5,5
117,1,5,5,5,5,5,3,5,5,5,5,5,5,5,5,5,5,5,5,5,5,3,5,5,5,5,5,5,5,5,5,5,3
118,1,5,5,5,5,5,5,5,5,5,5,5,5,5,3,5,5,5,3,5,5,5,5,5,5,5,5,5,3,5,5,5,3
119,1,5,5,5,5,5,5,5,5,5,5,5,3,5,5,3,5,3,5,3,3,5,5,5,5,5,5,5,3,5,3,5,5
120,1,5,5,3,5,5,5,5,5,5,5,5,5,5,5,5,5,5,5,5,5,5,5,5,5,5,3,5,5,5,5,5,3
121,1,5,5,5,3,5,3,5,5,5,5,5,5,5,5,5,3,3,5,5,5,5,5,5,3,5,5,5,5,5,5,5,3
122,1,5,5,5,3,5,5,5,5,5,5,5,3,3,5,5,5,5,5,5,5,5,5,5,3,5,5,5,5,5,5,5,3
123,1,5,5,5,3,5,5,3,3,5,5,5,5,3,5,5,5,3,5,5,5,5,3,5,3,5,5,5,5,5,3,5,5
124,1,5,5,5,5,5,5,5,5,5,5,5,5,5,3,5,5,5,5,5,5,5,5,5,5,5,5,3,5,5,5,5,3
125,1,5,3,5,5,5,5,3,5,5,5,5,5,5,5,5,5,5,5,3,3,3,5,5,5,5,5,5,3,5,5,5,5
126,1,5,5,5,5,5,5,5,5,5,3,5,5,5,5,5,5,5,3,5,5,5,3,5,5,5,5,5,5,5,5,5,5
127,1,5,5,5,5,5,5,5,5,5,5,5,5,5,5,5,5,5,5,3,5,5,5,5,5,5,3,5,5,5,5,5,5
128,1,5,5,5,5,5,5,5,5,5,5,5,5,5,5,5,5,5,5,5,3,5,5,5,2,5,5,5,5,5,5,5,5
129,1,5,5,3,5,5,5,5,5,5,5,5,5,5,5,5,5,5,5,5,5,5,5,3,3,5,3,5,5,5,5,5,5
130,1,5,5,5,5,5,3,5,5,5,3,3,5,3,5,3,5,5,5,5,3,5,5,5,5,5,5,3,3,5,5,5,5
131,1,5,5,5,5,5,5,3,5,5,5,5,5,3,5,5,5,5,5,5,3,5,3,5,5,5,5,5,5,5,3,3,3
132,1,5,5,5,5,5,5,5,5,5,3,5,5,5,5,3,5,5,5,5,5,5,5,5,5,5,5,5,5,5,5,5,5
133,1,5,5,3,5,5,5,5,5,5,5,3,5,5,5,5,5,5,5,5,3,5,5,3,3,5,5,5,3,3,5,5,5
134,1,5,5,3,5,5,3,5,5,5,5,5,5,5,5,5,5,3,5,5,5,5,3,5,3,5,3,3,5,5,5,5,5
135,1,5,5,5,5,5,5,5,3,5,3,5,5,5,5,5,3,3,3,5,5,5,5,5,5,5,3,5,5,3,3,5,5
136,1,5,5,5,3,3,3,5,5,5,5,5,5,5,5,5,3,5,5,5,5,5,5,3,5,5,5,5,3,5,5,5,5
137,1,3,3,3,3,3,3,3,3,3,3,3,3,3,3,3,3,3,3,3,3,3,3,3,3,3,3,3,3,3,3,3,3
138,1,3,3,3,3,3,3,3,3,3,3,3,3,3,3,3,3,3,3,3,3,3,3,3,3,3,3,3,3,3,3,3,3
139,1,3,3,3,3,3,3,3,3,3,3,3,3,3,3,3,3,3,3,3,3,3,3,3,3,3,3,3,3,3,3,3,3
140,1,3,3,3,3,3,3,3,3,3,3,3,3,3,3,3,3,3,3,3,3,3,3,3,3,3,3,3,3,3,3,3,3
141,1,3,3,3,3,3,3,3,3,3,3,3,3,3,3,3,3,3,3,3,3,3,3,3,3,3,3,3,3,3,3,3,3
142,1,3,3,3,3,3,3,3,3,3,3,3,3,3,3,3,3,3,3,3,3,3,3,3,3,3,3,3,3,3,3,3,3
143,1,3,3,3,3,3,3,3,3,3,3,3,3,3,3,3,3,3,3,3,3,3,3,3,3,3,3,3,3,3,3,3,3
144,1,3,3,3,3,3,3,3,3,3,3,3,3,3,3,3,3,3,3,3,3,3,3,3,3,3,3,3,3,3,3,3,3
145,1,3,3,3,3,3,3,3,3,3,3,3,3,3,3,3,3,3,3,3,3,3,3,3,3,3,3,3,3,3,3,3,3
146,1,3,3,3,3,3,3,3,3,3,3,3,3,3,3,3,3,3,3,3,3,3,3,3,3,3,3,3,3,3,3,3,3
147,1,3,3,3,3,3,3,3,3,3,3,3,3,3,3,3,3,3,3,3,3,3,3,3,3,3,3,3,3,3,3,3,3
148,1,3,5,3,3,3,3,3,3,3,3,3,3,3,3,3,3,3,3,3,3,3,3,3,3,3,3,3,3,3,3,3,3
149,1,3,3,3,3,3,3,3,3,3,3,3,3,3,3,3,3,3,3,3,3,3,3,3,3,3,3,3,3,3,3,3,3
150,1,3,3,3,3,3,3,3,3,3,3,3,3,3,3,3,3,3,3,3,3,3,3,3,3,3,3,3,3,3,3,3,3
151,1,3,3,3,3,3,3,3,3,3,3,3,3,3,3,3,3,3,3,3,3,3,3,3,3,3,3,3,3,3,3,3,3
152,1,3,3,3,3,3,3,3,3,3,3,3,3,3,3,3,3,3,3,3,3,3,3,3,3,3,3,3,3,3,3,3,3
153,1,3,3,3,3,3,3,3,3,3,3,3,3,3,3,3,3,3,3,3,3,3,3,3,3,3,3,3,3,3,3,3,3
154,1,3,3,3,3,3,3,3,3,3,3,3,3,3,3,3,3,3,3,3,3,3,3,3,3,3,3,3,3,3,3,3,3
155,1,3,3,3,3,3,3,3,3,3,3,3,3,3,3,3,3,3,3,3,3,3,3,3,3,3,3,3,3,3,3,3,3
156,1,3,3,3,3,3,3,3,3,3,3,3,3,3,3,3,3,3,3,3,3,3,3,3,3,3,3,3,3,3,3,3,3
157,1,3,3,3,3,3,3,3,3,3,3,3,3,3,3,3,3,3,3,3,3,3,3,3,3,3,3,3,3,3,3,3,5
158,1,3,3,3,3,3,3,3,3,3,3,3,3,3,3,3,3,3,3,3,3,3,3,3,3,3,3,3,3,3,3,3,3
159,1,3,3,3,3,3,3,3,3,3,3,3,3,3,3,3,3,3,3,3,3,3,3,3,3,3,3,3,3,3,3,3,3
160,1,3,3,3,3,3,3,3,3,3,3,3,3,3,3,3,3,3,3,3,3,3,3,3,3,3,3,3,3,3,3,3,3
161,1,3,3,3,3,3,3,3,3,3,3,3,3,3,3,3,3,3,3,3,3,3,3,3,3,3,3,3,3,3,3,3,3
162,1,3,3,3,3,3,3,3,3,3,3,3,3,3,3,3,3,3,3,3,3,3,3,3,3,3,3,3,3,3,3,3,3
163,1,3,3,3,3,3,3,3,3,3,3,3,3,3,3,3,3,3,3,3,3,3,3,5,3,3,3,3,3,3,3,3,3
164,1,3,3,3,3,3,3,3,3,3,3,3,3,3,3,3,3,3,3,3,3,3,3,3,3,3,3,3,3,3,3,3,3
165,1,3,3,3,3,3,3,3,3,3,3,3,3,3,3,3,3,3,3,3,3,3,3,3,3,3,3,3,3,3,3,3,3
166,1,3,3,3,3,3,3,3,3,3,3,3,3,3,3,3,3,3,3,3,3,3,3,3,3,3,3,3,3,3,3,3,3
167,1,3,3,3,3,3,3,3,3,3,3,3,3,3,3,3,3,3,3,3,5,3,3,3,3,3,3,3,3,3,3,3,3
168,1,3,3,3,3,3,3,3,3,3,3,3,3,3,3,3,3,3,3,3,3,3,3,3,3,3,3,3,3,3,3,3,3
169,1,3,3,3,3,3,3,3,3,3,3,3,3,3,3,3,3,3,3,3,3,3,3,3,3,3,3,3,3,3,3,3,3
0,2,3,3,3,3,3,3,3,3,3,3,3,3,3,3,3,3,3,3,3,3,3,3,3,3,3,3,3,3,3,3,3,5
1,2,3,3,3,3,3,3,3,3,3,3,3,3,3,3,3,3,3,3,3,3,3,3,3,3,3,3,3,3,3,3,3,3
2,2,3,3,3,3,3,3,3,3,3,3,3,3,3,3,3,3,3,3,3,3,3,3,3,3,3,3,3,3,3,3,3,3
3,2,3,3,5,3,3,3,3,3,3,3,3,3,3,3,3,5,3,3,3,3,3,3,3,3,3,3,3,3,3,3,3,3
4,2,5,3,5,5,5,5,5,3,5,5,5,5,3,5,5,5,3,3,3,3,3,5,3,3,5,5,5,5,3,5,5,3
5,2,3,3,3,3,3,3,3,3,3,3,3,3,3,3,3,3,3,3,3,3,3,3,3,3,3,3,3,3,3,5,3,3
6,2,5,5,5,5,5,5,5,3,3,5,5,3,5,5,3,5,5,5,2,5,5,5,5,5,5,5,3,3,5,5,5,5
7,2,5,5,5,3,5,5,3,5,3,3,3,3,3,5,5,5,5,5,5,3,3,5,5,5,5,5,3,5,5,5,5,5
8,2,5,3,5,3,5,5,5,5,5,5,3,5,5,5,5,5,5,5,5,5,5,5,5,3,5,5,5,3,5,5,5,5
9,2,5,5,5,5,5,5,3,5,5,5,5,5,5,5,3,5,5,5,5,5,5,3,5,5,5,3,3,5,5,5,5,3
10,2,3,3,3,3,3,3,3,3,3,3,3,3,3,3,3,3,3,3,3,3,3,3,3,3,3,3,3,3,3,3,3,3
11,2,5,5,5,3,3,3,3,3,3,3,3,3,3,5,3,3,3,5,5,5,5,5,5,3,5,3,3,3,3,5,3,3
12,2,3,3,3,3,3,3,3,3,3,3,3,3,3,3,3,3,3,3,3,3,3,3,3,3,3,3,3,3,3,3,3,3
13,2,3,3,3,5,3,3,3,3,3,3,3,3,3,3,3,3,5,3,3,3,3,3,3,3,3,3,3,3,3,3,3,3
14,2,3,3,3,3,3,3,3,3,3,3,3,3,3,3,3,3,3,3,3,3,3,3,3,3,3,3,3,3,3,3,3,3
15,2,3,3,3,3,3,3,3,3,3,3,3,3,3,3,3,3,3,3,3,3,3,3,3,3,3,3,3,3,3,3,3,3
16,2,3,3,3,3,3,3,3,3,3,3,3,3,3,3,3,3,3,3,3,3,3,3,3,3,3,3,3,3,3,3,3,3
17,2,3,3,3,3,5,3,3,3,3,3,3,3,3,3,3,3,3,3,3,3,3,3,3,3,3,3,3,3,3,3,3,3
18,2,3,3,3,3,3,3,3,3,5,3,3,3,3,3,3,3,3,3,3,3,3,3,3,3,3,3,3,3,3,3,3,3
19,2,3,3,3,3,3,3,3,3,3,3,3,3,3,3,3,3,3,3,3,3,3,3,3,3,3,3,3,3,3,3,3,3
20,2,3,3,3,3,3,3,3,3,3,3,3,3,3,3,3,3,3,3,3,3,3,3,3,3,3,3,3,3,3,3,3,3
21,2,3,3,3,3,3,3,3,3,3,3,3,3,3,3,3,3,3,3,3,3,3,3,3,3,3,3,3,3,3,3,3,2
22,2,3,3,3,3,3,3,3,3,3,3,3,3,3,3,3,3,3,3,3,3,3,3,3,3,3,3,3,3,3,3,3,3
23,2,3,3,3,3,3,3,3,3,3,3,3,3,3,3,3,3,3,3,3,3,3,3,3,3,3,5,3,3,3,3,3,3
24,2,3,3,3,3,3,3,3,3,3,3,3,3,3,3,3,3,3,3,3,3,3,3,3,3,3,3,3,3,3,3,3,3
25,2,3,3,3,3,3,3,5,3,5,3,3,3,3,5,3,3,3,5,5,3,3,3,3,3,3,5,3,3,3,3,5,3
26,2,5,3,3,3,5,3,3,3,3,3,3,3,3,3,3,5,3,3,3,5,3,3,3,3,3,3,3,3,3,5,3,3
27,2,3,3,3,3,3,3,3,3,3,3,3,3,3,3,3,3,3,3,3,3,3,3,3,3,3,3,3,3,3,3,3,3
28,2,3,3,3,3,3,3,3,3,3,3,3,3,3,3,3,3,3,3,3,3,3,3,3,3,3,3,3,3,3,3,3,3
29,2,3,3,3,3,3,3,3,3,3,3,3,3,3,3,3,3,3,3,3,3,3,3,3,3,3,3,3,3,3,3,3,3
30,2,3,3,3,3,3,3,3,3,3,3,3,3,3,3,3,3,3,3,3,3,3,3,3,3,3,3,3,3,3,3,3,3
31,2,3,3,3,3,3,3,3,3,3,3,3,3,3,3,3,3,3,3,3,3,3,3,3,3,3,3,3,3,3,3,3,3
32,2,3,3,3,3,3,3,3,3,3,3,3,3,3,3,3,3,3,3,3,3,3,3,3,3,3,3,3,3,3,3,3,3
33,2,3,3,3,3,3,3,3,3,3,3,3,3,3,3,3,3,3,3,3,3,3,3,3,3,3,3,3,3,3,3,3,3
34,2,3,3,3,3,3,3,3,3,3,3,3,3,3,3,3,3,3,3,3,3,3,3,3,3,3,3,3,3,3,3,3,3
35,2,3,3,3,3,3,3,3,3,3,3,3,3,3,3,3,3,3,3,3,3,3,3,3,3,3,3,3,3,3,3,3,3
36,2,3,3,3,3,3,3,3,3,3,3,3,3,3,3,3,3,3,3,3,3,3,3,3,3,3,3,3,3,3,3,3,3
37,2,3,3,3,3,3,3,3,3,3,3,3,3,3,3,3,3,3,3,3,3,3,3,3,3,3,3,3,3,3,3,3,3
38,2,3,3,3,3,3,3,3,3,3,3,3,3,3,3,3,3,3,3,3,3,3,3,3,3,3,3,3,3,3,3,3,3
39,2,3,3,3,3,3,3,3,3,3,3,3,3,3,3,3,3,3,3,3,3,3,3,3,3,3,3,3,3,3,3,3,3
40,2,3,3,3,3,3,3,3,3,3,3,3,3,3,3,3,3,3,3,3,3,3,3,3,3,3,3,3,3,3,3,3,3
41,2,3,3,3,3,3,3,3,3,3,3,3,3,3,3,3,3,3,3,3,3,3,3,3,3,3,3,3,3,3,3,3,3
42,2,3,3,3,3,3,3,3,3,3,3,3,3,3,3,3,3,3,3,3,3,3,3,3,3,3,3,3,3,3,3,3,3
43,2,3,3,3,3,3,3,3,3,3,3,3,3,3,3,3,3,3,3,3,3,3,3,3,3,3,3,3,3,3,3,3,3
44,2,3,3,3,3,3,3,3,3,3,3,3,3,3,3,3,3,3,3,3,3,3,3,3,3,3,3,3,3,3,3,3,3
45,2,3,3,3,3,3,3,3,3,3,3,3,3,3,3,3,3,3,3,3,3,3,3,3,3,3,3,3,3,3,3,3,3
46,2,3,3,3,3,3,3,3,3,3,3,3,3,3,3,3,3,3,3,3,3,3,3,3,3,3,3,3,3,3,3,3,3
47,2,3,3,3,3,3,3,3,3,3,3,3,3,3,3,3,3,3,3,3,3,3,3,3,3,3,3,3,3,3,3,3,3
48,2,3,3,3,3,3,3,3,3,3,3,3,3,3,3,3,3,3,3,3,3,3,3,3,3,3,3,3,3,3,3,3,3
49,2,3,5,3,3,5,5,5,5,3,5,5,3,3,5,3,3,5,5,5,5,5,3,5,3,3,5,3,3,3,5,3,3
50,2,3,3,3,3,3,3,3,3,3,3,3,3,3,3,3,3,3,3,3,3,3,3,3,3,3,3,3,3,3,3,5,3
51,2,5,5,3,5,5,5,5,5,5,5,5,5,5,5,5,5,5,5,5,5,5,5,3,5,3,3,5,5,5,5,5,5
52,2,5,3,5,5,5,5,5,5,5,3,5,5,5,3,5,3,5,5,3,3,5,5,5,5,3,5,5,5,3,5,5,5
53,2,5,5,5,5,3,5,5,5,5,3,5,5,5,3,3,5,3,5,5,5,5,3,5,5,5,5,5,5,5,5,5,5
54,2,5,5,5,3,5,5,5,5,5,5,5,3,5,5,5,5,5,3,5,5,5,5,5,3,5,5,5,5,5,3,5,5
55,2,5,3,5,5,5,3,5,3,5,3,5,5,5,5,5,5,5,5,5,5,5,3,5,5,5,5,5,5,5,3,3,5
56,2,5,3,5,5,5,5,5,3,5,5,5,5,3,5,3,5,5,5,5,5,5,5,3,5,5,5,5,5,5,5,5,5
57,2,5,5,5,5,5,3,3,5,5,5,5,5,5,5,5,5,3,5,3,5,3,3,5,5,5,3,5,5,5,3,3,5
58,2,5,5,3,3,5,5,5,5,3,3,5,5,5,5,3,5,5,5,5,5,5,3,5,3,5,5,3,3,5,5,3,5
59,2,5,5,5,5,5,5,5,5,5,5,3,5,3,5,5,3,5,5,5,5,5,5,5,5,5,5,3,5,5,5,5,5
60,2,5,5,5,3,5,5,5,5,3,5,5,5,3,5,5,5,3,5,5,5,5,5,5,3,5,5,5,3,3,5,5,5
61,2,5,5,5,5,5,3,5,3,5,5,3,5,5,5,3,5,5,5,5,5,3,5,5,5,5,5,5,5,5,5,5,3
62,2,5,5,5,5,3,5,5,5,5,3,3,5,5,5,3,3,3,3,3,3,3,5,5,3,3,3,5,5,3,3,3,3
63,2,5,5,3,3,5,3,5,3,5,5,3,5,3,5,5,3,5,5,5,5,5,3,5,5,5,3,3,5,3,5,3,5
64,2,5,3,3,5,5,3,5,3,3,3,3,3,3,3,5,3,5,3,5,3,5,3,3,5,3,3,3,3,3,3,5,5
65,2,5,3,5,5,5,5,5,3,5,5,5,5,5,3,5,5,5,5,3,3,5,5,3,5,5,5,5,5,5,5,5,5
66,2,5,5,5,5,5,5,5,5,5,5,3,5,5,5,5,5,5,5,5,5,3,5,5,5,5,5,5,5,5,5,5,5
67,2,3,5,3,5,3,3,3,3,3,3,3,3,3,3,3,3,3,3,3,5,5,3,3,3,3,3,3,3,5,3,3,3
68,2,5,5,3,5,5,3,3,5,3,3,3,3,5,5,5,5,5,3,3,5,5,5,3,3,5,5,5,3,5,5,3,3
69,2,5,3,3,5,5,5,5,5,5,5,5,5,5,5,3,5,5,5,5,5,5,3,3,5,5,5,5,3,5,5,5,5
70,2,5,5,5,5,5,3,3,5,5,3,5,5,5,3,5,3,5,3,5,5,3,5,5,5,3,3,5,3,5,5,5,5
71,2,5,5,5,5,5,5,5,5,5,3,5,5,5,5,3,5,3,5,3,5,5,5,5,5,5,5,5,5,5,5,5,5
72,2,5,3,5,5,5,5,5,5,5,5,5,5,5,5,5,5,5,5,5,3,5,5,5,5,5,5,5,5,5,5,5,5
73,2,5,3,5,5,3,5,5,5,5,5,5,5,3,3,3,5,5,5,5,5,5,3,5,3,5,5,5,5,3,5,5,5
74,2,5,5,5,5,5,5,5,7,5,3,5,3,3,5,5,5,5,5,5,5,5,5,5,5,5,5,5,5,5,5,5,5
75,2,5,5,3,5,5,3,5,5,5,5,3,5,5,5,3,3,5,5,3,3,5,5,5,5,5,5,5,5,5,5,5,5
76,2,5,5,5,5,5,5,5,5,5,5,5,5,5,3,5,5,5,5,5,5,5,5,5,3,5,3,5,5,5,3,5,5
77,2,5,5,5,5,3,3,3,5,3,5,5,3,5,5,5,5,5,5,5,5,5,5,3,5,5,3,5,5,7,5,5,5
78,2,5,3,3,5,5,5,7,3,3,5,5,3,5,5,3,3,7,3,3,3,5,5,3,3,3,5,5,3,3,5,5,3
79,2,3,3,3,3,3,3,5,3,3,5,3,3,3,3,3,3,3,3,5,3,3,3,3,3,5,3,5,3,3,3,3,3
80,2,3,3,3,5,3,3,3,3,3,3,3,3,3,3,3,3,3,3,5,3,3,3,3,3,5,3,3,3,3,3,3,3
81,2,3,3,3,3,3,3,3,3,3,3,3,3,3,3,3,3,3,3,3,3,3,3,3,3,3,3,3,3,3,3,3,3
82,2,3,3,5,3,5,3,3,3,3,3,3,3,3,3,3,3,3,5,3,3,3,3,5,3,3,3,3,3,5,3,3,3
83,2,3,3,3,3,3,3,3,3,3,3,3,3,3,3,3,3,3,3,3,3,3,3,3,3,3,5,3,3,3,3,3,3
84,2,3,3,3,3,5,3,5,3,3,3,3,3,3,3,5,3,3,5,3,3,5,3,3,3,3,3,3,3,3,5,5,3
85,2,5,5,5,3,5,5,3,5,5,5,5,3,3,5,3,3,5,5,3,3,5,3,3,5,3,3,5,5,5,3,5,3
86,2,5,3,5,3,5,3,3,5,3,5,5,5,3,5,5,3,3,3,5,5,5,3,3,3,3,3,5,3,3,3,5,5
87,2,5,3,3,5,3,3,5,5,3,3,3,3,3,3,5,3,5,3,3,3,5,3,5,5,3,3,5,3,5,5,3,5
88,2,3,5,5,3,3,3,3,3,3,5,3,3,3,3,3,3,3,3,3,3,3,3,3,3,3,3,3,3,3,5,3,3
89,2,3,3,3,3,3,3,3,3,3,3,3,3,3,3,3,3,3,3,3,3,3,5,3,3,3,3,3,3,5,3,3,2
90,2,3,3,3,3,3,3,3,3,3,3,3,3,3,3,3,3,3,3,3,3,3,3,3,3,3,3,3,3,3,3,3,3
91,2,3,3,3,3,3,3,3,3,3,3,3,3,3,3,3,3,3,3,3,3,3,3,3,3,3,3,3,3,3,3,3,3
92,2,3,3,3,3,3,3,3,3,3,3,3,3,3,3,3,3,3,3,3,3,3,3,3,3,3,3,3,3,3,3,3,3
93,2,3,3,3,3,3,3,3,3,3,3,3,3,3,3,3,3,3,3,3,3,3,3,3,3,3,3,3,3,3,5,3,3
94,2,3,3,3,3,3,3,3,3,3,3,3,3,3,3,3,3,3,3,3,3,3,3,3,3,3,3,3,3,3,3,3,3
95,2,3,3,3,3,3,3,3,3,3,3,3,5,3,3,3,3,3,3,3,3,3,3,3,3,3,3,3,3,3,3,3,5
96,2,3,3,3,3,3,3,3,3,3,3,3,3,3,3,3,3,3,3,3,3,3,3,3,3,3,3,3,3,3,3,3,3
97,2,3,3,3,3,3,3,3,3,3,3,3,3,3,3,3,3,3,3,3,3,3,3,3,3,3,3,3,3,3,3,3,3
98,2,3,3,3,3,3,3,3,3,3,3,3,3,3,3,3,3,3,3,3,3,3,3,3,3,3,3,3,3,3,3,3,3
99,2,3,3,3,3,3,3,3,3,3,3,3,3,3,3,3,3,3,3,3,3,3,3,3,3,3,3,3,3,3,3,3,3
100,2,3,3,3,3,3,3,3,3,3,3,3,3,3,3,3,3,3,3,3,3,3,3,3,3,3,3,3,3,3,3,3,3
101,2,3,3,3,3,3,3,3,3,3,3,3,3,3,3,3,3,3,3,3,3,3,3,3,3,3,3,3,3,3,3,3,3
102,2,3,3,3,3,3,3,3,3,3,3,3,3,3,3,3,3,3,3,3,3,3,3,3,3,3,3,3,3,3,3,3,3
103,2,3,3,3,3,3,3,3,3,3,3,3,3,3,3,3,3,5,3,3,3,3,3,3,3,3,3,3,3,3,3,3,3
104,2,3,3,3,3,3,3,3,3,3,3,3,3,3,3,3,3,3,3,3,3,3,3,3,3,3,3,3,3,3,3,3,3
105,2,3,3,3,3,3,3,3,3,3,3,3,3,3,3,3,3,3,3,3,3,3,3,3,3,3,3,3,3,3,3,3,3
106,2,3,3,3,3,3,3,3,3,3,3,3,3,3,3,3,3,3,3,3,3,3,3,3,3,3,3,3,3,3,3,3,3
107,2,3,3,3,3,3,3,3,3,3,3,3,3,3,3,3,3,3,3,3,3,3,3,3,3,3,3,3,3,3,3,3,3
108,2,3,3,3,3,3,3,3,3,3,3,3,3,3,3,3,3,3,3,3,3,3,3,3,3,3,3,3,3,3,3,3,3
109,2,3,3,3,3,3,3,3,3,3,3,3,3,3,3,3,3,3,3,3,3,3,3,3,3,3,3,3,3,3,3,3,3
110,2,3,3,3,3,3,3,3,3,3,3,3,3,3,3,3,3,3,3,3,3,3,3,3,3,3,3,3,3,3,5,3,3
111,2,3,3,3,3,3,3,3,3,3,3,3,3,3,3,3,3,3,3,3,3,3,3,3,3,3,3,3,3,3,3,3,3
112,2,3,3,3,3,3,3,3,3,3,3,3,3,3,3,3,3,3,3,3,3,3,3,3,3,3,3,3,3,3,3,3,3
113,2,3,3,3,3,3,3,3,3,3,3,3,3,3,3,3,3,3,3,3,3,3,3,3,3,3,3,3,3,3,3,3,3
114,2,3,3,3,3,3,3,3,3,5,3,3,3,3,3,3,3,3,3,3,3,3,3,3,3,3,3,3,3,3,3,3,3
115,2,3,3,3,3,3,3,3,3,3,3,3,3,3,3,3,3,3,3,3,3,3,5,3,3,3,3,3,3,3,3,3,3
116,2,3,3,3,3,3,3,5,3,3,3,3,3,5,3,5,3,3,3,3,3,3,3,3,3,3,3,3,3,3,3,3,3
117,2,3,3,3,3,3,3,3,3,3,3,3,3,3,5,3,3,3,3,3,3,3,3,3,3,3,3,5,3,3,3,3,3
118,2,3,3,3,3,5,3,3,3,3,3,3,3,3,3,3,3,3,3,3,3,3,3,3,3,3,3,3,3,3,3,3,3
119,2,3,5,5,3,3,3,3,3,5,3,3,3,3,3,5,3,3,3,3,3,3,3,3,3,3,3,3,3,3,3,3,3
120,2,3,3,3,3,5,3,3,5,3,5,3,3,3,3,3,3,3,3,3,3,3,3,3,3,3,3,5,3,3,3,3,3
121,2,5,3,3,3,3,3,5,3,3,3,5,3,3,5,3,3,5,3,3,3,3,3,3,3,3,3,5,3,3,3,3,3
122,2,5,3,3,5,3,3,3,5,3,3,3,3,5,3,3,3,3,3,3,5,3,3,3,3,5,3,3,3,3,3,5,3
123,2,3,5,3,3,3,3,3,3,3,3,3,3,3,3,3,3,3,5,3,5,5,3,3,3,3,3,5,3,3,3,3,3
124,2,3,3,3,3,3,3,3,3,3,3,3,3,3,3,3,3,3,3,5,3,3,3,3,3,3,5,3,3,3,3,3,5
125,2,3,3,3,3,3,3,3,3,3,3,3,3,3,3,3,3,3,3,3,5,3,5,3,3,3,3,3,3,3,3,3,3
126,2,3,3,3,3,3,3,3,3,3,3,3,3,3,3,3,3,3,3,3,3,3,5,3,3,3,3,3,3,3,3,3,3
127,2,3,3,3,3,3,3,3,3,3,3,3,3,3,3,3,3,3,3,3,3,3,3,3,3,3,5,3,3,3,3,3,3
128,2,3,3,3,3,3,3,3,3,3,3,3,3,3,3,3,3,3,3,3,3,3,3,3,3,3,3,3,3,3,3,3,3
129,2,3,3,3,3,3,3,3,3,3,3,3,3,3,3,3,3,3,3,3,3,3,3,3,3,3,3,3,3,3,3,3,3
130,2,3,5,3,3,3,3,3,3,3,3,3,3,3,3,3,3,3,3,3,3,3,3,3,3,3,3,3,3,3,3,3,3
131,2,3,3,3,3,3,3,3,3,3,3,3,3,3,3,3,3,3,3,3,3,3,3,3,3,3,3,3,3,3,3,3,3
132,2,3,3,3,3,3,3,3,3,3,3,3,3,3,3,3,3,3,3,3,3,3,3,3,5,3,3,3,5,3,3,3,3
133,2,3,3,3,3,3,3,3,3,3,3,3,3,3,3,3,3,3,3,3,3,5,3,3,3,3,3,5,3,5,5,3,3
134,2,3,3,3,3,3,3,3,3,3,3,3,3,3,3,3,3,3,3,3,3,3,3,3,3,3,3,3,3,3,3,3,3
135,2,3,3,3,3,3,5,3,3,5,3,3,3,3,2,3,3,3,3,3,3,5,3,3,3,3,3,3,2,3,2,3,3
136,2,3,3,3,2,3,5,5,3,2,2,3,3,3,2,3,3,3,3,5,3,2,3,3,3,3,3,3,2,3,2,3,3
137,2,2,3,5,2,5,5,5,5,5,3,2,3,5,2,3,5,3,5,5,3,5,2,5,3,3,2,3,3,2,5,3,3
138,2,3,3,2,3,2,7,2,5,3,7,5,3,3,3,3,3,2,5,3,5,2,2,3,3,2,5,2,2,2,3,5,2
139,2,3,3,3,3,3,3,3,3,2,5,3,3,3,3,3,3,3,2,3,3,2,3,3,3,3,3,3,3,3,3,3,3
140,2,3,3,3,2,4,3,3,3,3,5,3,3,3,2,5,5,3,3,3,5,3,3,3,3,3,2,3,3,5,3,3,5
141,2,3,3,3,4,2,5,2,3,5,5,3,2,3,5,5,2,5,3,3,3,3,3,3,3,5,3,2,2,3,3,2,5
142,2,3,3,5,3,5,3,3,3,3,5,3,5,3,3,3,5,3,2,5,3,5,3,2,3,5,5,3,3,3,3,3,5
143,2,5,3,3,5,3,2,3,5,3,3,3,3,2,3,3,3,3,5,3,5,3,3,5,3,3,5,5,3,5,3,5,3
144,2,5,3,2,2,3,3,3,5,3,2,5,2,5,3,3,4,3,3,3,5,5,4,3,5,5,5,3,3,2,5,3,5
145,2,5,3,5,5,5,3,5,3,9,3,5,3,5,5,3,5,5,4,3,3,3,5,5,3,5,3,5,3,4,5,3,3
146,2,3,3,5,3,5,3,3,5,3,5,3,3,5,5,5,3,3,3,3,3,3,3,3,3,3,5,5,5,5,5,3,1
147,2,5,2,3,5,5,2,5,3,3,5,5,3,3,3,3,5,3,5,3,3,3,5,3,3,5,3,2,3,3,5,3,3
148,2,5,3,5,5,3,5,5,2,2,5,2,2,5,2,5,2,2,5,5,2,4,2,5,3,3,5,2,3,5,2,3,5
149,2,5,5,3,3,5,3,3,3,3,5,2,3,5,3,5,5,3,3,5,5,5,3,2,5,3,3,5,5,3,3,3,3
150,2,5,5,5,5,3,5,3,5,5,5,5,2,3,3,5,5,5,5,5,3,5,5,5,5,5,5,3,3,5,5,5,3
151,2,5,5,5,5,5,5,5,5,5,5,5,3,3,5,5,5,3,5,2,5,5,5,5,5,5,5,5,5,2,5,5,5
152,2,5,5,3,3,3,5,5,5,5,5,5,5,3,5,5,5,3,5,5,5,5,5,3,5,5,5,5,5,5,5,5,5
153,2,5,5,5,5,5,5,5,5,5,5,5,5,5,5,5,5,5,5,5,5,5,5,5,5,3,5,5,5,5,5,5,5
154,2,5,5,5,5,5,5,5,5,5,5,5,5,3,5,5,5,5,5,3,5,5,5,5,5,3,5,5,5,5,5,5,5
155,2,5,3,5,5,5,5,5,5,5,5,5,5,5,1,5,3,5,5,7,3,5,3,5,5,5,3,5,5,5,5,5,5
156,2,5,5,5,5,5,3,5,5,5,5,5,5,5,5,5,5,5,5,5,3,5,5,5,5,5,5,5,5,5,5,5,5
157,2,5,5,5,3,5,5,5,3,5,3,5,5,5,1,5,5,5,5,8,5,5,5,3,5,5,3,5,5,5,5,5,5
158,2,5,5,5,5,5,5,5,5,5,5,5,5,5,5,3,5,5,5,5,5,5,3,3,5,2,5,5,3,5,5,5,5
159,2,5,5,5,5,5,5,5,5,3,5,5,5,5,5,5,5,3,3,5,5,5,5,5,3,5,5,5,5,5,5,5,5
160,2,5,5,5,3,5,3,5,3,3,5,5,5,5,3,3,5,5,5,3,5,5,5,5,5,5,2,5,5,5,5,3,5
161,2,5,5,5,5,5,5,5,8,5,5,5,5,5,5,5,5,5,5,5,3,5,5,5,4,5,5,8,5,5,5,5,5
162,2,5,5,3,5,5,5,5,5,3,5,3,5,5,5,3,5,5,5,5,5,5,5,3,5,5,5,5,5,5,5,5,5
163,2,5,5,5,5,5,5,5,5,5,3,5,5,5,5,5,3,5,3,5,4,5,5,3,3,5,3,5,5,5,3,5,3
164,2,5,5,5,5,5,5,3,3,3,5,5,3,3,3,5,5,5,3,5,3,3,5,5,5,5,3,3,5,5,5,3,5
165,2,5,3,3,3,3,5,3,5,3,5,5,5,5,5,5,3,3,5,5,5,3,5,3,5,5,3,5,5,5,5,3,5
166,2,5,3,5,5,5,3,5,5,3,5,5,5,5,5,5,5,5,5,5,5,5,5,5,3,5,5,5,5,5,5,3,5
167,2,5,3,3,5,5,5,5,3,5,5,5,5,5,5,5,5,5,5,5,5,5,5,5,3,5,5,5,5,5,5,3,5
168,2,5,3,5,5,5,5,5,3,5,3,5,3,5,5,5,5,5,5,3,5,5,3,3,5,3,5,5,5,5,5,5,3
169,2,5,5,3,5,3,3,5,5,3,3,5,3,5,5,5,3,3,3,5,7,5,5,3,5,5,5,3,3,3,5,5,5
0,3,3,3,7,3,3,3,5,3,3,3,3,5,3,3,3,3,3,5,3,3,3,5,3,3,3,3,3,5,3,3,3,3
1,3,5,3,3,3,5,3,3,5,3,3,5,3,5,3,5,3,3,3,3,5,5,3,3,3,3,7,5,3,5,5,3,3
2,3,5,3,5,3,5,3,5,5,3,3,5,5,5,3,5,5,3,5,3,3,5,3,5,3,3,3,3,5,3,3,3,3
3,3,3,3,3,3,3,3,3,3,3,3,3,3,3,3,3,3,5,3,5,3,3,3,3,3,3,3,3,3,3,3,3,3
4,3,5,5,5,3,5,5,3,3,3,5,3,3,5,3,5,5,3,3,5,5,3,5,5,5,3,3,3,3,5,5,5,3
5,3,5,5,3,5,5,5,5,3,5,5,5,3,3,3,5,3,5,3,7,5,5,3,3,5,3,5,5,5,3,3,5,3
6,3,5,5,3,5,5,3,5,3,5,5,5,3,5,5,5,3,5,3,5,5,5,3,5,5,5,5,3,5,5,5,5,3
7,3,5,5,5,3,3,3,3,3,5,5,5,5,5,3,5,5,3,3,3,5,5,5,3,5,3,5,5,3,3,3,3,5
8,3,5,5,5,5,5,5,5,5,3,5,5,3,5,5,5,3,5,5,5,3,3,3,5,3,5,3,3,3,3,5,3,5
9,3,5,3,5,5,3,3,5,3,3,5,5,3,5,3,5,3,3,3,7,5,3,5,5,5,5,5,5,3,5,3,3,5
10,3,5,7,5,3,7,3,3,5,5,7,5,3,5,5,3,5,5,5,5,5,5,5,5,3,5,3,5,3,5,3,5,3
11,3,5,5,3,3,5,5,3,3,3,3,3,5,5,5,3,5,3,5,5,3,5,3,3,5,5,3,5,3,3,7,5,3
12,3,5,5,5,5,3,3,3,5,5,5,5,5,5,3,3,5,3,5,5,5,3,5,3,5,5,5,5,3,5,5,5,5
13,3,5,3,5,5,5,3,5,3,3,5,5,5,5,5,5,3,5,5,3,5,5,5,5,3,5,3,5,3,3,3,3,3
14,3,5,5,3,5,5,5,3,3,5,5,5,5,3,5,3,5,3,5,5,3,5,3,5,5,5,5,5,5,5,3,5,7
15,3,5,5,5,5,5,5,5,3,5,5,3,3,5,3,5,3,5,5,5,3,5,3,5,5,3,5,5,5,5,3,5,5
16,3,5,5,5,5,5,5,5,5,3,5,5,5,5,3,5,5,5,5,5,5,5,5,3,5,5,7,5,5,3,5,5,5
17,3,5,5,5,5,5,5,5,3,5,5,3,5,5,5,3,5,5,5,5,5,5,5,5,5,5,3,5,5,5,5,5,5
18,3,5,5,5,5,3,5,5,5,5,5,5,5,5,3,5,5,5,5,5,5,5,5,5,3,5,5,5,5,3,5,5,5
19,3,5,5,5,5,5,5,5,5,7,3,5,5,5,5,5,5,5,5,3,3,5,5,5,5,5,5,5,5,5,5,5,3
20,3,5,5,5,5,3,3,5,5,5,3,5,5,5,5,5,5,5,5,3,3,7,5,5,5,5,5,5,5,5,5,5,5
21,3,5,3,5,5,3,5,5,5,5,5,5,5,3,5,3,3,5,3,5,5,5,3,5,5,5,3,5,5,3,7,3,5
22,3,5,3,5,3,5,5,3,5,3,5,5,5,3,3,5,3,5,5,5,5,3,2,5,5,5,5,5,2,5,5,3,5
23,3,5,5,5,5,3,5,5,5,5,5,5,5,5,5,5,5,5,5,5,5,5,5,3,5,5,3,3,5,5,5,5,5
24,3,5,3,5,5,5,3,5,3,5,5,3,5,5,5,5,5,5,3,5,3,3,3,5,5,5,3,5,5,5,5,5,5
25,3,5,3,5,5,5,5,5,5,7,5,5,5,5,5,5,3,5,3,5,5,3,5,5,5,5,5,3,5,5,5,5,3
26,3,5,5,3,5,5,5,3,2,3,3,3,5,5,3,3,3,3,3,5,5,5,5,5,5,5,3,5,3,7,5,5,3
27,3,5,5,3,5,5,5,5,3,5,5,3,5,5,3,5,5,5,5,5,5,5,5,5,7,5,3,5,5,5,5,5,5
28,3,3,5,3,3,3,3,3,3,3,3,3,3,3,3,3,3,3,3,3,3,3,3,3,3,3,3,3,3,3,3,3,3
29,3,3,3,3,3,3,3,3,3,3,3,3,3,3,3,3,3,3,3,3,3,3,3,7,3,3,5,3,3,3,3,3,3
30,3,3,3,3,3,3,3,3,3,3,3,3,3,5,3,3,3,5,3,3,5,3,3,3,3,3,5,3,3,3,3,3,3
31,3,3,3,3,3,3,3,3,3,5,3,3,3,3,3,5,3,3,5,3,3,5,3,3,3,3,3,3,5,3,3,3,5
32,3,5,3,3,5,3,3,3,5,3,5,3,3,3,3,3,3,5,3,3,3,5,5,3,3,3,3,1,3,5,3,5,3
33,3,5,3,5,3,3,3,3,3,3,5,5,3,5,3,5,5,3,3,3,3,5,3,3,3,3,5,3,3,3,5,5,5
34,3,3,3,3,3,3,3,3,3,3,3,3,3,3,3,3,3,3,3,3,5,3,3,3,3,3,3,5,3,3,3,3,3
35,3,3,3,3,3,3,3,3,0,3,3,3,3,3,3,3,3,3,3,3,3,8,3,3,3,3,3,3,3,3,3,5,3
36,3,3,3,3,3,3,3,3,3,3,3,3,3,3,3,3,3,3,3,3,3,3,3,3,3,3,3,3,3,3,3,3,3
37,3,3,3,5,3,5,3,3,3,3,3,5,3,3,3,3,3,5,3,3,3,3,3,3,3,3,3,3,3,3,3,3,3
38,3,5,5,3,3,5,5,3,5,5,5,3,3,5,5,5,3,3,3,3,3,5,3,3,5,5,5,3,5,3,5,5,3
39,3,5,5,5,5,5,5,5,5,5,3,3,5,5,5,5,3,5,5,5,5,3,5,5,5,5,5,5,5,5,5,3,3
40,3,5,5,5,3,5,5,5,5,5,5,3,5,5,5,5,5,5,5,5,3,5,5,5,5,5,3,3,5,5,5,5,3
41,3,5,3,5,3,5,5,3,5,5,5,3,3,3,3,3,3,3,5,3,5,5,5,3,5,3,5,3,5,5,3,3,3
42,3,5,5,5,5,5,5,3,5,5,3,5,5,3,3,5,5,5,5,5,3,5,5,5,5,5,5,3,5,5,3,5,3
43,3,5,3,5,5,5,5,5,5,3,5,5,3,3,3,3,5,5,3,5,5,5,5,5,3,3,5,5,3,3,5,3,3
44,3,5,5,5,3,5,3,3,5,5,5,5,5,5,5,5,5,3,3,3,5,5,3,3,3,3,3,3,3,5,5,5,5
45,3,5,5,5,5,5,5,3,5,5,5,5,5,5,3,5,8,5,5,3,5,5,5,5,5,5,5,5,5,5,5,5,3
46,3,5,5,5,3,5,3,3,5,3,5,5,5,3,5,5,5,3,5,5,3,3,3,3,3,3,3,3,5,5,5,5,5
47,3,5,5,5,3,3,3,3,3,5,3,5,3,3,5,3,5,5,5,5,5,3,5,3,5,5,3,5,5,3,3,5,5
48,3,5,5,5,3,5,5,5,5,5,3,5,3,5,5,5,5,5,5,5,3,5,5,3,5,5,5,3,5,5,5,5,5
49,3,5,3,5,5,5,3,5,3,5,3,3,5,5,5,5,5,3,5,5,5,5,5,5,5,5,5,5,3,3,5,5,5
50,3,5,5,5,5,5,5,5,5,5,5,3,5,5,5,5,5,5,3,5,5,5,7,5,5,5,5,5,5,5,5,5,5
51,3,5,1,5,5,5,3,5,3,5,5,5,5,3,5,5,5,5,5,5,5,5,5,5,5,5,5,3,3,5,5,3,5
52,3,5,3,5,5,5,5,3,5,3,5,3,3,3,5,5,3,5,5,5,3,3,3,5,3,3,5,3,3,3,5,3,3
53,3,5,5,5,5,5,5,5,3,5,5,5,5,5,5,5,3,5,5,5,5,5,5,5,5,5,5,5,5,5,5,5,5
54,3,5,5,5,5,5,5,5,5,5,5,5,5,5,5,5,5,5,3,5,3,5,5,5,5,5,5,5,7,3,5,5,5
55,3,3,3,3,3,3,3,3,3,3,3,3,3,3,3,3,3,3,3,3,3,3,3,3,3,3,3,3,3,3,3,3,5
56,3,3,3,3,3,3,3,3,3,3,3,3,3,3,3,3,3,3,3,3,3,5,3,3,3,3,3,3,3,3,3,3,3
57,3,3,5,3,3,3,3,5,3,3,3,3,3,3,3,3,3,3,3,3,3,3,3,3,3,3,3,2,3,3,3,3,3
58,3,3,3,3,3,3,3,3,3,5,3,3,3,3,3,3,3,3,3,3,3,3,3,3,3,3,3,3,3,3,3,3,3
59,3,3,3,3,3,3,3,3,3,3,3,3,3,3,3,3,3,3,3,3,3,3,3,3,3,3,3,3,3,3,3,3,3
60,3,3,3,3,3,3,3,3,3,3,3,3,3,3,3,3,3,3,3,3,3,3,3,3,3,3,3,3,3,3,3,3,3
61,3,3,3,3,3,3,3,3,3,3,3,3,3,5,3,3,3,3,3,3,3,3,3,3,3,3,3,3,3,3,3,3,3
62,3,3,3,3,3,3,3,3,3,3,3,3,3,3,3,3,3,3,3,5,3,3,3,3,3,3,3,3,3,3,3,3,3
63,3,3,3,3,3,3,3,3,3,3,5,5,5,3,5,3,3,3,3,3,3,3,3,3,3,3,3,3,3,3,3,3,5
64,3,3,3,3,3,3,3,3,3,3,3,3,3,3,3,3,3,3,3,3,3,3,3,3,3,3,3,3,3,3,3,3,3
65,3,3,3,3,3,3,3,3,3,3,3,3,3,3,3,3,3,3,3,3,3,3,3,3,3,3,3,3,3,3,3,3,3
66,3,3,3,3,3,3,3,3,3,3,3,3,3,3,3,3,3,3,3,3,3,3,3,3,3,3,3,3,3,3,3,3,3
67,3,3,3,3,3,3,3,3,3,3,3,3,3,3,3,3,3,3,3,3,3,3,3,3,3,3,3,3,3,3,3,3,3
68,3,3,3,3,5,3,3,3,3,3,3,3,3,3,3,3,3,3,3,3,3,3,3,3,3,3,3,3,3,3,3,3,3
69,3,3,3,3,3,3,3,3,3,3,3,3,3,3,3,3,3,3,3,3,3,3,3,3,3,3,3,3,3,3,3,3,3
70,3,3,3,3,3,3,3,3,3,3,3,3,3,3,3,3,3,3,3,3,3,3,3,3,3,3,3,3,3,3,3,3,3
71,3,3,3,3,3,3,3,3,3,3,3,3,3,3,3,3,3,3,3,3,3,3,3,3,3,3,3,3,3,3,3,3,3
72,3,3,3,3,3,3,3,3,3,3,3,3,3,3,3,3,3,3,3,3,3,3,3,3,3,3,3,3,3,3,3,3,3
73,3,3,3,3,3,3,3,3,3,3,3,3,3,3,3,3,3,3,3,3,3,3,3,3,3,3,3,3,3,3,3,3,3
74,3,3,3,3,3,3,3,3,3,3,3,3,3,3,3,3,3,3,3,3,3,3,3,3,3,3,3,3,3,3,3,3,3
75,3,3,3,3,3,3,3,3,3,3,3,3,3,3,3,3,3,3,3,3,3,3,3,3,3,3,3,3,3,3,3,3,3
76,3,3,3,3,3,3,3,3,3,3,3,3,3,3,3,3,3,3,3,3,3,3,3,3,3,3,3,3,3,3,3,3,3
77,3,3,3,3,3,3,3,3,3,3,3,3,3,3,3,3,3,3,3,3,3,3,3,3,3,3,3,3,3,3,3,3,3
78,3,3,5,3,3,3,5,3,5,3,3,3,3,5,5,5,5,5,5,5,3,3,3,3,5,3,3,3,3,5,5,5,5
79,3,5,3,5,5,5,5,5,5,3,5,3,5,5,3,5,3,5,5,5,5,5,5,3,3,5,3,5,5,5,5,5,5
80,3,5,5,3,5,5,5,3,3,5,5,8,5,5,3,5,5,3,5,5,3,3,5,5,3,5,5,5,3,3,5,5,5
81,3,5,5,5,3,3,5,5,5,3,3,3,3,3,5,3,3,5,3,3,3,3,3,3,3,3,5,3,3,3,3,3,3
82,3,5,5,5,5,5,5,5,2,5,3,5,3,2,3,2,5,3,3,5,5,3,5,5,3,3,5,5,5,5,5,5,3
83,3,5,5,5,5,3,3,5,5,3,3,3,3,3,5,2,5,3,5,5,5,3,5,5,3,5,5,5,3,5,3,5,5
84,3,5,5,3,5,5,5,5,5,3,5,5,3,5,5,3,3,5,3,5,3,3,5,5,3,3,5,5,3,5,3,5,3
85,3,5,3,5,5,5,3,3,5,5,3,5,3,5,3,5,3,5,5,5,3,5,5,5,5,5,3,3,5,5,3,5,5
86,3,5,3,2,3,5,3,3,5,3,5,5,5,5,3,5,5,5,3,5,5,3,5,5,5,5,5,5,5,3,3,5,3
87,3,5,5,5,5,5,3,3,5,5,3,5,5,3,5,5,5,3,5,5,5,5,3,5,3,3,5,5,3,3,5,5,3
88,3,5,3,3,3,3,5,5,5,3,5,5,5,5,3,3,3,5,5,5,5,5,5,5,5,3,5,5,5,3,5,5,5
89,3,5,3,3,5,5,5,5,5,3,2,5,5,3,5,3,3,3,5,3,5,3,3,5,5,3,5,5,5,5,5,5,3
90,3,5,5,5,3,3,5,3,5,5,3,3,5,3,8,3,5,3,5,3,3,5,5,3,3,3,5,3,5,3,3,5,5
91,3,5,3,3,3,3,3,3,3,5,5,3,3,5,5,3,3,5,3,3,5,3,3,3,3,5,3,5,3,5,5,3,3
92,3,3,3,3,3,3,3,5,5,5,5,5,5,3,3,3,3,3,3,3,3,3,3,3,3,5,3,3,3,3,3,3,3
93,3,5,5,3,3,5,5,5,5,5,3,3,3,3,3,5,5,3,3,3,3,3,3,3,3,3,3,5,5,3,5,5,3
94,3,5,3,5,3,5,3,3,3,3,3,3,3,5,5,3,3,3,3,3,5,5,3,3,5,5,3,5,3,3,3,3,5
95,3,5,3,3,5,5,3,3,5,5,3,5,3,5,3,5,3,5,3,3,3,5,3,3,5,3,5,5,5,3,5,3,5
96,3,5,3,3,3,5,3,5,3,3,3,3,3,3,5,5,3,3,3,3,3,3,3,3,5,5,3,5,3,3,3,3,5
97,3,5,3,3,3,5,3,3,3,3,3,3,3,5,3,5,5,3,5,5,3,5,3,5,5,5,5,5,3,3,3,3,5
98,3,3,3,3,3,3,3,3,3,3,3,3,3,3,3,3,5,3,3,3,5,3,3,3,3,3,3,3,3,3,3,5,3
99,3,3,3,3,3,3,3,3,3,3,3,3,3,3,3,3,3,3,3,3,3,3,3,3,3,3,3,3,3,3,3,3,3
100,3,3,3,3,3,3,3,3,3,3,3,3,3,3,3,3,3,3,3,3,3,3,3,3,3,3,3,3,3,3,3,3,3
101,3,3,3,5,3,3,5,5,3,3,3,3,3,3,3,3,5,3,3,3,3,3,3,5,3,3,3,3,3,3,5,3,3
102,3,3,3,3,3,3,3,3,3,3,3,3,3,8,3,3,3,3,3,3,3,3,3,3,3,3,3,3,3,3,5,3,3
103,3,3,3,3,5,3,3,3,3,5,5,5,5,5,5,3,5,3,3,5,3,3,5,3,3,5,3,5,3,5,5,3,3
104,3,5,3,3,3,5,3,5,5,5,5,5,3,5,5,3,5,3,3,3,3,5,3,3,5,5,5,3,3,5,5,3,3
105,3,3,3,3,3,3,3,3,3,3,3,3,3,3,3,3,3,3,3,3,3,3,3,3,3,3,3,3,3,3,3,3,3
106,3,3,3,3,3,3,3,3,3,3,3,3,3,3,3,3,3,3,3,3,3,3,3,3,3,3,3,3,3,3,3,3,3
107,3,3,3,3,3,5,3,3,3,3,3,3,3,3,3,3,3,3,3,3,3,3,3,3,3,3,3,3,3,3,3,3,3
108,3,3,3,3,3,5,3,3,3,3,3,3,3,3,3,3,3,3,3,3,3,3,3,3,3,3,3,3,3,3,3,3,3
109,3,3,3,3,3,3,3,3,3,3,3,3,3,3,3,3,5,3,3,3,3,3,3,3,3,3,3,3,3,3,3,3,3
110,3,3,3,3,3,3,3,3,3,3,3,3,3,3,3,3,3,3,3,3,3,3,3,3,3,3,3,3,3,3,3,3,3
111,3,3,3,3,3,3,5,3,3,3,3,3,3,3,3,3,3,3,3,3,3,3,3,3,3,3,3,3,5,3,3,3,3
112,3,3,3,3,3,3,3,3,3,3,3,3,3,3,3,3,3,3,3,3,3,3,3,3,3,3,3,3,3,3,3,3,3
113,3,3,3,3,5,5,3,3,3,5,3,3,3,3,3,3,5,3,3,3,5,5,3,3,3,3,3,3,3,3,3,5,5
114,3,3,5,3,3,5,3,3,3,5,3,3,3,5,3,3,3,5,5,5,5,3,5,3,3,3,3,3,3,3,3,3,3
115,3,5,5,3,5,5,5,5,5,5,5,5,5,5,5,3,3,3,3,3,3,3,3,5,3,5,5,3,5,5,3,5,3
116,3,5,3,5,5,5,3,5,5,3,3,5,3,5,5,3,5,5,5,5,5,3,5,5,5,5,5,3,5,5,5,5,5
117,3,5,5,5,5,3,5,5,5,3,5,3,5,5,3,5,5,3,5,3,5,5,3,5,5,5,3,5,5,5,5,7,5
118,3,5,5,5,5,5,3,3,5,5,3,3,3,3,5,5,3,5,3,5,3,7,5,3,3,5,5,3,3,5,3,3,5
119,3,5,5,5,5,5,3,5,5,5,5,5,3,5,5,5,5,5,5,5,5,5,5,5,5,3,5,5,5,5,5,5,5
120,3,5,5,5,5,5,3,5,5,5,5,5,3,3,5,3,5,5,5,5,5,3,5,5,5,5,5,5,5,5,5,5,5
121,3,5,3,5,5,5,3,5,3,3,3,5,3,5,5,5,5,5,5,5,3,5,3,5,3,5,5,5,5,5,5,5,5
122,3,5,5,5,5,5,5,5,5,5,5,3,5,5,3,5,3,5,5,3,5,5,5,5,5,5,5,5,5,5,5,5,3
123,3,5,5,5,5,5,5,5,5,5,5,5,5,5,5,5,5,5,5,5,5,5,5,5,3,5,5,5,5,5,3,5,3
124,3,5,5,3,5,5,5,5,5,5,3,3,5,3,5,5,3,5,5,5,5,5,3,5,5,5,5,5,3,5,5,5,5
125,3,5,5,5,5,5,5,5,5,5,5,5,3,5,5,5,5,5,5,5,5,5,5,3,5,3,5,3,5,3,3,5,5
126,3,5,3,3,5,5,5,3,5,5,5,5,5,5,5,5,5,5,5,5,5,5,3,5,3,5,5,3,5,5,5,3,5
127,3,5,3,3,5,5,3,5,3,5,5,5,5,3,5,5,5,3,5,3,5,5,5,5,5,5,5,5,5,3,5,3,3
128,3,5,5,5,5,5,3,5,3,3,5,5,5,5,5,5,3,3,5,5,5,5,3,5,5,3,5,5,5,5,5,5,5
129,3,5,5,5,3,5,3,5,5,5,5,5,3,5,5,5,5,5,5,5,5,5,3,5,5,5,5,3,5,5,5,5,5
130,3,5,3,5,3,3,3,3,5,5,5,5,5,5,5,5,3,5,5,5,5,5,5,5,5,5,5,5,5,5,5,5,5
131,3,5,5,5,5,3,5,5,5,5,5,5,3,5,5,5,5,3,5,3,5,3,3,5,3,3,5,3,5,5,3,3,3
132,3,5,5,5,5,5,3,5,5,3,5,3,5,3,5,3,5,5,5,5,5,5,5,5,5,5,5,3,5,5,5,5,5
133,3,3,3,3,3,3,3,5,3,3,3,5,3,5,3,3,3,3,5,3,5,3,3,3,3,5,5,3,3,3,3,5,3
134,3,5,3,3,3,3,3,5,5,3,5,3,3,5,3,5,3,3,5,3,3,3,5,5,3,3,5,3,5,5,3,3,3
135,3,5,5,3,5,5,3,5,5,3,3,5,3,5,3,3,3,5,3,5,3,3,5,3,5,3,5,5,5,3,3,3,3
136,3,5,5,5,3,5,3,5,5,3,3,3,3,3,3,3,3,5,3,3,3,5,3,5,3,5,3,5,5,5,3,3,5
137,3,5,5,5,5,3,3,3,5,5,3,3,5,3,3,5,3,5,5,3,3,3,5,3,5,5,5,5,3,5,5,3,5
138,3,5,3,3,5,3,5,5,3,3,3,3,3,3,3,3,5,3,3,5,3,5,5,3,3,5,3,3,5,5,5,5,3
139,3,3,3,3,3,3,3,3,3,3,3,3,3,3,3,3,3,3,3,3,3,3,3,3,3,3,3,3,3,3,5,3,3
140,3,3,3,3,3,3,3,3,3,3,3,3,3,3,3,3,3,3,3,3,3,3,3,3,3,3,3,3,3,3,3,3,3
141,3,3,3,3,3,3,3,3,3,3,3,3,3,3,3,3,3,3,3,3,3,3,3,3,3,3,3,3,3,3,3,3,3
142,3,3,3,3,3,3,3,3,3,3,3,3,3,3,3,3,3,3,3,3,3,3,3,3,3,3,3,3,3,3,3,3,3
143,3,3,3,3,3,3,3,3,3,3,3,3,3,3,3,3,3,3,3,3,3,3,3,3,3,3,3,3,3,3,3,3,3
144,3,3,3,3,3,3,3,3,3,3,3,3,3,3,3,5,3,3,3,3,3,3,3,3,3,3,3,3,3,3,3,3,3
145,3,5,3,5,3,3,3,3,5,5,3,5,5,3,3,5,3,5,5,5,5,3,3,5,5,3,5,5,3,5,5,3,3
146,3,3,3,3,3,5,3,3,3,3,7,3,3,3,5,3,3,3,3,3,3,3,5,3,3,3,3,3,3,3,3,3,3
147,3,3,3,3,3,3,5,3,3,3,3,3,3,5,3,3,3,3,3,3,3,3,3,3,3,3,3,3,3,3,3,3,3
148,3,5,5,5,5,5,3,3,3,5,3,5,3,3,5,3,3,5,3,3,3,3,5,3,5,3,3,3,5,5,3,5,5
149,3,3,3,3,3,3,3,3,3,3,3,3,3,3,5,3,3,3,3,3,3,3,3,5,5,3,3,5,3,3,3,3,3
150,3,3,5,3,3,5,3,3,5,3,3,3,3,3,3,3,5,3,3,3,3,3,3,3,3,1,3,3,5,3,3,3,3
151,3,5,5,3,3,3,3,5,3,3,3,3,3,3,5,3,5,3,3,3,3,3,3,3,5,5,5,3,3,3,3,5,5
152,3,5,5,3,3,3,3,5,5,5,5,3,3,5,3,5,3,3,3,3,3,3,5,3,3,5,5,3,3,3,5,5,3
153,3,5,3,5,3,5,5,5,3,3,5,3,3,5,3,3,3,3,3,3,3,3,3,5,3,3,3,5,3,3,3,3,3
154,3,5,3,5,3,3,5,3,3,5,3,3,3,5,3,3,5,5,3,5,5,3,5,3,5,3,3,3,3,3,3,3,5
155,3,5,3,3,5,5,3,3,5,5,5,5,3,5,3,5,3,5,5,3,5,3,5,3,3,3,5,3,3,3,3,3,3
156,3,5,3,5,3,3,5,3,3,3,3,3,3,3,3,3,3,5,3,5,3,3,5,3,3,3,5,3,5,5,3,3,3
157,3,3,3,3,3,1,3,3,3,3,5,3,3,3,5,3,3,3,3,5,3,3,3,3,5,3,3,3,3,3,3,5,5
158,3,3,3,3,3,3,3,3,3,3,3,5,3,3,3,3,3,3,3,3,5,3,3,3,3,3,3,3,3,3,3,5,3
159,3,3,3,3,3,3,3,3,3,3,3,3,3,3,3,3,3,3,3,3,3,3,3,3,3,3,3,3,3,3,3,3,3
160,3,3,3,3,3,3,3,3,3,3,3,3,3,3,3,3,3,3,3,3,3,3,3,3,3,3,3,3,3,3,3,3,3
161,3,3,3,3,3,3,3,3,3,3,3,3,3,3,3,3,3,3,3,3,3,3,3,3,3,3,3,3,3,3,3,3,3
162,3,3,3,3,3,3,3,3,3,3,3,3,3,3,3,3,3,3,3,3,3,3,3,3,3,3,3,3,3,3,3,3,3
163,3,3,3,3,5,3,3,3,3,3,3,3,3,3,3,3,3,3,3,3,5,3,3,3,3,3,5,3,3,3,3,3,3
164,3,3,3,3,3,3,3,3,3,3,3,3,3,3,3,3,3,3,3,3,3,3,3,3,3,3,3,3,3,3,3,3,3
165,3,3,3,3,3,3,3,3,3,3,3,3,3,3,3,3,3,3,3,3,3,3,3,3,3,3,3,4,3,3,3,3,5
166,3,3,3,3,3,3,3,3,3,3,3,3,5,3,3,3,3,3,3,3,3,3,3,3,3,3,3,3,3,3,3,3,3
167,3,3,3,3,3,3,3,3,3,3,3,3,3,3,5,3,3,3,3,3,3,3,3,5,3,3,3,3,3,3,3,3,3
168,3,3,3,3,3,3,3,5,3,3,3,3,5,3,3,3,3,3,3,3,3,3,3,3,3,3,3,5,5,3,3,3,3
169,3,3,3,3,3,3,3,3,3,3,3,3,3,3,3,3,3,3,3,3,3,3,5,3,3,3,3,3,3,3,3,3,3
0,4,3,3,3,3,3,3,3,3,3,3,3,3,3,3,5,3,3,3,3,3,3,3,3,3,3,3,3,3,3,3,3,3
1,4,3,3,3,3,3,3,3,5,3,3,3,3,3,3,5,3,3,3,3,3,3,4,3,3,3,3,3,3,3,3,3,3
2,4,3,3,3,3,2,3,3,3,3,3,3,3,3,3,3,3,3,5,3,3,3,3,3,3,3,3,3,3,3,3,3,3
3,4,3,3,3,3,3,3,3,3,3,3,3,3,3,3,3,3,3,3,3,3,3,3,3,3,3,3,3,3,3,3,3,3
4,4,3,3,3,3,3,3,3,3,3,3,3,3,3,3,3,3,3,3,3,3,3,3,3,3,3,3,3,3,3,3,3,3
5,4,3,3,3,3,3,3,3,3,3,3,3,3,3,3,3,3,3,3,3,3,3,3,3,3,5,3,3,3,3,3,3,3
6,4,3,3,3,3,3,3,3,3,3,3,3,3,3,3,3,3,3,3,3,5,3,3,5,3,3,3,3,3,3,3,3,3
7,4,5,5,3,5,5,5,3,5,5,5,3,5,3,5,5,5,5,5,3,5,5,5,5,3,3,5,5,5,5,5,3,5
8,4,5,3,3,5,5,5,5,3,5,3,5,5,5,5,3,5,5,3,3,5,5,5,5,5,3,5,3,5,5,5,5,3
9,4,5,5,5,5,5,3,5,3,3,3,5,3,5,3,5,5,3,3,5,5,3,5,5,5,3,3,5,3,3,5,5,3
10,4,5,3,3,5,3,3,3,5,5,5,5,3,3,3,5,5,3,5,5,3,5,3,3,3,3,3,3,3,3,5,5,5
11,4,5,5,5,3,3,5,5,5,3,5,5,5,5,3,3,5,3,3,5,5,3,3,3,5,3,5,3,5,3,5,5,5
12,4,5,3,3,3,3,3,3,3,3,3,3,3,3,5,3,3,3,3,3,3,3,3,3,3,3,3,3,5,5,5,3,3
13,4,5,5,3,5,3,3,5,5,5,3,5,5,5,5,3,3,5,3,5,5,3,5,5,5,3,5,3,3,5,3,5,3
14,4,5,3,5,5,5,5,3,3,3,3,3,3,5,3,3,3,3,3,3,3,3,3,5,3,5,3,3,3,3,3,5,5
15,4,5,3,3,3,3,3,3,3,3,3,3,5,5,5,3,3,3,3,3,3,5,3,3,3,3,3,3,3,5,3,3,5
16,4,3,3,3,3,3,3,5,3,3,3,3,3,3,3,3,3,3,3,3,3,3,3,3,3,3,3,3,3,3,3,3,3
17,4,3,3,3,3,3,3,3,3,3,3,3,3,3,3,3,3,5,3,3,3,3,3,3,3,3,3,5,3,3,3,3,3
18,4,3,3,3,3,3,3,3,3,3,3,3,3,3,3,3,3,3,3,3,3,3,3,3,3,3,3,3,3,3,3,3,3
19,4,3,3,3,3,3,3,3,3,3,3,3,3,3,3,3,3,3,3,3,3,3,3,3,3,3,3,3,3,3,3,3,3
20,4,3,3,3,3,3,3,3,3,3,3,3,3,3,3,3,3,3,3,3,3,3,3,3,3,3,3,3,3,3,3,3,3
21,4,3,3,3,3,3,3,3,3,3,3,3,3,3,3,3,3,3,3,3,3,3,3,3,3,3,3,3,3,3,3,3,3
22,4,3,3,3,3,3,3,3,3,3,3,3,3,3,3,3,3,3,3,3,3,3,3,3,3,3,3,3,3,3,3,3,3
23,4,3,3,3,3,3,3,3,3,3,3,3,3,3,3,3,3,3,3,3,3,3,3,3,3,3,3,3,3,3,3,3,3
24,4,3,3,3,3,3,3,3,3,3,5,3,3,3,3,3,3,3,3,3,3,3,3,3,3,3,3,3,3,3,3,3,3
25,4,3,3,3,3,3,3,3,3,3,3,3,3,3,3,3,3,3,3,3,3,3,3,3,3,3,3,3,3,3,3,3,3
26,4,3,3,3,3,3,3,3,3,3,3,3,3,3,3,3,3,3,3,3,3,3,3,3,3,3,3,3,3,3,3,3,3
27,4,3,3,3,3,3,3,3,3,3,3,3,3,5,3,3,3,3,3,3,3,3,3,3,3,3,3,3,3,3,3,3,5
28,4,3,3,3,3,3,3,3,3,3,3,3,3,3,3,3,3,3,3,3,3,3,3,3,3,3,3,3,3,3,3,3,3
29,4,3,3,3,3,3,3,3,3,3,3,3,3,3,3,3,3,3,3,3,3,3,3,3,3,3,3,3,3,3,3,3,3
30,4,3,3,3,3,3,3,3,3,3,3,3,3,3,3,3,3,3,3,3,3,3,3,3,3,3,3,3,3,3,3,3,3
31,4,3,3,3,3,3,3,3,3,3,3,3,3,3,3,3,3,3,3,3,3,3,3,3,3,3,3,3,3,3,3,3,3
32,4,3,3,3,3,3,3,3,3,3,3,3,3,3,3,3,3,3,3,3,3,3,3,3,3,3,3,3,3,3,3,3,3
33,4,3,3,3,3,3,3,3,3,3,3,3,3,3,3,3,3,3,3,3,3,3,3,3,3,3,3,3,3,3,3,3,3
34,4,3,3,3,3,3,3,3,3,3,3,3,3,3,3,3,3,3,3,3,3,3,3,3,3,3,3,3,3,3,3,3,3
35,4,3,3,3,3,3,3,3,3,3,3,3,3,3,3,3,3,3,3,3,3,3,3,3,3,3,3,3,3,3,3,3,3
36,4,3,3,3,3,3,3,3,3,3,3,5,3,3,3,3,3,3,3,3,3,3,3,3,3,3,3,3,3,3,3,5,5
37,4,3,3,3,3,3,3,3,3,3,3,5,3,3,3,3,3,3,3,3,3,3,3,3,3,3,3,3,3,3,3,3,3
38,4,3,3,3,3,3,3,3,3,5,3,3,3,3,3,3,3,3,3,3,3,3,3,3,3,3,3,3,3,3,3,3,3
39,4,3,5,3,3,3,3,5,3,3,3,3,3,3,3,3,3,3,3,3,3,3,3,3,3,3,3,3,3,3,5,3,3
40,4,3,3,5,3,3,3,3,3,3,3,3,3,3,3,3,3,3,3,3,3,3,3,3,3,3,3,3,3,3,3,3,3
41,4,3,3,3,3,3,3,5,3,3,3,3,3,3,3,3,3,3,5,3,3,3,3,3,3,3,3,3,5,3,3,3,3
42,4,5,5,5,5,5,5,5,5,5,5,5,3,5,5,5,5,5,5,3,5,5,5,5,5,3,3,5,5,3,5,3,5
43,4,5,5,5,5,3,5,5,5,3,5,5,5,5,5,3,5,5,3,5,3,5,5,3,5,3,5,5,5,5,5,5,5
44,4,5,3,3,3,3,5,3,3,5,5,3,5,3,3,5,3,5,5,3,3,3,5,3,3,3,5,5,5,5,3,3,5
45,4,5,5,5,5,3,5,3,5,5,5,5,5,5,5,5,5,5,3,3,5,5,5,3,3,5,5,5,5,5,5,5,5
46,4,3,5,5,3,5,3,3,5,3,3,3,5,3,3,5,3,3,3,5,5,5,3,3,3,5,5,5,5,3,3,3,3
47,4,5,5,5,5,5,5,5,5,3,5,5,5,5,5,5,5,5,5,5,5,3,5,5,5,5,5,5,5,5,5,5,3
48,4,3,3,3,3,5,3,3,3,3,3,3,5,5,3,3,3,3,3,3,3,3,3,3,3,3,3,3,3,3,3,3,3
49,4,3,3,3,3,3,5,3,3,3,3,3,5,5,3,3,3,3,3,3,3,3,3,3,3,3,3,3,3,3,3,5,3
50,4,3,3,3,3,3,3,3,3,3,3,3,3,3,3,3,3,3,3,3,3,3,3,3,3,3,3,3,3,3,3,3,5
51,4,3,3,5,5,3,3,3,3,3,3,3,3,3,3,3,3,3,3,3,3,3,3,3,5,5,3,3,3,3,3,3,3
52,4,3,3,3,3,3,3,3,3,3,3,3,3,3,3,3,3,3,3,3,3,3,3,3,3,3,5,3,3,3,3,5,3
53,4,3,3,3,3,3,3,3,3,3,3,3,3,3,3,3,3,3,3,5,5,3,3,3,3,3,2,3,3,3,3,3,3
54,4,5,5,3,5,3,5,5,5,5,3,5,5,5,3,5,3,5,5,3,5,2,5,3,3,3,3,5,5,5,3,5,3
55,4,5,3,3,3,3,3,3,3,3,5,3,5,3,3,5,5,5,3,3,3,5,5,5,5,5,3,3,5,5,5,3,5
56,4,5,3,3,5,5,5,5,5,5,5,5,5,5,5,5,5,3,5,3,5,5,5,5,5,3,3,3,5,5,5,5,5
57,4,5,5,5,5,5,5,5,5,5,5,5,5,3,5,3,3,5,5,5,5,5,5,5,5,5,5,5,5,5,5,5,3
58,4,5,5,3,5,5,5,5,5,5,5,5,5,5,5,5,3,5,5,5,5,5,5,5,5,5,5,5,5,5,5,5,5
59,4,5,5,5,3,5,5,3,3,5,5,5,5,5,5,5,5,5,3,3,3,5,5,3,5,5,5,5,5,3,5,5,5
60,4,5,5,5,5,3,3,5,5,5,5,5,5,5,5,5,5,3,5,5,5,5,5,3,3,5,5,5,3,5,3,3,5
61,4,5,5,5,5,5,5,5,5,5,5,5,5,5,3,5,5,5,5,3,5,5,3,5,5,5,5,5,5,5,5,3,5
62,4,5,5,3,5,5,5,5,5,5,5,5,5,3,5,5,5,5,5,3,5,5,5,5,3,5,5,5,3,5,5,5,5
63,4,5,5,5,3,3,3,5,5,5,3,5,5,5,5,5,3,5,3,5,5,5,5,5,3,5,5,3,5,5,5,5,3
64,4,5,3,5,5,5,3,5,5,5,5,3,3,5,3,5,5,5,5,3,5,5,3,5,5,5,5,3,3,3,5,5,3
65,4,5,5,5,5,5,5,5,3,5,5,5,5,5,5,5,5,3,5,5,5,3,3,5,5,3,3,5,5,3,5,3,5
66,4,3,2,3,3,3,3,3,3,3,3,3,3,3,3,3,3,3,3,3,5,3,3,3,3,3,3,3,3,3,3,3,3
67,4,3,3,2,3,3,2,5,3,3,3,5,3,3,3,3,5,3,3,5,5,3,5,5,3,3,3,3,5,3,3,3,5
68,4,5,3,5,5,3,5,5,5,5,5,3,5,5,5,5,3,3,5,5,3,3,3,5,3,5,5,3,3,3,3,3,5
69,4,5,5,5,5,5,5,5,5,5,3,5,5,5,3,5,5,3,5,3,5,5,5,3,5,5,5,5,5,5,5,5,5
70,4,5,5,3,5,5,3,5,5,5,3,5,5,5,3,5,5,3,5,5,3,5,5,5,5,3,3,5,3,5,5,5,5
71,4,5,5,5,3,5,5,5,5,3,5,5,5,5,5,5,5,5,5,3,5,5,5,5,5,5,5,3,3,5,5,5,3
72,4,5,5,5,5,5,5,3,5,5,5,5,5,5,3,5,5,5,5,5,3,5,5,5,5,5,5,5,5,5,5,5,5
73,4,5,5,5,5,5,5,3,3,5,5,5,5,5,5,5,5,5,5,5,5,5,5,5,5,5,3,5,5,5,3,5,5
74,4,5,3,5,3,5,3,5,5,3,3,5,3,5,3,5,5,3,5,5,5,5,3,5,5,5,5,5,5,5,5,5,5
75,4,5,5,3,3,3,5,5,5,5,5,3,5,5,5,5,5,5,5,5,5,5,5,5,3,5,5,5,5,5,3,5,5
76,4,5,5,5,5,5,5,5,5,5,5,5,3,3,5,5,3,5,3,5,5,5,5,5,5,5,3,3,5,5,5,3,5
77,4,5,5,3,3,5,5,5,5,5,3,5,5,3,3,5,3,3,3,5,5,5,3,5,3,5,5,5,3,3,5,5,3
78,4,5,5,5,5,5,5,5,5,3,5,5,5,5,5,5,5,5,5,5,5,5,5,3,5,5,5,5,5,5,5,5,5
79,4,5,5,5,5,3,5,5,5,5,3,5,5,5,5,5,5,3,5,5,3,3,5,5,5,5,5,5,5,5,5,5,5
80,4,5,3,5,5,5,5,5,5,5,5,5,5,5,5,5,5,5,5,5,5,3,5,5,5,3,5,5,5,5,5,5,5
81,4,5,5,5,5,5,5,3,5,3,5,3,5,5,5,5,5,5,5,5,5,5,5,3,5,5,5,5,5,5,5,5,5
82,4,5,5,3,5,3,5,5,5,5,3,3,5,5,5,5,3,5,5,5,5,5,5,5,5,5,5,5,5,5,5,3,5
83,4,3,3,3,3,3,3,5,3,3,3,3,3,3,5,3,3,3,3,3,5,3,3,3,3,3,3,3,3,3,3,3,3
84,4,3,3,3,3,3,3,3,5,3,3,3,3,3,3,3,3,5,3,3,2,5,3,3,3,3,3,3,3,3,3,3,3
85,4,3,3,5,3,3,3,3,3,3,3,5,3,3,3,3,3,5,3,3,3,3,3,3,3,5,3,5,3,3,3,3,3
86,4,3,3,3,3,3,3,3,3,3,3,3,3,3,3,3,3,3,3,3,3,3,3,3,3,3,3,3,3,3,3,3,3
87,4,3,5,3,3,3,3,3,3,3,3,3,3,3,3,3,3,3,3,3,3,3,3,3,3,3,3,3,5,3,3,3,3
88,4,3,3,5,3,3,3,3,3,3,3,5,3,3,3,5,3,3,3,3,3,3,3,3,3,3,5,3,3,2,3,3,3
89,4,3,3,3,3,3,3,3,3,3,3,3,3,3,3,3,3,3,3,3,3,5,3,3,3,3,3,5,3,3,3,3,3
90,4,3,3,3,3,3,3,3,3,3,3,3,3,3,3,3,3,3,3,3,3,3,3,3,3,3,3,3,3,3,3,3,3
91,4,3,3,3,3,3,3,5,3,3,3,3,3,3,3,3,3,5,3,3,3,3,3,3,3,3,3,3,3,3,3,3,3
92,4,3,3,3,3,5,5,3,3,3,3,3,3,3,3,5,3,3,3,3,3,3,3,3,3,3,3,3,3,3,3,3,3
93,4,5,3,5,5,5,3,3,5,5,5,3,3,3,3,3,3,3,5,3,3,5,3,3,3,5,5,3,5,3,3,3,5
94,4,5,3,5,3,3,5,5,5,3,5,3,3,3,5,3,5,5,3,3,5,3,3,5,5,5,5,5,5,5,5,3,5
95,4,5,3,5,3,5,3,3,5,3,3,5,5,5,3,3,5,3,3,3,5,3,5,3,3,5,5,3,3,5,9,5,3
96,4,5,3,3,5,3,3,3,3,5,5,5,5,5,3,3,5,3,3,3,5,3,3,3,3,5,5,3,5,5,5,3,3
97,4,5,3,3,5,5,5,5,3,5,3,3,5,3,5,5,3,3,5,5,3,3,5,5,3,5,3,5,5,3,5,5,3
98,4,5,3,3,5,3,3,5,5,3,3,5,5,5,3,5,5,5,5,3,5,3,5,3,5,5,3,5,5,5,3,3,3
99,4,3,3,3,3,3,3,3,3,3,3,3,3,3,3,3,3,3,3,3,3,3,3,3,3,3,3,3,3,3,3,3,3
100,4,5,5,3,3,3,3,3,3,3,3,3,3,3,5,5,5,5,3,3,3,3,3,5,3,3,5,3,3,3,3,5,3
101,4,5,3,3,3,3,3,3,5,3,3,3,5,3,3,3,5,3,3,3,3,3,5,3,5,3,3,3,5,3,5,3,3
102,4,5,5,5,5,3,5,5,5,5,5,5,3,5,3,5,3,3,5,3,5,5,3,5,5,3,5,5,5,5,5,3,5
103,4,5,3,3,3,3,3,5,3,3,3,5,5,3,3,3,5,5,5,3,5,3,3,5,3,3,5,5,5,3,3,5,3
104,4,5,3,3,3,3,5,3,5,3,5,3,3,5,3,5,3,3,5,3,3,3,5,3,3,5,5,3,3,5,5,3,3
105,4,5,3,5,5,3,5,3,3,5,3,5,5,3,5,3,3,3,5,5,3,3,3,5,5,5,5,3,5,3,3,3,3
106,4,5,3,5,5,5,5,3,5,5,3,3,5,5,5,3,3,5,5,5,5,5,5,5,5,5,5,3,5,3,5,5,3
107,4,5,5,3,3,3,5,3,5,3,3,5,3,5,3,5,3,3,5,3,5,3,5,3,3,3,5,3,5,3,5,5,3
108,4,5,3,5,5,3,3,3,3,5,5,5,5,5,3,5,3,5,5,3,5,5,5,5,5,5,5,3,5,5,5,3,3
109,4,5,5,3,3,3,3,3,5,3,5,5,5,5,5,5,5,5,3,5,5,5,3,5,5,3,3,3,3,3,3,5,3
110,4,3,3,3,3,3,3,3,3,5,3,5,3,3,5,3,3,3,3,3,3,3,3,3,3,3,5,3,3,3,3,5,3
111,4,3,3,3,3,3,3,3,3,3,3,3,3,3,3,3,3,3,3,3,3,3,3,3,3,3,3,3,3,3,3,3,3
112,4,3,3,3,3,3,3,3,3,3,3,3,3,3,3,3,3,3,3,3,3,3,3,3,3,3,3,3,3,3,3,3,3
113,4,3,3,3,3,3,3,3,3,3,3,3,3,3,3,3,3,3,3,3,3,3,3,3,3,3,3,3,3,3,3,3,3
114,4,3,3,3,3,3,3,3,3,3,3,3,3,3,3,3,3,3,3,3,3,3,3,3,3,3,3,3,3,3,3,3,3
115,4,3,3,3,3,3,3,3,3,3,3,3,3,3,3,3,3,3,3,3,3,3,3,3,3,3,3,3,3,3,3,3,3
116,4,3,3,3,3,3,3,3,3,3,3,3,3,3,3,3,3,3,3,3,3,3,3,3,3,3,3,3,3,3,3,3,3
117,4,3,3,3,3,3,3,3,3,3,3,3,3,3,3,3,3,3,3,3,3,3,3,3,3,3,3,3,3,3,3,3,3
118,4,3,3,3,3,3,3,3,3,3,3,3,3,3,3,3,3,3,3,3,3,3,3,3,3,3,3,3,3,3,3,3,3
119,4,3,3,3,3,3,3,3,3,3,3,3,3,3,3,3,3,3,3,3,3,3,3,3,3,3,3,3,3,3,3,3,3
120,4,3,3,3,3,3,3,3,3,3,3,3,3,3,3,3,3,3,3,3,3,3,3,3,3,3,3,3,3,3,3,3,3
121,4,3,3,3,3,3,3,3,3,3,3,3,3,3,5,3,3,3,3,3,3,3,3,3,3,3,3,3,3,3,3,3,3
122,4,3,3,3,3,3,3,3,5,3,3,3,3,3,3,3,3,3,3,3,3,3,3,3,3,3,3,3,3,3,3,3,3
123,4,3,3,3,3,3,3,3,3,3,3,3,3,3,3,3,3,3,3,3,3,3,3,3,3,3,3,3,3,3,3,3,3
124,4,3,3,3,3,3,3,3,3,3,3,3,3,3,3,3,3,3,3,3,3,3,3,3,3,3,3,3,3,3,3,3,3
125,4,3,3,3,3,3,3,3,3,3,3,3,3,3,3,3,3,3,3,3,3,3,5,3,3,3,3,3,3,3,3,3,3
126,4,3,3,3,3,3,3,3,3,3,3,3,3,3,3,3,3,3,3,3,3,3,3,3,3,3,3,3,3,3,3,3,3
127,4,3,3,3,3,3,3,3,3,3,3,3,3,3,3,3,3,3,3,3,3,3,3,3,3,3,3,3,3,3,3,3,3
128,4,3,3,3,3,3,5,3,3,3,3,3,3,3,3,3,5,3,3,3,3,3,3,3,3,3,3,3,3,5,3,3,3
129,4,3,5,3,5,3,3,3,5,3,3,3,3,3,3,3,3,3,3,3,3,3,3,3,3,3,3,3,3,5,3,3,5
130,4,3,3,3,3,3,3,3,3,3,3,3,3,3,3,3,3,3,3,3,3,3,3,3,3,3,5,3,3,3,3,3,3
131,4,3,3,3,3,5,3,3,3,3,3,3,3,3,3,5,3,3,5,3,3,3,3,5,3,3,3,5,3,5,3,3,3
132,4,3,3,3,3,3,3,3,3,3,3,3,3,3,3,3,3,5,3,3,3,3,3,5,3,3,3,3,3,3,3,3,3
133,4,3,3,3,5,3,3,3,3,3,3,3,3,3,3,3,3,3,3,3,3,3,3,3,3,3,3,3,3,3,3,3,3
134,4,3,3,3,3,3,3,3,3,3,3,3,3,3,3,3,3,3,5,3,3,3,3,3,3,3,3,3,3,3,5,3,3
135,4,3,3,3,3,3,3,3,3,3,3,3,3,3,3,3,5,3,3,3,3,3,3,3,3,3,3,3,3,3,3,3,3
136,4,3,3,3,3,3,3,3,3,3,3,3,3,3,3,3,3,3,3,3,3,5,3,3,3,3,3,3,3,3,3,3,3
137,4,3,3,3,3,3,3,3,3,3,3,3,3,3,3,3,3,3,3,3,3,3,3,3,3,3,3,3,3,3,3,3,3
138,4,3,3,3,3,3,3,3,3,3,3,3,3,3,3,3,3,3,3,3,3,3,3,3,3,3,3,3,3,3,3,3,3
139,4,3,3,3,3,3,3,3,3,3,3,3,3,3,3,3,3,3,3,3,3,3,3,3,3,3,3,3,3,3,3,3,3
140,4,3,3,3,3,3,3,3,3,3,3,5,3,3,3,3,3,5,3,3,3,3,3,3,3,3,3,3,3,3,3,3,3
141,4,3,3,3,3,3,3,3,3,3,3,3,3,3,3,3,3,3,3,3,3,3,3,3,3,3,3,3,3,3,3,3,3
142,4,3,3,3,3,3,3,3,3,3,3,3,3,3,3,3,3,3,3,3,3,3,3,3,3,3,3,3,3,3,3,3,3
143,4,3,3,3,3,3,3,3,3,3,3,3,3,3,3,3,3,3,3,3,3,3,3,3,3,3,3,3,3,3,3,3,3
144,4,3,3,3,3,3,3,3,3,3,3,3,3,3,3,3,3,3,3,3,3,3,3,3,3,3,3,3,3,3,3,3,3
145,4,3,3,3,3,3,3,3,3,3,3,3,3,3,3,3,3,3,3,3,3,3,3,3,3,3,3,3,3,3,3,3,3
146,4,3,3,3,3,3,3,3,3,3,3,3,3,3,3,3,3,3,3,3,3,3,3,3,3,3,3,3,3,3,3,3,3
147,4,3,3,3,3,3,3,3,3,3,3,3,3,3,3,3,3,3,3,3,3,3,3,3,3,3,3,3,3,3,3,3,3
148,4,3,3,3,3,3,3,3,3,3,3,3,3,3,3,3,3,3,3,3,3,3,3,3,3,3,3,3,3,3,3,3,3
149,4,3,3,3,3,3,3,3,3,3,3,3,3,3,3,3,3,3,3,3,3,3,3,3,3,3,3,3,3,3,3,3,3
150,4,3,3,3,3,3,3,3,3,3,3,3,3,3,3,3,3,3,3,3,3,3,3,3,3,3,3,3,3,3,3,3,3
151,4,3,3,3,3,3,3,3,3,3,5,3,3,3,3,3,3,3,3,3,5,3,3,5,3,3,3,3,5,3,3,7,5
152,4,3,3,3,3,3,5,3,3,3,3,3,3,3,3,3,3,3,3,3,3,3,3,3,3,3,3,3,3,3,3,3,3
153,4,3,3,3,3,3,3,3,3,3,3,3,3,3,3,3,3,3,3,3,3,3,3,3,2,3,3,3,3,3,3,3,3
154,4,3,5,3,5,3,3,3,3,3,3,3,3,3,3,3,3,3,3,3,3,3,3,3,3,3,3,3,3,5,3,3,3
155,4,3,3,3,3,5,3,3,3,3,3,3,3,3,3,3,7,3,3,3,3,3,5,3,5,3,3,3,3,3,3,7,3
156,4,5,3,3,3,3,3,5,5,5,3,5,3,3,3,3,3,3,3,3,3,3,3,5,3,3,3,3,3,3,3,3,3
157,4,3,3,5,3,3,3,3,3,3,3,3,3,3,3,3,3,5,3,3,5,3,3,3,3,3,3,3,3,3,3,3,5
158,4,3,3,3,3,3,3,3,3,3,3,3,3,3,5,3,3,3,3,3,3,3,3,3,3,3,3,7,3,7,3,3,3
159,4,5,3,3,5,3,3,3,3,2,7,3,3,5,3,3,3,3,3,3,3,3,7,3,3,3,3,3,5,3,3,3,5
160,4,5,5,3,3,3,5,3,5,3,5,3,5,5,3,5,5,5,5,5,3,5,3,3,3,5,5,3,3,5,5,5,5
161,4,5,3,3,5,5,3,3,5,5,5,5,3,3,3,5,5,5,5,5,3,3,3,5,3,5,5,5,5,7,3,5,3
162,4,5,3,5,5,5,5,5,3,5,5,5,5,5,5,5,3,5,5,3,3,5,5,5,5,3,5,5,5,5,3,5,5
163,4,5,3,3,3,5,5,3,3,5,5,3,5,5,5,3,3,5,3,5,3,5,5,5,5,3,3,3,5,3,5,5,3
164,4,5,5,3,5,5,5,5,5,3,5,5,5,5,5,3,3,7,3,5,3,5,3,5,5,5,5,3,5,5,5,5,3
165,4,5,5,5,5,5,5,5,5,5,5,3,5,5,5,5,5,5,5,3,5,5,3,3,5,2,3,3,5,5,5,3,5
166,4,5,3,5,5,5,3,5,5,5,5,5,5,5,5,3,5,5,5,5,5,5,5,5,5,3,3,5,5,5,5,5,1
167,4,5,5,5,5,5,5,5,5,5,3,5,5,5,5,5,5,5,5,3,3,5,5,5,3,1,5,5,3,5,5,5,5
168,4,5,5,5,5,3,5,3,5,1,5,3,5,5,5,5,3,5,5,5,3,3,3,5,5,3,3,5,3,5,3,5,5
169,4,5,3,3,5,5,5,3,5,3,3,5,5,3,5,5,3,5,5,5,5,3,5,5,7,3,3,5,5,5,3,5,5
