[step, epoch, max]
0,0,3,3,3,3,3,3,5,4,3,3,3,3,3,3,3,3,3,3,3,3,3,3,3,3,3,3,3,3,3,3,3,5
1,0,3,3,3,3,3,3,3,3,3,3,3,3,3,3,3,3,3,3,3,3,3,3,3,3,3,3,3,3,3,3,3,3
2,0,3,5,3,3,3,3,3,3,3,3,3,3,3,3,3,3,3,3,3,3,3,3,3,3,3,3,3,3,3,3,3,3
3,0,5,3,5,5,7,5,7,3,7,3,7,5,3,4,7,5,5,5,5,5,5,5,5,5,7,5,7,4,5,4,7,5
4,0,8,8,4,3,4,8,2,4,8,8,8,7,3,4,8,8,8,3,2,8,8,7,8,8,8,3,8,2,2,8,5,8
5,0,4,4,4,8,3,4,4,2,5,4,4,7,5,2,4,4,4,1,4,4,4,4,7,7,8,4,7,4,7,4,7,7
6,0,8,8,8,8,4,8,4,8,8,8,7,8,8,8,4,8,8,7,3,3,3,3,4,4,4,4,8,3,4,7,8,7
7,0,8,7,8,8,7,4,7,2,7,4,8,2,8,4,8,7,4,2,8,8,7,3,8,2,1,7,8,7,8,8,8,7
8,0,3,2,3,3,3,3,2,3,3,3,3,3,3,3,3,3,3,3,3,2,3,3,3,3,2,3,3,3,7,3,2,3
9,0,3,7,8,5,8,8,8,8,8,8,8,8,4,8,2,8,3,8,3,3,2,8,8,3,8,3,3,8,7,7,3,8
10,0,2,2,8,3,4,2,2,3,2,2,8,5,2,7,5,3,3,5,8,1,3,3,5,3,3,3,3,1,3,8,3,1
11,0,7,7,7,7,7,7,7,7,7,7,7,7,7,7,7,7,7,7,7,7,7,7,2,7,7,7,7,7,7,7,7,7
12,0,7,7,7,2,7,7,3,7,7,7,7,7,7,7,7,7,7,7,7,7,7,7,7,7,7,7,3,3,3,7,7,7
13,0,7,7,7,7,7,3,7,7,7,7,4,7,3,7,7,3,7,7,7,7,3,7,7,7,7,7,3,7,7,7,7,7
14,0,7,7,7,7,7,7,7,3,7,7,7,7,7,7,7,7,7,7,7,7,7,7,7,7,7,7,7,3,7,7,7,7
15,0,7,7,7,7,7,7,7,7,7,2,7,3,7,7,3,7,3,7,7,4,7,7,7,7,7,7,7,7,7,7,7,7
16,0,7,7,3,7,3,3,3,3,3,3,8,7,3,3,3,7,7,3,3,7,7,3,2,3,7,3,7,7,3,3,7,7
17,0,7,7,7,7,7,7,7,7,7,7,7,7,7,7,7,7,7,7,7,7,7,7,7,3,3,7,7,3,7,7,7,7
18,0,7,7,7,7,3,7,7,7,7,7,3,7,7,7,7,7,7,7,7,3,7,7,7,7,3,7,7,7,7,2,7,7
19,0,7,3,7,7,3,7,7,7,7,7,7,7,7,7,7,7,7,7,7,7,7,7,7,7,2,7,3,7,3,7,7,7
20,0,7,3,7,7,3,7,7,7,7,7,7,7,3,3,7,7,7,3,7,7,7,3,7,7,7,3,7,7,7,3,7,7
21,0,7,7,7,7,3,7,7,2,7,7,7,7,7,7,7,7,7,3,7,3,7,7,7,7,7,7,7,7,7,7,7,7
22,0,7,7,7,7,7,3,7,7,7,3,7,7,3,3,7,3,7,7,3,7,3,7,7,7,7,7,3,7,3,7,7,7
23,0,7,3,7,7,7,7,7,7,7,7,3,7,2,7,7,7,3,7,7,7,7,7,3,7,7,7,7,7,7,3,7,7
24,0,3,3,3,3,3,7,3,7,3,3,3,3,3,7,7,3,3,3,3,7,3,3,3,7,7,7,7,3,7,3,7,7
25,0,3,3,3,3,7,3,3,3,7,3,3,3,3,7,7,3,3,3,3,3,3,3,3,3,3,3,7,3,3,3,3,3
26,0,7,7,3,3,7,3,3,1,3,7,3,7,7,3,3,3,3,3,3,7,7,3,3,3,3,1,3,3,7,7,3,3
27,0,5,3,3,3,5,3,3,3,3,3,3,7,3,5,2,3,3,3,7,3,3,3,3,3,3,7,7,3,7,5,5,7
28,0,5,3,5,5,3,5,5,5,5,3,5,5,3,5,5,5,5,3,3,5,5,5,7,3,5,5,5,5,2,5,5,5
29,0,5,5,3,5,5,5,5,5,5,5,5,5,5,5,5,5,5,5,3,5,5,3,5,5,5,5,5,5,5,5,5,5
30,0,5,3,5,5,7,5,5,5,5,5,5,5,5,7,5,5,5,5,5,3,5,5,5,5,3,5,5,5,5,5,5,5
31,0,7,7,7,7,7,7,5,7,7,7,7,5,7,3,7,7,7,7,7,7,7,7,7,7,7,7,7,7,7,5,7,7
32,0,7,7,7,5,7,7,7,7,7,7,7,7,7,7,7,7,7,7,7,7,7,7,7,7,7,7,7,7,7,7,7,7
33,0,7,7,7,7,7,7,7,7,7,7,5,3,7,7,7,7,7,7,7,7,7,7,7,7,7,7,5,7,7,7,7,3
34,0,7,7,7,7,7,3,7,7,7,7,7,7,7,7,7,7,7,7,7,7,7,7,7,7,7,7,7,7,7,7,7,7
35,0,7,5,7,7,7,7,7,7,7,7,7,7,7,7,7,7,7,7,7,7,7,7,7,7,7,7,7,7,7,7,7,7
36,0,7,7,7,7,3,7,3,7,7,7,7,7,7,7,7,7,7,7,7,7,7,7,7,7,7,7,7,7,7,7,7,7
37,0,7,7,7,7,7,7,7,7,7,3,7,7,7,3,7,7,7,7,7,7,7,7,3,3,7,3,7,7,7,7,7,7
38,0,3,3,3,7,7,7,3,7,7,7,3,7,5,3,3,3,3,3,7,7,7,7,7,7,7,7,3,7,3,7,7,7
39,0,3,7,3,7,3,7,3,3,7,3,3,3,3,3,3,3,7,3,3,3,7,3,3,3,3,3,3,3,3,3,3,3
40,0,3,3,3,3,3,3,3,3,3,3,3,3,3,3,3,3,3,3,3,3,3,3,3,3,3,3,3,3,3,3,3,3
41,0,3,3,3,3,3,3,3,3,3,3,3,3,3,3,3,3,3,3,3,3,3,3,3,3,3,3,3,3,3,3,3,3
42,0,3,3,3,3,3,3,3,3,3,3,3,3,3,3,3,3,3,3,3,3,3,3,3,3,3,2,3,3,3,3,3,3
43,0,3,3,3,3,3,3,3,3,3,3,3,3,3,3,3,3,3,3,3,3,3,3,3,3,3,3,3,3,3,3,3,3
44,0,3,3,3,3,3,3,3,3,3,3,3,3,3,3,3,3,3,3,3,3,3,3,3,3,3,3,3,3,3,3,3,3
45,0,3,3,3,3,3,3,3,3,3,3,3,3,3,3,3,3,3,3,3,3,3,3,3,3,3,3,3,3,3,3,3,3
46,0,3,3,3,3,3,3,3,3,3,3,3,3,3,3,3,3,3,3,3,3,3,3,3,3,3,3,3,3,3,2,3,3
47,0,3,3,3,3,3,3,3,3,3,3,3,3,3,3,3,3,3,3,3,3,3,3,3,3,3,3,3,3,3,3,3,3
48,0,2,2,3,2,3,2,2,3,2,3,2,3,3,3,3,3,3,3,3,3,3,3,3,3,3,2,2,3,2,2,3,3
49,0,2,2,2,7,2,2,7,2,2,2,2,2,2,2,2,2,2,2,3,7,2,2,7,2,2,7,2,7,2,2,2,2
50,0,2,2,2,2,3,2,2,2,2,3,2,2,2,2,2,2,2,7,2,2,3,3,2,2,2,7,3,2,2,2,7,2
51,0,2,2,2,3,2,2,2,2,2,7,2,7,2,7,3,2,2,7,2,7,7,7,2,2,2,2,7,2,2,7,2,2
52,0,2,3,2,3,2,2,2,2,2,2,2,2,2,2,2,7,2,2,2,2,3,2,2,2,2,3,2,2,2,2,2,2
53,0,2,2,2,2,2,2,2,2,2,3,2,2,2,3,2,2,2,2,2,2,2,2,2,2,2,2,2,2,2,2,2,2
54,0,2,2,2,2,2,2,2,2,2,2,2,2,2,2,2,2,2,2,2,2,2,2,2,7,2,2,2,2,3,2,2,2
55,0,2,2,2,2,2,2,2,2,2,2,2,2,2,2,2,2,2,3,2,2,2,2,2,2,2,2,2,2,2,2,2,2
56,0,2,2,2,2,2,2,3,2,2,3,2,2,2,2,2,2,2,2,2,2,3,2,2,2,2,2,2,2,2,3,2,2
57,0,2,2,3,2,2,2,2,2,2,2,2,3,2,2,2,2,3,2,2,2,2,2,2,3,2,2,2,2,2,2,2,2
58,0,2,3,3,2,2,2,2,2,2,2,2,3,2,2,2,2,2,5,5,2,2,2,2,2,2,2,8,2,2,2,2,2
59,0,2,2,2,2,3,2,2,2,7,3,2,2,5,7,2,2,2,2,2,3,7,2,2,4,3,2,3,3,3,3,2,2
60,0,2,2,2,2,2,2,2,2,2,2,2,3,3,2,2,5,2,2,2,2,2,2,5,2,2,2,2,2,2,2,2,2
61,0,2,2,5,2,2,7,2,3,2,2,5,2,2,2,2,2,3,3,2,2,2,7,2,7,7,2,2,2,2,5,2,7
62,0,7,2,2,7,7,7,7,2,3,7,7,2,7,7,3,7,7,7,2,2,7,7,7,7,7,2,7,7,2,2,7,7
63,0,2,2,2,2,2,2,2,7,2,7,2,2,3,7,2,7,7,3,2,7,7,2,7,7,2,7,2,2,2,2,2,7
64,0,2,2,2,2,2,2,2,2,2,2,2,2,2,2,2,2,2,2,2,2,2,2,2,3,7,2,2,2,2,2,2,2
65,0,2,7,2,3,2,2,7,2,7,7,2,3,2,7,7,3,3,2,2,2,3,7,7,7,7,7,2,2,2,2,2,7
66,0,2,2,2,2,2,2,7,2,7,2,7,3,2,3,2,2,2,2,3,2,2,2,2,2,2,2,7,7,3,2,2,2
67,0,2,2,2,2,7,2,3,2,2,2,7,3,2,2,2,2,2,2,7,2,2,2,2,2,2,2,3,2,2,2,2,2
68,0,2,2,7,3,2,2,2,2,5,7,2,2,2,8,3,3,2,3,7,3,5,2,2,3,2,2,2,2,2,2,2,2
69,0,3,7,3,3,3,3,3,3,3,2,2,3,3,3,3,3,3,3,3,3,3,3,3,3,3,3,3,3,2,3,3,3
70,0,3,7,3,3,7,3,7,3,3,3,3,2,2,3,3,3,3,3,3,3,3,5,3,3,3,3,3,3,3,3,3,3
71,0,3,3,3,3,3,7,3,3,3,5,3,3,3,3,3,3,3,5,3,3,3,3,3,3,3,3,3,3,3,3,3,3
72,0,3,3,3,3,3,5,3,3,3,3,3,3,3,3,3,3,3,3,3,3,3,3,3,3,3,3,5,3,3,3,3,5
73,0,3,3,3,3,5,3,3,3,3,3,3,3,5,3,3,3,3,3,3,3,3,3,3,3,3,3,3,3,3,3,3,3
74,0,3,3,3,3,3,3,3,3,3,3,3,3,5,3,3,3,3,3,3,3,3,3,3,3,3,3,3,3,3,3,3,3
75,0,3,3,7,3,3,7,3,3,3,3,5,3,3,3,3,2,3,3,3,3,5,3,3,3,3,3,3,3,3,3,3,3
76,0,3,3,3,3,3,7,3,3,3,3,3,3,5,3,3,3,3,3,3,3,3,3,3,3,3,3,3,3,3,3,3,3
77,0,3,7,3,3,3,3,3,3,3,3,3,3,3,3,3,3,3,7,3,3,2,3,3,3,3,3,3,7,3,3,3,3
78,0,3,3,3,3,3,3,7,3,3,3,3,3,3,3,3,3,3,3,3,3,3,7,3,3,3,7,3,3,5,3,3,3
79,0,3,3,3,3,3,3,3,3,3,3,3,3,3,3,3,3,4,3,3,3,3,3,3,3,3,3,3,3,7,3,3,3
80,0,3,3,3,3,3,3,3,3,3,3,3,3,3,3,3,3,3,3,3,3,3,3,3,3,3,3,3,3,3,3,3,3
81,0,3,3,3,3,3,3,3,3,3,3,3,7,3,3,3,3,3,3,3,3,3,3,3,3,3,3,3,3,3,3,3,3
82,0,3,3,3,3,3,3,3,3,3,3,3,3,3,3,3,3,3,3,3,3,3,3,3,3,3,3,3,3,3,3,3,3
83,0,3,3,3,3,3,3,3,3,3,3,3,3,3,3,3,3,3,3,3,3,4,3,3,3,3,3,3,3,3,3,3,3
84,0,3,3,3,3,3,3,3,3,3,3,3,3,3,3,3,3,3,3,3,3,3,3,3,3,3,3,3,3,3,3,3,3
85,0,3,7,3,3,3,3,3,3,3,3,3,3,3,3,3,3,3,3,7,3,3,3,3,3,3,3,3,3,3,3,3,3
86,0,3,3,3,3,3,3,3,3,3,3,3,7,3,3,3,3,3,3,3,3,3,3,3,3,3,3,3,3,3,3,3,3
87,0,3,3,4,3,3,3,3,7,3,3,3,3,3,3,3,3,3,3,3,3,3,3,3,3,3,3,3,3,3,3,3,3
88,0,3,3,3,3,3,3,3,3,3,3,3,3,3,3,3,3,3,3,4,3,3,3,3,3,3,3,3,3,3,3,3,3
89,0,3,3,3,3,3,3,3,3,3,3,3,3,3,3,3,3,3,3,3,3,3,7,3,3,3,3,3,3,7,3,3,3
90,0,3,3,3,3,3,3,3,7,7,3,7,7,3,3,3,3,3,3,3,3,3,3,7,7,3,3,3,3,3,3,7,3
91,0,7,3,7,7,7,3,3,7,3,7,7,7,7,3,7,3,7,7,7,7,7,3,7,3,7,7,7,3,7,7,7,7
92,0,3,3,7,3,3,3,3,3,3,3,3,7,3,3,3,7,7,3,3,3,3,3,3,3,3,3,3,3,3,3,3,7
93,0,3,3,3,3,3,3,3,3,7,3,3,3,7,7,3,3,3,3,3,3,3,3,3,3,3,3,3,3,3,3,7,3
94,0,3,3,3,7,7,3,3,3,3,3,3,3,3,3,3,7,7,3,3,3,3,7,3,3,3,7,3,3,7,3,3,3
95,0,3,3,7,3,3,3,3,3,3,3,3,3,3,7,5,3,3,7,3,3,7,3,3,7,3,3,3,7,3,7,3,3
96,0,3,7,7,7,3,7,3,7,7,3,3,3,3,7,3,3,3,7,3,3,7,7,7,3,3,3,3,3,3,7,3,7
97,0,3,3,3,3,3,7,3,3,5,3,3,3,3,3,3,3,3,3,3,3,3,3,3,3,3,3,3,3,3,3,3,3
98,0,3,3,3,3,3,7,3,3,3,7,3,3,3,3,7,3,3,3,3,3,3,3,3,3,3,3,3,3,3,3,3,3
99,0,3,3,3,3,3,3,3,3,3,3,3,3,3,7,3,3,3,3,3,3,3,3,3,3,3,3,3,3,3,3,3,3
100,0,3,3,3,3,3,3,3,3,3,3,3,3,3,3,3,3,3,3,3,3,3,3,3,3,3,3,3,3,3,3,3,3
101,0,3,3,3,3,3,3,3,3,3,3,3,3,3,3,3,3,3,3,3,3,3,3,3,3,3,3,3,5,3,3,3,3
102,0,3,3,3,3,3,3,3,3,3,3,3,3,3,3,3,3,3,3,3,3,3,3,3,3,3,3,3,3,3,3,3,3
103,0,3,3,3,3,3,3,3,3,3,3,3,3,3,3,3,3,3,3,3,8,3,3,3,3,3,3,3,3,3,3,3,3
104,0,3,3,3,3,3,3,3,3,3,3,3,3,3,3,3,3,3,3,3,3,3,3,3,3,3,3,3,3,3,3,3,3
105,0,3,3,3,3,3,3,3,3,3,3,3,3,3,3,3,3,3,3,3,3,3,3,3,3,3,3,3,3,3,3,3,3
106,0,3,3,3,3,3,3,3,3,3,3,3,3,3,3,3,3,3,3,3,3,3,3,3,3,3,3,3,3,3,3,3,3
107,0,3,3,3,3,3,3,3,3,3,3,7,3,3,3,3,3,3,3,5,3,3,3,3,3,3,3,3,3,3,3,3,3
108,0,3,3,3,3,3,3,3,3,3,3,7,3,3,3,3,3,3,3,3,3,3,3,3,3,3,3,3,3,3,3,3,3
109,0,3,7,3,3,3,3,3,3,3,3,3,3,3,3,3,3,3,3,3,3,3,3,3,3,3,7,3,3,3,3,3,3
110,0,3,3,3,3,3,3,3,3,3,3,3,3,3,3,3,3,3,3,3,3,3,3,3,3,3,3,3,3,3,3,3,3
111,0,3,5,3,3,3,3,3,3,3,3,3,3,3,3,3,3,3,3,3,3,3,3,3,3,3,3,3,3,3,3,3,3
112,0,3,3,3,3,3,3,3,3,7,3,7,7,3,3,3,3,3,3,3,3,3,3,3,3,7,3,3,3,3,3,7,3
113,0,7,3,3,3,7,3,3,7,3,3,7,3,7,3,7,3,3,3,3,3,3,5,2,3,3,3,7,3,7,3,3,3
114,0,3,3,3,3,3,3,3,3,3,3,3,3,3,3,3,3,3,3,3,3,3,2,3,3,3,3,3,3,5,3,7,3
115,0,3,3,3,3,3,3,3,3,3,3,2,7,3,3,3,3,3,3,2,3,3,3,7,7,3,3,3,3,3,3,3,3
116,0,3,3,7,3,3,7,3,3,3,3,3,3,3,2,3,3,7,3,3,3,3,3,2,3,7,7,3,7,4,3,3,3
117,0,3,3,3,7,3,3,3,3,3,7,3,3,7,7,7,3,3,3,7,3,2,3,7,7,3,7,3,3,3,7,3,7
118,0,3,3,2,2,2,2,3,3,3,3,2,3,3,2,2,3,7,3,7,2,2,3,2,3,3,2,2,3,2,3,3,7
119,0,3,3,2,3,3,3,3,3,2,2,3,7,3,3,3,7,2,3,3,5,4,3,3,3,3,3,2,3,3,3,2,3
120,0,3,3,3,2,3,2,3,3,2,7,2,3,2,3,2,3,3,3,3,3,3,3,3,3,3,3,3,3,3,3,3,3
121,0,3,3,3,7,2,3,7,2,3,7,2,3,3,3,3,3,2,2,3,2,5,7,3,3,3,3,3,7,7,3,3,3
122,0,3,3,2,3,2,2,7,7,3,3,3,3,2,7,7,3,7,3,3,7,7,3,3,3,3,3,7,3,3,3,3,3
123,0,3,3,3,3,3,3,3,2,3,3,3,7,7,3,7,7,3,3,3,7,2,3,7,2,2,3,3,3,7,7,3,3
124,0,3,3,3,7,3,3,3,3,3,3,3,3,3,3,2,3,3,3,3,3,2,3,3,3,3,3,3,3,3,3,3,3
125,0,3,3,3,3,3,3,3,3,3,3,2,3,7,3,3,3,3,3,3,3,3,2,7,3,3,3,3,3,2,3,3,7
126,0,3,3,3,3,3,3,3,7,3,3,3,3,3,3,7,3,3,3,3,3,3,7,3,3,3,3,3,7,3,3,3,3
127,0,3,3,3,3,3,3,3,3,3,3,3,3,3,5,3,3,3,3,3,3,3,3,3,7,3,3,3,3,3,3,3,3
128,0,3,3,3,3,3,7,7,3,3,3,3,3,3,7,3,3,3,3,3,3,3,3,3,3,3,3,3,3,3,7,3,3
129,0,3,3,3,3,3,3,3,3,3,7,3,3,3,3,3,3,5,3,3,3,3,3,3,3,3,3,3,3,3,3,3,3
130,0,3,2,3,3,3,3,3,3,3,3,3,3,3,3,3,3,3,3,3,3,3,3,3,3,3,3,3,3,3,3,3,3
131,0,3,3,3,7,3,3,3,3,3,3,3,3,3,3,3,2,3,3,3,3,3,3,3,2,3,3,3,3,3,3,8,3
132,0,3,3,3,3,3,3,3,3,3,3,3,3,3,3,5,3,3,5,3,3,3,3,3,3,3,3,3,3,3,3,3,3
133,0,3,3,3,3,3,3,3,3,3,3,3,3,3,3,3,3,3,3,3,3,3,3,3,3,3,3,3,3,3,3,5,3
134,0,3,3,3,3,3,3,3,3,3,3,3,3,7,3,3,3,3,3,5,3,3,3,3,3,3,7,5,3,2,3,3,3
135,0,3,3,3,3,3,3,3,3,3,3,3,3,3,3,2,3,3,3,3,3,3,3,3,3,3,3,3,3,3,3,3,3
136,0,3,3,3,3,3,3,3,3,3,3,3,3,3,3,3,3,3,3,3,3,3,3,3,3,3,3,3,3,3,3,3,3
137,0,3,3,3,3,3,3,3,3,3,3,3,3,3,3,3,3,3,4,3,3,3,3,3,3,3,3,3,7,3,7,3,3
138,0,3,3,3,3,3,7,3,3,3,3,3,3,3,3,3,7,3,3,3,3,3,3,3,3,3,3,3,3,7,3,3,3
139,0,5,3,3,7,5,3,5,3,3,5,3,3,3,3,5,5,3,5,3,3,3,3,3,3,3,3,3,7,3,5,3,3
140,0,7,3,3,3,7,3,3,3,7,3,3,3,7,3,7,7,3,5,7,3,3,3,3,3,3,7,7,7,7,5,3,3
141,0,3,3,3,7,3,3,3,7,7,3,3,3,3,3,3,3,3,7,7,3,3,3,3,3,3,3,3,3,3,3,3,3
142,0,3,3,3,3,7,3,7,3,3,3,7,7,3,3,3,7,3,7,3,3,3,3,3,3,3,5,3,3,7,3,3,7
143,0,3,3,3,3,3,3,3,3,3,3,3,3,3,3,3,3,3,3,3,3,3,3,3,3,3,3,2,3,3,3,3,3
144,0,3,3,3,3,3,3,3,2,3,3,3,3,2,2,3,2,3,3,2,3,3,3,3,2,3,3,3,2,3,3,2,7
145,0,2,2,2,2,2,7,2,3,2,2,3,2,2,2,2,2,3,2,3,2,2,2,3,2,2,3,2,2,3,2,2,2
146,0,2,2,2,2,2,2,2,2,3,2,2,2,2,2,2,2,2,2,3,2,2,2,7,2,2,7,3,2,3,2,2,2
147,0,2,2,2,2,2,2,2,2,7,7,3,2,2,3,7,2,7,2,2,2,2,2,2,7,2,2,3,9,2,2,3,2
148,0,2,2,2,7,2,3,7,2,2,2,2,7,2,7,2,2,2,7,7,2,3,2,2,3,2,2,2,2,2,2,7,3
149,0,2,2,2,2,2,2,3,2,3,2,2,2,2,7,2,2,2,3,2,3,2,2,7,2,2,2,2,3,2,2,2,7
150,0,2,2,3,2,2,2,2,2,2,2,2,2,2,3,3,2,2,2,2,7,2,3,7,2,2,2,3,2,2,3,7,2
151,0,2,2,2,7,3,2,2,7,2,2,2,3,3,3,2,2,7,2,2,2,2,3,2,2,2,2,2,2,2,2,3,2
152,0,2,2,3,3,2,3,3,3,2,3,2,2,2,2,3,3,2,3,2,3,3,2,2,2,3,3,3,3,2,3,2,3
153,0,3,3,3,2,3,3,3,3,3,3,3,3,3,3,3,3,3,3,3,3,3,3,3,3,3,3,3,3,7,3,3,3
154,0,3,3,3,3,3,3,3,3,3,3,3,3,3,3,3,3,3,3,3,3,3,3,3,3,3,3,3,3,3,3,3,3
155,0,3,3,3,3,3,3,3,3,3,3,2,3,3,3,3,2,3,3,3,3,3,3,3,3,3,3,5,3,3,3,3,3
156,0,3,3,3,3,3,3,3,3,3,3,3,3,3,3,3,3,3,3,3,3,3,3,3,3,3,3,3,3,3,3,3,3
157,0,3,3,3,3,3,3,3,3,3,3,3,3,3,3,3,3,3,3,3,3,3,3,3,3,3,3,5,3,3,2,3,3
158,0,3,3,3,3,5,3,3,3,3,3,3,3,3,3,3,3,3,3,3,3,3,3,3,3,3,5,3,3,3,3,5,3
159,0,3,3,3,3,3,3,3,3,3,3,3,3,3,3,2,3,3,3,3,3,3,3,3,3,3,3,3,3,3,3,3,3
160,0,3,3,3,3,3,3,3,3,3,3,3,3,3,3,3,3,3,7,3,3,3,3,3,3,3,3,3,3,3,3,3,3
161,0,3,3,3,3,3,7,3,3,3,3,3,3,3,3,3,3,3,3,3,3,3,3,3,3,3,3,3,3,3,3,3,3
162,0,3,3,3,3,3,3,3,3,3,3,3,3,3,3,3,3,3,3,3,3,3,3,3,3,3,3,3,3,3,3,3,3
163,0,3,3,3,3,3,3,3,3,3,3,3,3,3,3,3,3,3,3,3,3,3,3,3,3,3,3,3,3,3,3,3,3
164,0,3,3,7,3,3,3,3,3,3,3,3,3,3,3,3,3,3,3,3,3,3,3,3,3,3,3,7,3,3,3,3,3
165,0,3,3,3,3,3,3,3,3,3,3,3,3,2,3,3,7,3,3,3,3,3,3,3,3,3,3,3,3,3,3,3,3
166,0,3,3,5,3,3,3,3,3,3,3,3,3,3,3,3,3,3,3,3,3,3,3,3,3,3,3,3,3,3,3,3,3
167,0,3,3,3,3,3,3,3,3,3,3,3,3,3,3,3,3,3,3,3,3,3,3,3,3,7,3,3,3,3,3,3,3
168,0,3,3,3,3,7,3,3,7,3,3,5,5,3,3,3,3,7,7,5,3,3,3,5,3,3,3,3,7,3,5,3,3
169,0,3,7,5,7,7,5,3,5,3,3,3,3,5,3,7,3,5,3,3,3,3,3,7,3,3,3,3,7,3,3,7,7
170,0,5,5,5,5,3,5,5,5,5,5,5,5,5,5,5,3,3,5,5,5,5,3,7,3,5,5,5,5,5,3,5,5
171,0,7,7,7,7,5,7,5,5,5,7,7,7,3,7,7,7,7,7,5,5,7,7,5,7,7,7,5,5,5,3,3,7
172,0,7,2,7,7,7,7,5,7,7,7,3,7,7,7,7,5,7,3,7,7,5,7,7,7,5,7,2,7,7,5,3,7
173,0,7,7,3,7,7,7,7,7,7,7,7,7,5,7,5,3,7,7,5,5,5,5,7,7,5,3,5,7,5,7,7,3
174,0,7,3,7,7,7,7,3,7,7,3,7,7,3,7,7,7,7,3,7,7,3,3,3,7,7,7,7,7,7,3,7,7
175,0,3,3,7,3,3,7,3,3,7,3,3,3,3,3,7,7,3,3,3,7,7,3,7,7,7,3,3,7,3,3,3,3
176,0,7,3,3,3,3,7,7,7,7,7,7,7,3,3,3,7,7,3,7,7,7,3,7,3,7,7,7,3,3,5,7,3
177,0,3,3,3,3,3,5,3,3,3,3,3,3,3,3,3,3,3,3,3,3,7,3,3,3,3,3,3,3,3,3,3,3
178,0,3,3,3,3,3,3,3,3,3,3,7,3,3,3,3,3,3,3,3,3,3,3,3,3,3,3,3,3,3,3,3,3
179,0,3,3,3,3,3,3,3,3,3,3,3,3,3,3,3,3,3,3,3,3,3,3,3,3,3,3,3,3,3,3,3,3
180,0,3,3,3,3,3,3,3,3,3,3,7,3,3,3,3,3,3,3,3,3,3,3,3,3,3,3,7,3,3,3,3,3
181,0,3,3,3,3,3,3,3,3,3,3,3,3,3,3,3,3,3,7,3,7,3,3,3,3,3,3,3,3,7,3,3,3
182,0,3,3,3,3,3,3,3,3,3,3,3,3,3,3,3,3,3,3,3,3,3,3,3,3,5,3,3,3,3,3,3,3
0,1,3,3,3,3,3,5,3,3,3,3,3,3,3,3,3,3,3,3,3,5,3,3,3,3,3,3,3,3,3,3,3,3
1,1,3,3,3,3,3,3,3,3,3,3,3,3,1,3,3,3,3,3,3,3,3,3,3,3,3,3,3,3,3,3,3,3
2,1,3,3,3,3,3,3,3,3,3,3,3,3,3,3,3,3,3,3,3,3,3,3,3,3,3,3,3,3,3,3,3,3
3,1,3,3,3,3,3,3,3,3,3,3,3,3,3,3,3,3,3,3,3,3,3,3,3,3,3,3,3,3,3,3,3,3
4,1,3,3,3,3,3,3,3,3,3,3,3,3,3,3,3,3,3,3,3,3,3,3,3,3,3,3,3,3,3,3,5,3
5,1,3,3,3,3,3,3,3,3,3,3,3,3,3,3,3,3,3,3,3,3,3,3,3,3,3,3,3,3,3,3,3,3
6,1,3,3,3,3,3,3,3,3,3,3,3,3,3,3,3,3,3,3,3,3,3,3,3,3,3,3,3,3,3,3,3,3
7,1,3,3,3,3,3,3,3,3,3,3,3,3,3,3,3,3,3,3,3,3,3,3,3,3,3,3,3,3,3,3,3,3
8,1,3,3,3,3,3,3,3,3,3,3,3,3,3,3,3,3,3,3,3,3,3,3,3,3,3,3,3,3,3,3,3,3
9,1,3,3,3,3,3,3,3,3,3,3,3,3,3,3,3,3,3,3,3,3,3,3,3,3,3,3,3,3,3,3,3,3
10,1,3,3,3,3,3,3,3,3,3,3,3,3,3,3,3,3,3,3,3,3,3,3,3,3,3,3,3,3,3,3,3,3
11,1,3,3,3,3,3,3,5,3,3,3,3,5,3,5,2,3,3,5,5,3,3,5,5,7,3,3,2,5,5,3,5,3
12,1,3,2,3,3,3,5,7,3,2,3,7,3,5,5,2,3,3,7,1,7,7,7,1,1,5,3,1,5,7,3,1,2
13,1,7,3,3,5,3,7,7,7,3,7,7,7,7,3,7,1,7,3,3,1,7,3,3,7,3,7,3,5,7,3,7,7
14,1,7,5,3,5,5,2,7,3,7,7,7,7,3,2,3,7,2,3,3,2,3,3,5,3,5,5,7,3,7,7,7,7
15,1,3,5,7,7,7,1,7,2,7,7,7,3,3,2,3,3,7,7,7,5,3,3,1,7,7,7,1,7,7,3,3,7
16,1,3,3,3,3,7,3,7,7,3,7,3,3,7,3,3,7,2,3,3,3,3,3,3,7,3,3,3,3,7,1,3,3
17,1,3,3,3,3,2,2,2,3,2,3,2,2,2,3,2,2,2,2,2,3,3,3,3,5,3,3,3,2,2,3,3,3
18,1,7,7,7,7,7,3,3,7,2,7,1,7,3,3,3,3,7,7,2,2,7,7,2,7,1,2,7,7,3,7,7,7
19,1,3,5,7,7,3,3,3,7,7,3,7,3,3,5,3,3,3,5,3,3,3,3,3,3,3,2,3,7,7,3,2,2
20,1,7,7,3,7,7,7,7,3,7,7,2,7,7,8,1,7,3,7,7,7,7,7,7,7,7,7,7,7,1,7,7,3
21,1,7,3,7,7,7,2,3,3,7,5,7,3,7,3,7,7,7,3,7,3,3,7,7,3,5,7,7,7,7,3,3,5
22,1,7,7,3,7,7,7,7,7,7,7,7,7,7,7,3,7,7,7,7,7,7,5,7,7,7,7,7,7,7,7,7,7
23,1,7,7,1,5,3,7,7,7,7,7,7,7,7,7,7,3,7,3,7,7,7,7,7,7,7,7,7,7,3,5,7,7
24,1,7,7,7,7,7,7,3,7,7,7,7,7,7,7,7,7,7,7,7,7,7,7,7,7,7,7,7,7,7,7,7,7
25,1,7,7,7,7,7,7,7,7,7,7,7,7,7,7,7,7,7,5,7,7,7,7,7,7,7,7,7,7,7,7,7,7
26,1,7,3,7,7,2,7,7,7,7,7,7,7,7,7,7,7,7,7,7,7,7,7,3,7,3,7,7,7,7,7,7,7
27,1,7,7,7,7,7,2,7,7,7,7,7,7,7,7,7,7,7,7,7,7,7,7,7,7,7,3,7,7,7,7,7,7
28,1,7,3,2,7,7,7,7,3,7,7,7,7,7,7,7,1,7,7,7,7,7,1,7,7,7,7,7,7,7,7,5,3
29,1,7,7,7,7,7,7,7,3,7,7,7,7,7,7,7,7,7,7,7,7,7,7,7,7,7,7,7,7,7,7,7,7
30,1,7,7,7,7,7,3,7,7,7,7,7,2,7,7,7,7,4,7,7,7,7,7,1,7,7,7,7,7,7,7,7,7
31,1,7,7,7,7,7,7,7,7,1,1,7,7,7,7,7,3,7,7,7,7,7,7,1,7,7,7,7,7,7,7,7,7
32,1,7,7,5,7,7,3,7,7,7,7,7,7,7,7,7,7,7,3,7,7,5,7,7,7,5,7,7,7,7,7,7,3
33,1,1,5,7,1,7,3,1,1,7,7,7,7,1,3,7,7,1,2,7,7,7,7,7,3,7,1,3,7,7,7,1,7
34,1,7,7,1,2,7,7,7,7,3,7,1,7,3,7,3,7,7,3,7,1,3,7,3,7,2,7,7,3,7,5,1,7
35,1,7,7,7,5,7,7,7,1,2,7,7,7,7,7,7,7,7,7,7,7,7,7,1,1,7,7,2,3,7,7,2,7
36,1,7,7,7,7,7,5,7,3,7,7,7,2,1,7,2,7,7,7,3,7,7,7,2,7,7,7,7,7,1,7,7,7
37,1,7,7,7,7,7,7,7,3,7,3,7,3,2,7,7,7,7,7,7,3,2,7,7,7,7,7,7,7,7,7,7,1
38,1,7,7,1,7,7,1,7,7,7,7,5,7,7,7,1,3,7,7,7,7,7,7,1,7,7,7,7,7,3,7,7,7
39,1,7,7,7,7,7,7,7,3,7,7,7,7,2,2,7,3,7,7,7,7,7,3,7,7,7,7,7,7,7,7,7,3
40,1,7,7,7,7,7,1,7,1,7,7,7,7,7,7,7,7,7,7,7,7,7,7,7,7,7,7,7,7,7,3,7,7
41,1,2,2,2,3,3,1,2,3,2,3,7,5,3,3,2,7,2,2,7,2,7,2,2,2,2,2,7,7,2,7,2,2
42,1,2,2,2,7,3,2,2,2,2,7,7,7,3,2,2,7,2,7,2,2,3,7,7,2,7,2,7,7,7,7,2,2
43,1,7,2,7,2,7,3,7,7,2,7,3,7,7,2,2,3,7,7,3,7,2,7,7,3,3,7,2,7,2,2,3,7
44,1,2,2,3,2,2,2,3,2,2,2,2,2,3,2,7,3,2,2,3,2,2,2,2,2,2,2,7,3,2,2,3,2
45,1,2,2,2,1,2,2,2,2,2,2,2,7,2,7,2,2,2,2,8,2,7,2,2,7,2,2,2,2,1,7,2,2
46,1,2,2,2,2,2,2,2,2,3,2,2,2,2,2,2,2,3,7,2,7,2,2,5,7,5,2,1,2,2,2,2,2
47,1,2,2,2,2,2,2,2,7,2,2,2,2,2,5,2,2,1,2,2,2,2,2,2,3,2,7,2,1,2,2,2,2
48,1,2,2,2,2,2,2,2,2,2,2,1,2,2,3,2,2,2,2,2,2,7,2,3,2,2,2,2,2,2,2,2,2
49,1,2,2,2,2,2,2,2,2,2,2,2,2,2,2,7,7,2,2,2,2,2,2,2,2,2,7,1,1,1,2,2,2
50,1,2,2,2,2,2,2,2,2,2,2,2,2,2,4,2,2,2,2,3,2,2,2,2,2,2,2,2,2,2,2,2,2
51,1,7,2,2,7,7,2,2,7,7,7,7,2,7,2,1,2,2,1,7,7,2,3,7,2,7,2,2,2,2,3,7,3
52,1,7,3,7,3,7,1,7,2,7,7,7,3,2,1,2,7,7,2,7,2,1,3,7,2,1,2,7,7,7,7,7,2
53,1,7,7,7,3,1,7,7,7,2,7,7,2,7,3,2,7,7,7,7,3,7,7,3,3,1,3,7,7,7,2,7,7
54,1,7,7,3,7,7,7,7,7,7,1,7,7,7,2,7,7,7,7,1,2,7,7,7,7,7,7,2,7,2,2,7,7
55,1,7,1,3,2,2,2,2,7,2,2,7,7,7,7,7,3,7,7,7,7,2,7,7,7,7,7,2,7,3,7,7,7
56,1,7,3,2,7,2,7,7,7,7,3,7,3,3,7,7,7,7,3,3,3,7,2,3,3,7,7,2,7,7,7,2,7
57,1,7,7,3,3,3,3,7,3,3,3,3,3,3,3,3,2,3,3,3,7,3,3,2,2,3,3,7,3,8,7,7,3
58,1,3,3,3,3,3,2,3,2,3,3,3,3,2,3,3,2,3,3,3,3,3,3,3,3,3,3,3,3,3,3,3,3
59,1,3,3,3,3,3,3,3,2,3,3,3,3,3,5,3,3,3,3,3,7,2,3,2,3,3,3,3,3,3,3,3,7
60,1,2,3,7,2,2,2,2,7,7,3,3,7,3,3,2,2,2,7,7,2,3,7,3,2,2,3,2,7,2,7,7,3
61,1,7,7,7,7,2,7,7,2,7,7,2,2,7,7,7,7,2,7,2,7,7,7,7,3,7,7,1,7,7,7,7,7
62,1,7,3,2,3,7,5,7,7,7,3,3,7,7,7,7,7,3,7,7,7,7,2,7,3,7,3,3,7,7,7,3,7
63,1,7,7,3,1,7,7,3,3,7,7,2,7,7,7,2,5,7,3,7,7,3,8,7,3,7,2,7,7,3,2,2,7
64,1,7,7,7,7,7,3,7,5,2,7,7,7,5,3,3,7,1,2,3,3,7,3,7,5,2,7,7,5,2,7,7,7
65,1,7,7,3,7,7,7,7,7,3,7,7,2,7,7,7,7,2,7,7,7,7,7,7,7,2,7,7,3,7,7,7,2
66,1,7,2,3,2,3,7,7,7,2,7,3,7,7,2,7,7,3,3,2,3,2,7,3,3,2,7,7,7,7,7,7,7
67,1,7,7,7,7,1,7,3,2,1,3,7,7,7,7,3,7,7,7,7,7,2,2,3,7,3,7,7,2,7,3,2,7
68,1,7,7,7,7,7,7,7,2,7,7,7,7,7,7,7,7,7,7,7,3,7,7,7,7,7,7,7,3,7,7,7,3
69,1,3,2,3,3,3,3,3,3,3,3,3,3,3,3,3,3,3,3,3,3,3,3,3,3,3,2,3,3,3,2,3,3
70,1,3,3,3,3,3,3,3,3,3,3,3,3,3,5,3,3,3,3,3,3,3,3,2,3,3,3,3,3,3,3,3,5
71,1,3,3,3,3,3,3,3,3,3,2,3,3,3,3,3,2,2,3,3,3,3,3,3,3,3,3,3,2,3,3,3,3
72,1,3,3,3,3,3,3,3,3,3,3,2,3,3,3,3,3,3,3,3,3,3,3,3,3,3,3,3,2,3,3,2,2
73,1,3,3,3,3,3,2,3,3,3,2,3,3,3,3,3,3,3,3,3,3,3,3,3,3,3,3,3,3,3,3,3,3
74,1,3,3,3,3,3,3,3,3,3,3,3,2,3,3,3,3,2,2,3,3,3,3,2,3,3,3,3,2,3,3,3,3
75,1,3,3,3,3,3,3,3,3,2,3,3,3,3,3,3,3,3,3,2,3,3,3,3,3,3,3,3,3,3,3,3,3
76,1,3,3,3,3,2,3,2,3,3,3,3,3,7,3,3,3,3,3,3,3,3,3,3,3,3,3,3,3,3,3,3,3
77,1,3,2,3,7,3,7,3,3,3,3,7,2,3,3,3,3,2,3,3,3,3,3,3,3,3,3,7,3,3,3,3,3
78,1,3,7,3,2,3,3,3,3,3,3,7,3,3,3,7,3,3,3,7,3,3,3,3,3,2,3,3,3,3,3,7,3
79,1,3,3,3,7,5,3,3,3,3,3,3,3,2,3,3,3,3,7,3,3,3,3,3,3,3,3,7,3,7,3,3,3
80,1,7,7,7,3,3,7,3,7,7,3,3,3,3,7,3,7,7,7,3,3,7,2,7,3,3,7,3,3,3,3,7,3
81,1,7,7,7,2,7,7,3,3,7,5,7,7,7,7,5,1,5,7,7,7,7,5,7,7,7,3,2,7,7,7,7,7
82,1,7,5,7,7,5,7,7,3,7,7,7,2,5,7,5,7,7,5,7,8,2,5,7,7,7,7,7,7,7,7,7,7
83,1,7,7,7,7,7,7,3,7,7,7,7,3,7,7,7,3,7,2,1,3,7,7,7,7,7,7,3,7,7,7,7,7
84,1,3,3,3,3,3,3,3,3,3,3,7,3,3,3,3,3,3,3,3,3,3,3,3,3,3,3,3,3,3,3,3,3
85,1,7,3,7,7,7,7,3,3,7,7,7,7,7,7,3,7,3,7,7,3,7,7,7,7,7,7,1,7,7,7,7,7
86,1,7,3,7,7,7,7,7,7,7,7,7,7,3,7,7,7,7,7,7,3,7,7,7,7,7,7,7,7,7,7,7,7
87,1,7,7,7,7,7,7,7,7,7,7,7,7,7,7,7,7,7,7,7,7,7,7,5,7,7,7,7,7,7,7,7,7
88,1,7,7,7,7,7,7,7,7,7,7,7,7,7,7,1,7,7,7,7,7,7,7,7,7,7,7,7,7,7,7,3,7
89,1,7,7,7,7,7,7,7,7,7,7,7,7,7,7,7,7,5,7,7,7,7,7,7,7,7,7,7,7,7,7,7,7
90,1,7,3,7,7,7,7,3,7,7,7,7,7,7,7,7,7,7,7,7,7,7,7,7,7,7,7,7,7,7,7,7,7
91,1,7,7,7,7,7,7,7,7,3,7,7,7,7,7,7,7,3,3,7,7,7,7,7,7,7,7,7,7,4,7,7,7
92,1,7,3,7,7,7,7,7,7,7,7,3,3,7,7,7,7,7,7,7,3,7,7,7,7,7,7,7,7,7,7,7,7
93,1,7,3,3,7,3,7,7,7,7,3,7,7,7,7,7,3,7,7,3,7,7,7,7,7,7,7,7,7,7,2,3,7
94,1,7,7,4,7,7,7,7,3,7,7,7,7,7,7,7,7,7,7,7,7,7,3,7,7,7,7,7,7,7,7,7,7
95,1,7,3,7,7,2,7,7,7,7,7,7,7,7,7,7,7,3,7,7,7,7,7,7,3,7,3,3,7,7,7,7,7
96,1,7,7,7,7,7,7,7,7,3,7,3,7,7,3,3,7,7,7,7,7,7,7,5,3,7,7,7,7,7,3,7,7
97,1,7,7,7,3,7,3,5,7,7,7,3,7,7,7,7,7,7,3,3,7,7,7,7,7,7,7,7,3,7,7,7,7
98,1,7,7,7,7,7,7,7,3,7,7,7,7,7,7,7,7,7,7,3,3,7,7,7,7,3,7,7,7,7,2,7,7
99,1,7,7,3,3,3,7,7,7,7,7,7,3,3,3,3,3,7,3,3,7,7,2,3,3,3,7,7,7,7,7,3,7
100,1,7,7,7,7,7,7,7,7,7,3,7,7,3,7,7,7,7,2,7,7,7,7,3,7,7,3,7,7,7,7,7,7
101,1,7,7,7,7,7,7,7,7,3,3,7,3,7,7,3,7,7,7,7,7,2,7,7,7,7,7,7,3,7,7,2,7
102,1,7,7,3,7,7,7,7,7,3,7,7,7,7,7,3,7,7,7,7,7,7,7,7,7,7,7,7,7,7,7,7,7
103,1,7,7,7,7,7,7,7,7,3,7,7,3,7,7,7,3,7,7,7,7,7,7,7,7,7,7,7,7,7,7,7,7
104,1,7,7,7,7,7,7,7,7,7,7,7,7,7,7,7,7,7,2,7,7,7,7,7,7,7,3,3,3,7,7,7,7
105,1,7,7,7,3,7,7,7,1,7,7,7,7,7,7,7,7,7,3,7,7,3,7,7,7,7,3,7,7,7,7,7,7
106,1,7,7,7,7,7,7,7,7,7,7,7,7,7,7,7,7,7,7,2,7,7,7,7,7,3,3,7,7,7,7,7,3
107,1,7,7,7,7,3,7,7,7,7,7,3,7,7,3,7,7,2,3,7,7,7,7,3,7,3,7,7,7,7,7,7,7
108,1,7,3,7,7,3,7,7,7,7,7,7,7,1,7,7,2,7,3,7,7,7,7,7,7,3,7,2,7,7,7,7,7
109,1,3,3,3,3,3,3,3,2,7,3,7,3,3,3,3,3,3,3,2,3,3,2,3,3,3,3,3,3,3,2,3,3
110,1,3,3,3,3,3,3,3,3,7,3,3,3,3,3,3,3,3,3,3,3,3,3,3,3,3,2,3,7,3,3,3,3
111,1,3,3,2,3,3,3,3,3,3,3,3,3,3,3,3,3,3,3,3,3,3,3,3,3,3,3,3,3,3,3,3,3
112,1,3,3,2,3,3,3,3,7,3,3,3,3,3,3,2,3,3,3,3,3,3,7,3,3,3,3,2,3,2,3,3,3
113,1,3,3,3,3,3,3,3,7,3,3,3,3,3,3,2,3,3,3,3,3,3,3,2,3,3,3,3,3,3,3,3,3
114,1,3,3,3,3,3,3,3,3,3,3,3,3,3,3,3,3,3,3,3,3,3,3,3,3,3,3,3,3,3,3,3,3
115,1,2,2,2,3,2,7,2,2,2,2,2,2,2,2,2,3,2,2,2,2,2,2,2,2,2,2,2,2,2,2,2,2
116,1,2,2,7,3,2,5,3,2,2,2,2,2,3,3,2,2,2,2,2,2,2,2,2,2,5,2,2,7,2,2,3,2
117,1,2,2,2,2,2,2,2,3,2,2,2,2,3,2,2,2,3,2,2,2,2,2,3,2,2,2,3,3,2,3,2,3
118,1,2,2,2,2,2,3,3,2,2,2,2,2,2,2,2,2,2,2,2,2,2,2,2,2,2,3,2,2,2,2,3,2
119,1,3,2,2,3,2,2,3,2,2,2,3,2,3,2,2,3,2,3,3,2,2,3,3,2,2,2,2,2,2,3,3,2
120,1,3,3,3,2,2,3,3,3,3,3,3,3,3,3,3,2,3,3,3,3,3,3,7,2,3,3,3,3,5,3,2,3
121,1,3,1,7,2,2,3,7,3,3,3,3,3,3,2,3,3,3,7,3,3,3,3,2,3,3,3,3,3,3,3,3,3
122,1,3,3,3,3,2,3,3,3,2,3,3,3,3,2,3,7,3,3,3,3,3,3,3,3,3,3,3,3,3,3,3,2
123,1,3,2,2,3,3,3,3,3,3,3,3,3,3,3,3,3,3,3,3,2,3,3,3,3,3,3,3,2,3,3,3,3
124,1,3,2,3,2,3,3,3,2,3,2,3,3,3,3,3,3,3,2,3,8,3,3,3,3,3,2,3,3,3,3,2,3
125,1,3,3,3,2,3,2,3,3,2,2,3,3,3,2,3,3,2,3,3,3,2,3,2,2,3,2,3,3,1,2,2,2
126,1,3,2,2,3,3,2,3,3,3,3,2,2,3,2,3,2,3,3,3,3,3,3,3,3,3,3,3,2,2,3,5,5
127,1,3,3,3,3,3,3,3,3,3,3,2,3,2,3,3,3,2,1,3,3,3,3,3,2,3,3,2,3,2,3,3,3
128,1,3,3,2,3,2,3,3,3,2,3,4,3,2,1,2,3,3,3,2,3,3,3,3,3,3,2,3,3,3,3,3,3
129,1,3,3,3,3,3,2,3,3,3,2,2,3,3,3,2,3,3,2,2,2,3,2,3,2,3,3,3,3,3,3,3,3
130,1,2,2,2,2,2,2,2,2,2,2,7,2,2,2,2,3,2,2,2,2,2,3,2,2,2,3,2,2,2,3,2,2
131,1,2,2,2,2,2,2,3,2,2,2,5,2,3,2,2,2,3,2,2,2,2,3,3,3,2,3,2,2,2,2,2,3
132,1,2,2,2,2,2,2,2,2,3,2,2,2,3,2,2,3,3,2,2,2,2,2,3,2,2,2,2,2,2,2,3,3
133,1,2,3,3,2,2,2,2,2,3,3,2,2,2,2,2,3,2,2,2,2,2,2,2,2,2,7,3,3,2,3,3,2
134,1,3,3,3,3,3,3,3,3,3,3,3,2,3,7,3,3,3,3,1,3,3,3,2,3,3,3,2,3,3,2,3,7
135,1,3,7,3,3,3,2,3,3,3,3,3,3,3,3,3,3,3,3,3,3,3,3,3,3,3,3,3,7,3,7,3,3
136,1,3,3,3,3,2,3,3,3,3,3,3,3,5,3,3,3,3,3,3,3,2,2,3,3,3,3,3,3,3,3,7,3
137,1,3,7,1,3,3,3,3,2,3,5,3,3,2,2,3,3,7,3,3,3,3,3,3,3,3,3,3,3,3,3,3,2
138,1,3,3,3,3,3,3,3,3,3,3,3,3,3,3,3,7,3,3,3,3,3,3,3,3,3,3,3,3,3,3,3,3
139,1,3,3,2,3,3,2,3,3,3,3,3,3,3,3,3,3,3,3,3,3,2,2,3,3,3,3,3,3,3,3,3,3
140,1,3,2,3,3,3,7,3,3,2,3,3,3,3,3,3,2,3,3,3,3,3,3,2,5,3,3,1,7,7,3,3,2
141,1,3,3,7,2,2,2,2,3,3,2,3,3,3,3,3,1,3,3,3,2,3,3,3,3,2,3,3,2,3,2,3,7
142,1,3,3,3,3,3,3,3,3,3,3,3,3,5,2,7,3,3,1,3,7,7,3,3,3,3,2,3,3,3,3,3,5
143,1,3,3,2,7,7,3,3,3,3,3,7,3,3,7,7,2,3,3,3,3,7,3,3,7,7,3,1,3,3,3,3,7
144,1,3,3,3,7,7,3,3,7,7,7,7,7,7,7,7,7,7,7,7,7,7,3,1,2,2,3,3,7,7,7,7,3
145,1,7,7,2,2,7,7,7,7,7,7,3,3,7,7,7,3,7,7,7,1,3,7,7,3,7,7,7,7,7,7,7,7
146,1,7,2,3,3,7,7,7,3,7,3,7,3,7,3,7,7,1,3,2,7,7,7,7,7,7,7,1,2,7,1,2,7
147,1,3,3,3,3,3,3,3,3,3,3,3,3,3,3,7,3,3,7,3,7,3,3,7,3,7,3,3,3,3,3,3,3
148,1,3,3,3,3,3,3,3,3,3,3,3,3,2,3,3,3,3,3,3,3,3,3,3,3,3,3,3,3,3,3,3,3
149,1,3,3,3,3,3,3,3,3,2,3,3,3,3,3,7,3,3,3,3,2,3,3,3,3,3,3,3,3,3,3,3,3
150,1,3,7,3,3,2,3,3,3,3,3,3,3,3,3,3,3,3,3,3,3,3,3,3,3,3,3,3,3,3,3,3,3
151,1,3,3,3,3,3,3,3,3,3,3,3,3,2,3,3,3,3,7,2,7,3,3,3,3,3,3,3,3,3,3,3,3
152,1,3,3,3,3,3,3,3,2,3,3,3,3,3,3,3,3,3,3,3,3,3,3,3,3,3,2,3,3,3,3,3,3
153,1,3,2,3,3,3,3,5,2,7,3,3,7,3,3,3,3,3,3,3,3,3,3,3,3,3,3,3,3,3,3,3,3
154,1,3,3,3,3,3,3,3,3,2,7,3,3,3,3,3,7,3,3,3,3,3,3,3,3,7,3,3,2,3,3,3,7
155,1,3,3,3,3,7,3,3,3,7,7,3,3,3,3,3,3,3,3,3,3,3,3,3,3,3,3,3,3,3,3,3,3
156,1,3,2,7,3,3,3,3,3,3,3,3,3,2,3,3,3,3,3,2,3,3,3,2,3,3,2,3,3,3,3,3,3
157,1,3,3,3,3,3,2,3,3,3,2,2,3,3,3,3,2,3,2,3,2,2,3,7,3,3,3,3,3,3,3,3,3
158,1,3,3,7,3,3,3,3,7,3,3,7,3,7,3,2,3,2,7,3,3,3,3,3,2,3,2,3,3,3,3,3,3
159,1,3,3,3,3,3,3,3,3,3,5,3,3,7,3,3,3,7,7,3,3,2,3,2,3,3,3,3,3,3,3,3,7
160,1,3,7,7,3,3,7,3,2,3,3,7,7,3,7,3,2,2,3,3,3,3,3,7,3,7,3,3,3,2,7,3,3
161,1,3,3,3,3,2,3,7,3,3,3,3,3,3,2,3,3,3,7,3,3,3,3,3,3,2,3,3,3,3,2,3,3
162,1,3,3,7,3,3,3,7,7,3,3,3,3,3,2,3,3,3,3,3,3,3,3,3,3,7,3,3,3,3,7,3,3
163,1,3,7,7,2,3,5,2,3,3,3,3,7,3,3,3,3,3,1,3,3,7,7,3,3,3,3,2,3,3,3,2,7
164,1,7,7,7,2,7,7,3,7,7,7,7,3,7,7,7,7,7,7,7,7,3,7,3,7,3,7,2,7,7,7,7,7
165,1,7,7,7,7,7,7,7,3,7,7,7,7,2,7,7,3,7,7,7,7,3,3,3,7,7,7,7,3,7,3,7,7
166,1,3,3,3,7,3,3,3,3,3,3,7,7,3,3,3,3,3,3,3,7,7,7,7,3,3,3,7,3,3,3,3,2
167,1,7,7,7,7,2,7,7,7,7,7,7,7,7,3,7,7,2,7,7,7,7,7,7,2,3,3,7,7,7,7,7,2
168,1,3,7,3,7,7,7,3,2,3,3,7,7,3,3,7,3,7,3,7,3,3,3,3,7,3,7,7,7,3,7,7,7
169,1,7,7,7,3,7,3,7,7,7,7,7,7,3,7,7,7,7,7,7,7,7,7,7,7,7,7,7,7,7,7,2,7
170,1,7,2,7,7,7,7,7,2,7,2,2,7,3,7,7,7,7,7,7,7,8,7,7,7,7,7,3,7,7,3,7,7
171,1,7,7,2,7,7,7,3,7,7,7,7,7,7,7,2,3,3,7,7,2,3,3,3,7,7,7,7,3,7,7,7,7
172,1,2,2,2,3,2,2,2,2,3,2,3,2,2,2,2,2,3,2,3,2,2,2,2,2,2,2,2,2,2,2,2,2
173,1,2,2,2,3,2,2,3,2,2,2,2,2,2,5,2,2,2,3,2,2,2,2,2,2,2,2,2,2,2,3,2,7
174,1,2,2,2,7,2,2,2,3,2,7,7,2,2,7,2,7,7,2,2,7,2,2,2,2,7,7,7,2,2,3,2,2
175,1,2,2,2,2,3,7,2,2,2,7,3,2,2,7,7,2,7,2,7,7,2,7,3,2,7,2,2,7,3,2,3,2
176,1,3,3,2,2,3,3,3,2,2,3,3,3,3,3,7,7,2,7,3,3,3,3,3,3,2,3,3,3,3,3,2,3
177,1,3,3,7,7,7,7,7,5,3,7,2,7,7,7,3,7,3,3,7,3,3,7,2,7,7,3,3,3,3,3,3,3
178,1,2,7,7,2,7,2,3,2,3,2,5,2,7,2,2,7,2,2,5,2,7,2,7,5,7,2,2,7,2,3,3,2
179,1,2,7,7,7,3,2,2,2,2,3,3,3,2,7,2,2,3,2,7,2,7,2,2,7,7,7,7,2,2,7,7,2
180,1,2,7,2,2,7,2,2,2,3,3,3,7,2,7,2,7,7,2,3,2,2,2,3,2,3,2,2,2,7,2,2,2
181,1,7,7,3,7,7,3,3,3,3,7,7,7,7,7,7,7,3,7,7,7,3,7,2,7,7,7,7,7,7,7,3,7
182,1,7,7,7,7,7,7,2,3,2,7,7,7,7,7,3,7,7,7,7,7,3,7,3,7,2,3,7,7,7,7,7,7
0,2,2,3,2,5,2,7,7,7,2,3,2,3,7,2,7,2,2,2,7,7,2,2,3,2,7,2,3,2,2,7,2,7
1,2,2,2,2,2,2,7,3,7,7,7,3,7,2,7,7,2,2,3,3,2,3,2,2,7,7,7,2,2,2,2,7,2
2,2,2,2,7,7,2,3,7,2,3,3,7,2,2,2,3,2,7,7,7,7,7,7,2,2,7,7,7,3,2,2,2,7
3,2,7,3,7,7,3,7,7,3,7,7,5,5,7,2,7,7,7,3,7,3,3,2,7,7,3,7,7,2,2,7,7,2
4,2,5,5,5,5,5,7,5,5,3,3,5,5,3,5,7,5,5,5,3,5,3,5,5,3,5,3,3,5,5,5,5,5
5,2,3,5,2,3,3,3,5,3,5,3,3,3,3,3,5,5,5,3,3,3,3,3,5,5,3,3,3,3,5,3,5,5
6,2,5,7,5,2,5,3,2,5,3,5,5,5,5,5,3,5,7,3,2,3,5,2,7,5,2,3,5,2,7,2,5,3
7,2,5,3,5,5,5,5,5,5,5,5,5,5,2,5,5,5,3,5,5,3,3,5,5,3,5,5,5,5,7,5,5,5
8,2,5,5,5,2,5,3,5,7,5,5,3,3,5,5,5,5,5,5,3,2,7,5,5,3,5,3,7,7,5,5,5,3
9,2,5,2,5,2,5,3,5,3,5,5,2,7,2,7,5,5,7,2,2,2,2,2,7,7,3,3,5,2,2,7,5,7
10,2,5,5,3,7,5,5,7,3,3,3,5,3,7,5,3,7,7,5,5,5,7,5,5,7,5,5,7,3,5,5,3,5
11,2,5,3,3,2,2,7,7,5,7,7,3,7,2,5,2,7,2,7,2,7,5,3,5,2,5,5,2,3,3,3,5,7
12,2,5,3,3,5,7,7,3,7,5,7,7,5,5,3,5,7,4,7,5,5,7,5,5,7,5,3,7,5,7,5,7,5
13,2,7,7,7,7,1,7,7,7,2,3,2,3,3,7,7,7,7,7,7,7,7,1,7,7,3,3,7,7,7,7,7,7
14,2,7,7,7,7,3,7,7,7,7,7,3,7,3,2,7,7,7,7,2,7,7,7,7,7,3,7,7,7,7,7,7,3
15,2,7,7,7,7,7,7,7,7,3,7,7,7,7,7,7,7,7,7,7,7,7,2,7,7,3,7,7,1,7,7,7,7
16,2,7,7,7,7,7,7,7,3,7,7,7,7,7,7,7,2,7,7,7,7,7,7,7,7,7,7,2,7,7,1,7,7
17,2,7,7,7,7,7,7,7,7,7,7,7,7,7,7,7,7,7,1,3,7,7,7,7,7,7,7,7,3,7,2,7,7
18,2,7,7,7,7,7,7,7,7,7,7,7,7,7,7,7,7,3,7,7,2,7,7,7,7,7,2,7,7,5,7,7,7
19,2,7,7,7,3,7,7,2,7,7,7,7,7,3,2,7,7,7,7,7,7,7,3,7,7,7,7,7,7,7,7,2,7
20,2,7,7,3,2,7,7,7,7,7,7,7,7,3,7,7,2,7,7,7,2,7,7,7,7,3,7,7,7,2,7,7,7
21,2,7,7,7,7,7,7,7,7,7,7,7,7,7,7,7,7,2,7,7,7,7,7,7,7,7,7,7,7,7,7,7,7
22,2,7,7,7,7,7,7,7,7,7,7,7,7,7,7,7,7,7,7,7,7,7,3,7,7,7,3,7,7,7,7,7,3
23,2,7,7,7,3,7,7,7,3,7,7,7,7,7,7,7,7,7,7,7,7,7,3,7,7,7,7,7,7,7,7,7,7
24,2,7,7,7,7,7,7,7,7,7,7,7,7,7,7,7,7,7,7,3,7,7,7,7,7,7,7,7,7,7,7,7,7
25,2,7,7,7,7,7,7,3,7,7,5,7,5,7,7,7,7,3,7,3,7,5,7,7,5,5,7,7,7,7,7,7,7
26,2,7,7,7,3,2,5,3,7,7,7,3,7,3,3,7,7,7,7,7,7,7,3,3,7,7,7,7,7,3,7,7,7
27,2,7,7,7,7,7,7,3,7,7,7,7,3,7,7,7,7,7,7,7,7,7,5,7,7,7,7,7,7,7,7,7,7
28,2,7,7,7,7,7,3,7,7,7,7,7,3,7,7,7,3,7,7,7,7,5,7,7,3,7,3,5,7,3,7,7,7
29,2,3,2,3,3,3,3,3,3,3,3,3,2,3,2,3,3,3,3,3,3,3,3,2,3,3,3,2,1,3,3,3,3
30,2,3,3,3,3,3,3,3,3,3,3,2,3,3,3,3,3,3,3,3,3,3,3,3,3,3,2,3,3,3,3,3,2
31,2,3,3,3,3,3,3,3,3,3,2,3,3,3,3,3,3,3,3,3,3,3,3,3,3,3,3,3,3,3,3,3,3
32,2,3,3,3,3,3,2,3,3,3,3,3,2,2,3,3,3,3,3,3,3,3,3,3,3,3,3,3,2,3,3,3,3
33,2,3,3,3,3,3,3,3,2,2,3,3,3,3,3,3,3,3,3,3,3,3,3,3,3,3,3,3,3,3,3,3,3
34,2,3,3,3,3,3,3,3,3,3,3,2,3,3,3,3,3,2,3,3,3,2,3,3,3,3,3,3,3,3,3,3,3
35,2,3,3,3,3,3,3,3,3,3,3,3,3,3,3,3,3,3,2,3,3,3,1,3,3,3,3,3,3,2,3,3,3
36,2,3,3,3,3,3,3,1,3,3,5,7,3,3,3,3,3,3,3,2,3,3,3,3,3,3,2,3,3,3,3,3,3
37,2,3,3,3,3,3,2,3,3,3,3,3,2,3,3,3,2,5,3,3,3,3,5,5,5,2,3,3,3,3,3,3,3
38,2,3,3,3,2,3,3,3,3,3,3,3,3,3,3,3,3,3,3,3,3,7,2,3,3,3,3,2,3,7,2,3,3
39,2,3,3,3,2,2,3,3,3,3,3,3,3,3,3,3,3,3,3,3,3,2,3,2,3,3,3,3,3,2,3,3,3
40,2,3,3,3,3,3,3,3,2,3,3,3,5,3,3,3,3,3,3,3,3,3,3,3,3,3,3,3,3,3,3,3,3
41,2,3,3,3,3,3,3,3,3,3,3,3,3,2,3,2,3,3,3,3,3,1,3,3,3,3,3,3,2,3,3,3,3
42,2,3,3,3,3,3,2,2,3,2,3,3,3,3,3,2,3,3,3,3,3,3,3,2,3,3,3,7,3,3,3,3,2
43,2,3,7,3,3,3,3,3,3,3,3,3,3,3,2,3,3,3,3,3,3,3,3,3,3,3,3,3,3,3,3,3,3
44,2,3,3,3,3,3,3,3,3,3,3,3,3,3,2,3,3,3,3,3,3,3,2,3,3,3,3,3,3,3,3,3,3
45,2,3,3,3,3,3,3,3,3,3,3,3,3,3,3,3,3,3,3,3,3,3,3,7,3,2,3,3,3,3,3,3,3
46,2,3,3,1,3,3,3,3,3,3,3,3,3,3,3,3,3,3,3,3,3,3,3,3,3,3,3,7,3,3,3,3,3
47,2,3,3,3,3,3,3,3,3,3,7,3,3,3,3,7,3,3,3,7,3,3,3,3,7,3,3,3,3,7,3,3,3
48,2,3,3,3,3,7,3,7,7,3,2,3,7,7,3,3,3,3,7,3,3,3,7,3,3,3,3,3,3,3,7,3,3
49,2,7,7,3,3,3,3,7,3,3,7,7,3,3,7,7,7,3,3,3,3,3,3,3,3,7,3,7,3,3,3,3,7
50,2,3,3,2,5,3,3,2,3,3,3,3,3,7,3,2,3,3,2,3,3,3,3,3,3,3,5,3,7,3,3,2,3
51,2,2,3,2,2,3,3,2,3,2,2,2,2,3,2,2,2,2,2,2,2,3,3,2,2,2,5,3,2,2,5,2,3
52,2,2,2,2,3,2,2,2,2,2,2,2,2,2,5,2,2,2,2,5,2,2,2,2,2,3,2,2,2,2,2,2,2
53,2,5,5,5,3,5,5,5,5,7,3,5,5,5,5,5,5,3,5,5,5,2,5,5,5,5,7,5,5,5,5,5,5
54,2,3,3,3,7,3,3,3,3,3,2,3,3,3,7,3,3,3,7,3,3,3,3,3,3,3,3,3,3,3,7,3,3
55,2,3,3,1,3,3,3,3,3,3,3,3,3,3,3,3,5,3,7,3,3,3,3,5,3,3,3,5,3,3,3,3,3
56,2,3,3,5,5,5,3,3,3,3,3,3,5,5,3,5,5,5,3,5,3,5,3,3,5,3,3,5,5,3,3,3,3
57,2,5,1,3,5,3,2,2,3,5,1,5,2,5,3,5,5,3,5,3,5,3,3,5,5,3,3,5,3,5,5,3,5
58,2,7,3,7,3,7,3,7,3,3,7,7,3,7,7,4,3,3,7,7,7,3,7,3,3,7,7,7,3,7,7,3,7
59,2,5,5,7,3,3,7,5,5,5,5,3,7,5,7,3,7,3,7,5,5,5,5,5,7,7,5,7,7,5,7,5,3
60,2,3,3,3,3,3,3,3,5,5,3,5,3,7,5,7,3,7,3,3,3,3,5,3,5,7,3,7,5,3,5,3,5
61,2,7,7,3,3,7,3,3,7,7,7,7,7,7,3,7,7,5,3,3,3,7,7,7,7,3,3,7,7,7,3,7,5
62,2,3,3,3,3,3,7,7,3,3,3,3,5,5,3,3,3,3,3,5,3,5,3,7,3,3,3,3,7,7,3,3,5
63,2,5,3,5,2,5,3,5,3,3,5,3,5,3,3,3,5,3,5,7,3,5,7,3,3,3,3,3,5,3,7,5,5
64,2,3,3,5,3,3,3,3,5,3,3,3,3,3,3,3,1,3,3,5,3,3,3,3,5,3,3,3,3,3,3,3,3
65,2,3,3,3,4,3,3,5,3,3,3,7,3,3,3,3,3,3,3,3,3,3,3,3,3,3,2,3,3,3,3,3,7
66,2,7,3,3,7,3,3,3,3,2,3,3,3,3,3,3,7,3,2,3,2,3,5,3,3,7,3,3,3,3,3,3,3
67,2,7,7,7,3,7,7,7,7,7,7,7,7,7,3,5,7,7,7,7,3,7,7,7,7,7,7,7,7,7,3,2,7
68,2,7,7,7,7,7,7,7,7,5,7,7,7,2,7,7,7,7,7,7,3,7,7,7,7,7,7,2,3,3,7,3,7
69,2,7,7,7,7,7,7,7,3,7,7,7,7,7,3,7,7,7,7,7,7,7,3,7,3,3,3,7,7,3,7,7,7
70,2,7,7,7,7,7,7,7,7,7,3,7,3,7,7,7,7,7,7,7,7,7,3,7,7,7,3,3,7,7,3,7,3
71,2,3,7,3,3,7,3,3,3,3,7,3,3,3,3,3,3,7,7,3,7,3,7,3,3,3,7,3,7,5,3,5,7
72,2,3,3,3,3,3,7,3,3,3,3,3,7,3,3,3,3,3,3,3,7,3,7,3,3,3,7,3,3,3,3,3,3
73,2,3,3,3,3,3,3,3,3,3,3,3,3,3,3,7,3,3,3,3,3,3,3,3,3,7,3,3,7,3,3,3,7
74,2,7,7,7,7,3,7,7,3,7,7,1,7,7,7,7,7,7,7,7,7,7,7,7,7,7,7,7,7,7,7,7,7
75,2,7,7,3,7,7,7,7,3,7,7,3,7,7,7,7,7,7,7,7,7,7,7,7,7,3,7,7,7,7,7,7,7
76,2,7,7,7,7,7,7,7,7,7,7,3,7,7,7,7,3,7,7,7,7,7,7,7,3,7,7,7,7,7,7,7,7
77,2,7,7,7,7,7,7,3,7,7,7,7,7,7,7,3,7,3,7,7,7,7,7,3,7,7,2,7,7,7,5,7,7
78,2,7,7,7,7,7,7,4,7,7,7,7,7,7,7,7,7,7,3,7,7,7,7,7,2,7,7,7,7,7,7,7,7
79,2,5,5,5,5,5,7,5,3,5,7,3,7,7,7,5,5,3,3,7,5,3,7,7,7,5,5,7,5,5,7,3,3
80,2,5,1,5,5,5,5,5,7,5,5,5,5,3,5,7,5,5,5,5,7,5,5,5,5,5,7,5,5,5,5,5,5
81,2,7,7,5,7,7,3,7,7,5,5,7,3,7,7,7,5,7,7,5,7,5,7,7,7,7,7,7,5,7,3,7,7
82,2,7,7,3,5,7,3,5,5,7,5,5,7,7,5,5,5,7,5,5,7,7,7,7,7,5,7,7,5,5,5,7,3
83,2,5,5,7,7,5,5,5,7,5,5,7,5,7,5,5,7,7,5,3,3,7,5,5,7,7,5,5,5,5,5,5,7
84,2,7,7,7,5,7,7,7,5,3,5,3,7,7,7,7,7,7,7,7,3,5,7,3,7,7,3,7,3,5,5,7,7
85,2,7,5,5,7,5,5,3,3,3,7,3,3,7,7,7,7,5,7,3,7,3,7,7,5,2,7,3,7,5,3,5,7
86,2,7,7,3,5,7,5,7,5,3,5,7,7,7,3,7,5,7,3,7,5,3,3,5,7,7,3,5,5,5,5,7,5
87,2,7,3,7,8,7,7,7,7,7,7,3,7,7,7,7,7,7,7,1,7,1,3,7,7,7,3,7,7,1,7,7,7
88,2,7,3,3,3,7,7,3,7,7,7,7,7,7,7,1,7,5,7,2,7,7,7,3,7,7,3,2,7,7,7,3,7
89,2,7,7,7,7,7,7,3,7,3,7,7,7,7,7,1,7,7,7,7,7,7,7,7,7,3,3,7,7,7,3,7,7
90,2,7,7,7,3,3,3,7,7,7,7,7,7,7,7,7,7,7,7,7,7,7,7,7,7,7,3,7,7,7,7,7,7
91,2,7,7,7,7,7,7,7,7,7,7,7,7,7,7,7,7,7,7,7,7,7,7,7,3,7,3,3,7,7,7,3,7
92,2,7,7,1,7,7,7,7,7,7,7,7,7,7,7,7,7,7,7,7,3,7,7,7,7,7,7,7,3,5,7,7,4
93,2,7,7,7,1,7,3,7,7,7,7,7,7,7,7,7,7,3,7,7,7,1,7,7,7,7,7,7,7,7,7,5,7
94,2,7,7,7,7,3,7,7,7,7,5,7,5,7,7,7,7,7,7,7,7,7,7,7,7,7,7,7,7,7,7,7,7
95,2,7,7,7,7,7,7,7,7,7,7,7,7,7,3,7,7,7,7,5,7,7,7,7,7,7,7,7,7,7,7,7,7
96,2,7,7,7,5,1,7,7,7,7,3,7,7,5,7,7,7,7,3,7,7,1,7,1,7,7,7,7,7,7,7,3,7
97,2,7,7,7,7,7,7,7,7,7,7,7,7,7,7,7,7,7,7,7,7,7,3,7,7,7,7,7,7,7,7,7,7
98,2,7,7,7,7,7,7,7,3,7,7,3,7,7,7,1,7,7,5,1,7,7,7,3,7,7,7,7,7,7,1,5,7
99,2,7,3,7,7,7,7,7,7,7,7,7,7,5,7,7,7,7,7,3,5,3,7,7,7,7,7,1,5,7,7,7,7
100,2,7,7,7,7,1,1,7,7,7,7,1,7,7,7,7,7,7,7,7,1,7,7,3,7,7,1,7,7,7,7,7,3
101,2,7,7,7,7,7,7,7,7,7,7,7,7,7,7,7,3,3,4,7,7,7,7,7,7,7,7,7,7,7,7,7,7
102,2,2,2,2,2,3,3,2,2,7,2,2,2,2,2,3,2,1,2,7,2,2,2,2,2,2,2,2,2,3,3,2,2
103,2,2,2,2,2,2,3,2,2,2,3,2,2,3,2,3,2,2,3,2,2,2,2,2,2,2,2,2,2,2,3,2,2
104,2,3,2,2,7,2,2,2,3,2,3,2,2,2,2,2,3,2,3,2,2,5,2,2,2,3,2,3,2,2,2,2,7
105,2,7,2,2,2,2,2,2,7,7,2,2,2,2,7,2,2,2,2,2,2,2,2,7,2,2,2,2,2,3,7,2,2
106,2,2,2,7,2,2,7,2,2,7,2,2,3,4,2,3,2,7,2,2,5,7,2,7,2,7,7,7,2,2,2,4,2
107,2,2,2,2,2,2,2,2,2,2,2,2,2,2,2,3,2,2,2,2,2,2,2,2,2,2,2,2,2,2,2,2,2
108,2,2,2,2,2,2,2,2,2,2,2,2,1,3,2,2,2,2,2,2,2,2,2,2,2,2,2,2,2,2,2,2,2
109,2,2,2,2,2,2,2,2,2,2,2,7,2,2,2,2,2,2,2,2,2,2,2,2,2,2,2,2,3,2,2,2,2
110,2,2,2,2,2,2,2,2,2,5,3,2,2,2,2,2,2,2,2,2,2,4,2,2,2,2,2,2,2,2,2,2,2
111,2,2,2,2,2,2,2,2,2,2,3,2,2,2,2,2,2,2,2,2,2,2,2,3,2,2,2,2,2,2,2,2,2
112,2,2,2,5,2,2,2,1,2,2,2,2,2,2,2,5,2,2,2,2,2,2,2,2,2,2,2,2,2,3,2,2,2
113,2,2,2,2,7,2,2,2,2,3,5,2,1,2,2,2,2,2,3,2,2,2,2,2,2,2,2,2,4,2,3,2,2
114,2,2,2,2,2,2,2,3,2,2,2,2,2,2,2,2,2,2,2,2,2,2,2,2,2,2,2,2,2,7,2,2,2
115,2,2,3,2,2,2,2,2,2,2,2,2,2,7,2,2,2,2,2,2,2,2,2,2,2,2,7,2,2,2,2,2,2
116,2,2,2,2,2,2,3,2,3,2,2,2,2,2,2,2,2,2,2,2,3,2,2,2,2,2,2,2,2,2,2,2,2
117,2,3,3,3,3,2,3,3,3,3,3,3,3,3,3,3,3,3,3,3,3,3,3,3,3,3,3,3,2,3,3,3,3
118,2,3,2,3,3,3,3,3,3,3,5,3,3,3,3,3,3,3,3,3,3,3,2,3,3,3,3,2,3,3,3,3,3
119,2,3,3,2,2,3,2,3,3,3,3,2,3,2,3,2,3,3,3,3,3,3,2,3,7,2,2,3,2,2,3,3,3
120,2,2,3,3,3,3,3,7,3,3,3,3,2,3,2,2,3,3,3,3,3,3,3,2,2,2,3,3,3,3,3,3,2
121,2,3,3,3,3,3,3,3,3,3,3,3,3,3,3,3,3,3,3,3,2,3,3,7,3,3,3,2,3,2,3,3,7
122,2,3,3,3,3,3,3,3,3,3,3,2,3,3,3,3,3,3,3,3,3,3,2,3,3,3,3,2,2,3,2,3,3
123,2,3,3,3,3,3,3,2,3,3,3,3,3,3,3,3,3,4,3,3,3,3,3,3,7,3,7,3,3,3,3,3,3
124,2,3,3,3,3,3,3,2,3,3,3,3,3,3,3,3,2,3,3,3,3,3,3,3,3,3,7,7,3,3,2,3,3
125,2,7,7,7,7,7,3,7,7,7,7,3,7,7,3,3,3,7,7,7,7,7,7,7,7,7,3,7,7,3,3,2,7
126,2,3,3,3,3,3,7,3,7,3,3,7,3,7,3,7,3,2,3,3,5,3,3,3,3,3,7,5,3,3,3,7,3
127,2,3,3,2,3,3,3,3,3,3,3,3,3,1,3,5,3,3,3,3,3,3,3,3,7,3,3,7,3,3,3,3,3
128,2,3,3,3,3,3,3,3,3,3,3,3,3,3,3,3,3,3,3,3,3,3,7,3,3,3,2,3,3,8,5,3,7
129,2,3,5,3,3,3,3,3,3,3,3,3,3,3,3,3,3,3,3,1,3,3,2,2,3,3,3,3,3,3,3,5,3
130,2,3,2,3,2,3,3,3,2,1,3,3,3,3,3,3,2,3,3,3,3,3,5,3,3,5,3,3,3,3,3,3,3
131,2,3,2,3,3,3,3,3,3,3,2,3,2,2,3,3,2,3,7,3,3,2,2,2,3,3,3,2,3,3,7,3,3
132,2,3,3,2,3,3,3,5,3,5,2,3,3,3,2,3,2,3,2,3,3,2,3,2,3,3,3,2,3,3,5,3,3
133,2,3,2,3,2,3,3,5,3,3,3,3,3,2,7,3,2,2,3,3,3,3,2,3,3,3,3,3,2,3,2,3,3
134,2,3,3,3,3,2,3,3,3,3,3,3,3,3,3,3,3,3,3,3,3,3,3,3,3,3,3,3,3,3,3,3,3
135,2,3,1,3,3,3,1,7,3,3,3,7,3,3,3,3,3,3,3,3,3,2,3,5,7,3,7,3,2,3,3,3,7
136,2,3,3,3,3,2,3,3,3,3,3,3,7,3,3,2,3,4,2,3,3,3,7,3,3,3,3,3,3,3,3,3,3
137,2,2,2,2,2,2,3,2,2,2,3,3,2,2,2,2,2,2,2,2,2,3,2,3,2,2,3,2,2,2,3,2,2
138,2,7,7,7,7,5,7,7,7,7,7,7,7,7,7,3,7,7,7,7,2,7,7,2,7,2,7,7,2,2,7,7,2
139,2,5,7,7,7,7,2,7,3,7,7,2,7,7,7,5,7,7,7,7,7,7,2,2,2,2,2,7,7,3,3,3,3
140,2,5,5,5,2,5,7,5,5,5,2,3,7,5,5,7,5,7,5,2,5,7,5,5,5,5,3,5,7,5,7,5,7
141,2,5,7,5,7,3,5,7,5,5,5,5,5,5,5,5,7,5,7,5,7,7,5,3,2,5,7,7,5,5,3,5,5
142,2,7,5,7,7,7,3,5,7,5,5,7,7,7,5,7,7,7,7,7,7,3,7,5,7,7,7,7,3,7,7,5,7
143,2,7,5,7,7,7,7,7,7,7,7,3,7,7,7,3,7,7,7,7,7,7,7,7,7,7,7,7,7,7,7,7,7
144,2,7,7,7,7,7,7,3,3,7,3,7,1,3,7,7,7,5,3,3,7,7,3,3,3,3,7,3,7,3,3,7,3
145,2,7,7,7,7,7,7,7,7,7,7,7,2,3,3,7,7,7,3,2,7,7,7,3,7,7,7,7,7,7,7,7,7
146,2,7,3,7,7,5,7,3,7,3,7,7,3,7,7,3,3,7,3,3,3,3,7,7,7,3,7,2,2,7,7,7,7
147,2,7,5,7,3,3,3,3,7,7,7,2,3,7,7,7,3,3,3,5,3,7,3,7,7,7,7,3,7,7,3,5,7
148,2,7,3,7,7,7,7,3,3,7,7,2,3,7,7,7,7,7,7,7,3,7,3,7,7,5,7,2,7,7,7,7,7
149,2,7,7,7,7,7,7,5,3,3,7,7,7,7,7,7,7,7,7,7,5,7,3,7,7,7,7,7,3,7,7,7,2
150,2,7,7,7,7,5,7,7,7,7,7,3,7,7,3,7,7,7,7,7,7,7,7,7,7,7,7,7,7,7,3,7,7
151,2,3,7,7,7,3,7,3,7,7,3,3,3,7,7,7,3,3,3,3,3,7,3,3,7,3,3,3,3,3,7,3,3
152,2,3,7,7,3,3,3,3,3,5,3,3,3,3,7,7,3,3,7,3,3,7,3,2,3,3,3,3,3,7,3,3,3
153,2,3,3,3,7,3,7,3,3,7,3,3,3,7,3,3,3,3,3,3,3,3,3,3,3,3,3,3,3,3,3,3,3
154,2,7,7,7,7,7,5,3,3,7,7,3,3,7,3,3,3,3,7,7,7,7,7,3,7,7,2,7,7,7,7,3,7
155,2,7,7,7,7,7,7,7,3,7,7,7,7,2,7,7,5,7,3,7,7,7,7,7,3,7,7,7,7,7,7,7,7
156,2,3,3,3,3,3,3,3,7,3,2,3,3,7,3,7,3,3,3,7,3,7,3,7,3,7,5,7,3,7,3,3,3
157,2,3,3,7,3,3,3,7,3,7,2,3,3,3,3,3,3,3,3,3,3,3,3,3,7,3,3,3,3,3,3,2,3
158,2,3,3,3,7,3,2,3,3,3,3,7,3,3,3,3,3,3,3,3,3,7,3,7,3,3,3,3,3,3,3,3,3
159,2,3,3,3,3,3,3,3,7,3,3,3,3,3,3,3,3,3,7,3,3,3,3,3,3,3,3,3,3,3,3,3,3
160,2,3,3,3,3,2,3,3,7,3,3,3,3,2,3,3,3,2,3,3,3,3,3,3,3,3,3,3,3,2,3,3,3
161,2,3,3,3,3,7,3,3,3,3,3,7,5,3,3,3,3,3,3,3,3,2,3,3,3,3,3,7,3,3,3,3,3
162,2,7,3,2,7,3,7,7,3,7,3,7,3,3,7,7,7,7,7,3,7,7,3,7,3,7,7,3,3,7,3,3,7
163,2,7,7,5,7,7,7,3,7,7,7,7,3,7,3,7,7,7,7,7,7,7,7,7,7,7,7,7,3,7,3,7,7
164,2,7,3,7,7,7,7,3,7,7,2,7,7,7,7,7,7,7,7,7,7,7,7,7,2,7,7,3,7,7,7,7,3
165,2,7,7,7,7,7,3,7,7,3,7,2,7,7,7,7,7,7,7,8,7,7,7,7,7,7,7,7,7,3,7,7,7
166,2,7,3,7,7,7,7,7,7,7,7,3,7,3,7,7,3,7,7,7,3,3,7,7,3,7,3,7,7,7,3,3,7
167,2,7,2,7,7,3,7,7,7,7,3,7,7,7,7,7,7,7,3,7,7,7,7,7,7,7,7,7,3,7,7,7,7
168,2,7,7,7,7,7,7,5,3,7,7,7,7,3,7,7,7,7,2,7,3,7,7,3,7,7,7,7,7,7,7,7,5
169,2,7,7,3,7,7,5,7,7,7,7,7,7,7,7,7,7,7,7,7,7,7,7,7,5,7,7,7,7,7,7,7,7
170,2,7,7,7,7,3,7,7,7,5,7,5,7,7,7,7,7,7,3,7,7,7,7,7,7,7,7,7,7,7,7,7,7
171,2,7,7,7,3,7,7,3,7,7,7,7,7,7,7,7,7,7,7,7,7,7,7,7,7,7,7,7,7,7,7,7,7
172,2,7,7,7,7,7,7,7,7,7,7,7,7,7,7,7,7,7,7,7,7,3,7,7,7,7,7,7,3,7,2,7,7
173,2,7,7,7,7,7,7,7,7,7,7,7,7,7,3,7,7,7,7,7,3,7,7,3,7,7,7,7,7,7,7,5,7
174,2,7,7,7,7,7,2,7,7,7,2,3,7,2,7,7,7,2,7,7,7,7,7,7,7,7,7,7,7,7,7,7,7
175,2,7,7,7,7,7,7,5,3,7,7,7,7,7,7,7,7,2,7,7,7,7,7,7,7,7,7,7,7,7,3,7,7
176,2,7,7,2,5,7,7,7,7,7,7,3,7,7,3,7,7,7,7,7,7,7,7,7,7,7,7,7,7,7,7,7,7
177,2,7,7,7,3,7,7,7,7,3,7,7,7,7,7,7,7,7,7,7,7,7,3,7,7,7,7,7,7,7,7,7,7
178,2,7,7,5,7,7,7,7,2,7,7,7,7,7,3,7,7,7,7,7,7,7,7,7,7,7,7,7,7,2,7,7,3
179,2,7,7,7,5,7,7,7,7,7,7,7,7,7,7,3,7,7,7,7,3,7,7,7,7,7,7,7,3,7,3,7,7
180,2,7,3,7,7,7,7,7,7,7,7,7,3,7,7,3,7,7,7,7,7,7,7,7,7,3,3,3,5,5,7,7,7
181,2,7,7,7,8,7,7,7,7,3,7,7,7,7,7,7,7,7,7,7,7,3,7,7,7,7,7,7,7,7,7,7,7
182,2,7,7,7,3,7,7,7,7,7,7,7,7,7,7,7,7,7,7,7,7,7,7,7,3,7,7,7,7,3,7,7,7
0,3,7,7,7,3,7,7,7,7,7,7,7,7,7,7,7,7,7,7,7,7,7,3,7,7,7,7,7,2,7,3,5,7
1,3,7,7,3,3,7,7,7,7,7,7,7,7,7,7,7,7,7,7,7,4,7,7,7,1,7,3,7,7,7,7,5,3
2,3,7,7,7,7,3,7,7,7,7,7,5,7,7,7,7,7,3,3,7,7,7,7,7,7,7,7,7,7,7,7,7,7
3,3,7,7,7,7,7,7,7,5,7,7,7,7,7,7,7,5,7,7,7,7,7,7,5,3,7,7,7,7,5,7,3,7
4,3,7,7,7,7,7,3,3,7,7,7,7,7,3,7,7,7,3,3,3,7,7,9,7,7,7,7,7,7,7,7,7,7
5,3,7,7,7,7,7,7,7,7,3,3,7,7,7,1,3,7,7,7,2,7,7,7,7,7,7,7,7,7,7,7,3,7
6,3,7,7,3,7,7,7,5,7,7,7,7,7,7,7,7,7,7,7,7,7,7,5,7,7,7,7,7,7,7,7,7,3
7,3,7,7,7,7,3,7,3,7,7,7,7,7,3,3,3,3,7,7,7,7,3,7,2,7,7,7,7,7,7,7,7,7
8,3,7,7,3,7,7,3,7,7,7,3,2,3,3,7,7,7,7,3,3,7,3,7,7,3,7,7,7,3,7,7,3,7
9,3,7,3,3,7,7,7,7,7,7,3,7,5,7,7,5,7,7,2,7,5,7,7,7,3,7,7,7,7,5,7,5,7
10,3,3,3,3,1,3,3,3,3,3,3,3,3,7,3,3,3,3,3,3,3,3,3,3,2,2,3,3,3,3,3,3,3
11,3,3,3,3,3,7,3,3,3,3,3,3,3,3,3,3,3,3,3,3,3,3,3,5,3,3,3,3,3,3,3,7,3
12,3,3,3,3,3,3,3,3,3,3,3,3,3,3,3,3,7,3,3,3,3,3,3,3,2,3,3,3,3,3,3,7,3
13,3,3,3,3,7,7,7,3,7,3,3,3,3,3,3,3,3,5,5,3,3,3,3,3,3,7,3,3,3,3,3,3,3
14,3,7,3,7,7,7,7,7,7,3,7,3,5,7,7,3,7,7,3,7,7,7,7,7,7,3,5,7,3,3,3,5,3
15,3,5,7,7,5,3,5,5,7,7,3,7,5,5,5,7,5,5,5,5,7,3,5,5,7,3,7,3,5,5,7,2,7
16,3,5,7,5,5,2,5,5,5,5,5,5,5,5,5,5,5,7,3,5,5,5,5,3,7,5,3,5,5,5,7,3,5
17,3,5,5,5,5,5,5,3,5,5,5,5,5,5,5,5,5,5,5,5,5,5,5,5,5,5,5,5,5,5,5,5,5
18,3,5,3,7,3,3,5,3,5,7,5,5,5,5,5,5,5,2,5,5,5,3,5,5,7,5,7,5,5,5,3,5,5
19,3,5,5,5,5,5,5,5,7,5,5,5,5,5,7,5,5,5,5,5,5,5,5,5,5,5,5,3,5,7,5,5,5
20,3,5,3,5,5,5,7,5,5,2,5,3,5,5,5,5,3,5,5,5,5,5,5,5,5,5,5,5,5,5,3,5,5
21,3,3,5,5,5,3,5,5,5,5,5,5,5,5,3,7,5,3,5,5,5,5,5,5,5,5,5,7,5,3,5,5,5
22,3,5,5,5,5,5,5,5,5,3,5,5,5,3,5,5,5,5,5,5,5,5,3,5,5,5,5,5,3,5,5,5,5
23,3,5,5,5,5,5,5,3,5,5,5,3,5,5,5,5,5,5,5,3,3,5,5,3,5,5,2,5,2,5,5,5,5
24,3,5,5,3,5,5,3,5,3,5,5,5,5,7,5,5,5,5,5,5,5,5,5,5,5,5,5,5,5,5,5,5,2
25,3,5,7,5,3,7,5,5,7,5,5,5,3,5,5,5,5,3,2,5,5,5,3,5,5,5,5,5,3,5,5,5,5
26,3,5,5,5,5,5,5,3,5,5,5,5,5,7,5,5,7,5,5,5,5,2,5,3,5,3,5,5,5,5,3,5,5
27,3,3,2,3,5,5,3,3,5,3,3,5,5,7,5,5,5,2,5,3,3,3,5,3,3,3,5,2,5,3,5,3,5
28,3,5,5,5,5,3,5,5,5,3,5,3,5,5,5,5,5,7,5,5,5,3,5,5,5,2,5,5,5,5,7,5,5
29,3,3,5,3,5,3,5,3,3,3,7,5,2,3,5,3,3,5,5,5,5,5,3,5,3,5,3,3,3,5,3,3,3
30,3,5,5,5,2,5,5,3,5,3,5,5,3,3,5,5,3,5,5,5,5,5,5,5,3,5,5,5,5,5,5,5,3
31,3,3,8,3,3,2,3,2,3,3,3,3,3,3,3,3,5,3,3,3,3,3,3,7,3,3,3,3,3,3,5,3,3
32,3,3,2,3,7,2,3,2,5,2,3,3,3,3,3,2,2,2,5,2,2,2,3,5,3,2,2,3,2,2,2,3,2
33,3,3,3,5,3,3,3,3,3,3,3,3,3,3,3,3,3,3,3,3,3,3,2,3,3,3,2,3,3,3,2,3,3
34,3,3,3,3,3,3,3,5,3,3,3,3,3,3,3,3,3,3,3,3,3,3,3,3,3,3,3,3,3,3,3,3,3
35,3,3,3,3,3,3,3,3,5,3,7,3,3,3,3,3,3,3,3,3,3,3,2,3,3,3,3,3,3,3,5,3,7
36,3,3,3,3,3,3,2,3,3,3,1,3,3,7,3,3,3,5,3,3,3,2,3,3,3,3,3,3,3,3,3,3,2
37,3,3,3,3,3,3,7,3,7,3,5,3,3,3,3,3,3,2,3,3,3,3,3,3,3,3,3,3,1,2,3,3,3
38,3,3,3,3,3,3,3,3,3,3,3,3,3,3,3,3,3,3,3,3,3,7,3,3,3,3,3,7,3,5,3,7,3
39,3,3,3,3,3,3,3,3,3,3,3,3,7,3,3,3,3,2,3,3,3,3,3,3,3,3,2,3,3,5,3,3,2
40,3,3,3,3,3,3,3,7,3,3,1,3,3,3,3,2,3,3,3,3,3,3,3,2,2,3,3,3,3,3,3,3,3
41,3,3,3,7,3,5,3,3,2,3,3,3,3,3,3,1,3,3,3,3,3,3,3,3,3,3,3,3,3,3,3,3,3
42,3,3,2,3,3,2,3,3,3,7,3,3,3,3,2,3,3,3,3,3,5,3,3,3,5,3,3,3,3,3,3,7,3
43,3,3,3,3,3,3,7,3,2,3,3,3,3,3,3,3,3,3,3,3,3,3,3,3,3,3,3,5,3,2,3,3,3
44,3,3,3,7,3,3,7,3,7,7,3,3,3,7,3,3,2,7,3,7,7,7,3,7,3,3,3,3,3,7,5,1,7
45,3,7,7,3,7,7,7,7,7,7,1,7,7,7,7,3,3,3,7,7,7,7,7,7,3,7,3,7,7,7,7,7,7
46,3,7,7,7,7,7,7,7,7,7,7,7,7,7,7,7,7,7,7,7,7,7,7,7,7,5,7,7,7,7,7,3,7
47,3,7,7,7,7,7,7,7,7,7,5,7,7,7,7,7,7,7,7,7,7,7,7,7,3,7,7,7,7,7,7,7,7
48,3,7,7,7,7,7,7,7,7,7,7,7,7,3,7,7,7,7,7,7,7,2,7,7,7,7,7,7,7,7,7,7,7
49,3,7,7,7,7,7,1,7,7,7,7,7,7,7,7,7,7,7,7,7,7,7,7,3,7,7,7,7,7,7,7,7,7
50,3,7,3,3,3,7,3,3,3,3,3,3,3,5,7,3,7,3,3,7,3,3,3,7,7,3,3,3,3,3,3,3,7
51,3,7,7,7,7,7,7,7,3,3,3,7,3,1,3,7,3,3,3,7,3,7,7,7,7,7,7,7,7,7,7,7,3
52,3,3,3,3,3,3,7,3,7,3,3,3,3,3,3,2,3,5,3,3,3,3,3,7,7,3,3,3,5,3,3,3,3
53,3,3,7,3,3,5,3,3,7,2,3,3,1,3,3,3,3,3,7,7,3,3,3,7,3,7,3,3,3,3,3,3,3
54,3,3,3,3,3,3,3,3,3,3,1,7,3,3,3,7,5,3,3,2,3,7,3,3,3,3,3,3,3,7,3,3,3
55,3,7,3,5,3,5,3,3,7,3,3,3,1,5,3,3,3,3,3,3,7,3,3,3,3,3,3,3,5,3,3,3,7
56,3,3,7,7,3,5,7,7,3,3,3,3,3,3,7,1,3,7,3,3,2,7,1,3,7,5,3,3,3,3,7,3,3
57,3,7,7,7,5,7,7,7,1,7,7,7,7,7,7,7,7,7,7,7,4,7,5,7,7,7,7,7,7,7,7,7,7
58,3,7,7,7,7,7,7,3,3,7,7,7,7,7,7,7,7,7,7,5,4,7,7,7,7,3,7,7,7,7,7,7,7
59,3,7,3,7,7,7,7,7,7,7,7,7,7,7,7,5,7,7,7,7,7,5,3,7,7,7,7,7,7,7,7,7,7
60,3,7,7,3,7,3,7,7,7,7,7,7,3,7,7,7,7,7,3,3,3,7,5,7,7,7,1,7,7,5,7,7,7
61,3,3,3,3,3,3,3,3,7,3,3,3,3,7,3,3,3,3,7,3,3,3,3,7,3,7,3,3,5,7,7,7,3
62,3,7,7,7,7,7,7,7,7,7,7,7,7,7,7,7,7,7,7,4,7,7,4,7,7,7,3,3,7,7,7,3,7
63,3,7,7,7,7,7,7,7,7,7,3,5,3,7,7,7,7,7,3,7,7,7,7,3,7,7,7,7,7,7,7,3,7
64,3,7,2,7,7,7,5,7,7,7,3,5,7,7,7,3,7,7,7,5,7,7,7,7,7,7,7,7,3,7,3,2,4
65,3,7,3,7,7,3,7,7,7,7,7,7,7,7,7,7,7,1,7,7,7,7,7,5,7,7,3,7,7,7,7,7,7
66,3,7,3,7,7,3,7,7,7,7,3,7,7,7,7,3,7,3,7,7,7,7,7,7,7,3,7,7,7,7,5,3,7
67,3,7,7,7,7,3,7,7,7,7,7,3,7,7,7,7,3,7,7,7,7,3,7,7,7,7,7,3,7,7,7,1,3
68,3,7,3,7,2,7,7,7,7,7,7,7,7,3,3,7,7,7,3,7,7,7,7,7,7,7,7,7,7,7,7,7,3
69,3,7,7,7,3,7,3,5,7,7,7,7,7,7,7,7,7,3,7,7,7,7,3,7,7,7,7,3,7,3,7,2,7
70,3,7,7,7,3,7,7,7,7,1,7,7,7,7,7,7,5,7,7,7,7,7,7,5,7,7,7,3,7,7,7,7,3
71,3,7,3,1,7,7,7,2,7,7,7,7,7,7,7,5,7,7,7,7,7,7,3,7,7,7,7,7,7,3,7,3,7
72,3,7,5,7,7,7,7,7,7,7,5,7,3,7,7,3,3,7,3,7,7,7,7,5,7,7,7,3,7,7,7,7,7
73,3,7,7,7,7,3,7,7,7,7,7,7,7,5,7,7,7,7,7,7,7,7,7,7,7,7,7,7,7,7,7,7,7
74,3,7,7,7,7,7,7,7,4,7,7,1,3,7,7,7,7,7,7,7,3,7,7,7,7,7,7,7,7,7,7,7,7
75,3,7,7,3,7,7,7,7,7,7,3,7,7,7,7,7,5,7,3,7,7,7,7,7,7,7,7,7,7,7,7,3,7
76,3,7,7,7,7,7,7,7,7,7,3,7,7,7,7,7,7,7,7,7,7,7,7,7,7,7,7,7,7,7,7,7,7
77,3,7,7,7,7,7,7,7,7,7,7,7,7,7,7,7,7,7,7,7,7,7,7,3,7,7,7,7,7,7,3,7,7
78,3,7,7,7,7,7,7,7,3,7,7,7,7,7,7,7,7,7,7,2,7,7,7,7,3,7,7,3,7,7,7,5,7
79,3,7,7,5,7,7,7,7,7,7,7,7,3,7,7,7,7,7,7,7,7,7,7,7,7,3,7,7,7,4,3,7,7
80,3,7,3,3,5,3,7,3,7,7,7,7,3,7,3,7,7,3,3,7,7,7,7,7,7,7,7,3,7,7,7,3,7
81,3,7,3,7,7,7,7,7,8,7,7,7,7,7,7,7,7,7,7,7,2,7,7,7,5,7,7,7,7,7,7,7,7
82,3,7,7,7,7,7,7,7,7,7,7,7,7,7,7,7,3,7,7,7,7,7,7,7,3,7,7,7,7,7,7,7,7
83,3,7,7,3,2,7,7,7,7,7,7,7,7,7,7,7,7,7,7,7,7,7,7,7,7,7,7,7,7,7,7,7,7
84,3,7,7,7,3,7,7,3,7,7,7,7,3,7,1,7,7,7,7,3,7,7,7,7,7,5,7,7,1,7,7,5,7
85,3,7,3,7,7,7,7,7,7,7,7,7,7,7,7,7,7,7,7,7,7,7,7,7,7,7,7,3,7,7,7,2,7
86,3,7,7,7,7,7,7,7,7,7,3,7,7,7,4,7,7,3,3,7,7,7,7,7,3,7,7,7,7,7,2,5,7
87,3,7,7,3,3,7,7,7,7,7,7,3,7,7,7,7,7,7,3,7,7,2,7,7,7,2,7,7,7,7,7,7,7
88,3,7,7,3,7,7,3,7,7,7,7,7,7,7,3,7,7,7,7,7,3,7,7,7,7,7,7,7,7,3,7,5,7
89,3,7,2,7,7,7,7,5,7,7,7,7,7,3,2,7,7,7,7,7,7,7,7,7,7,7,7,7,7,7,7,7,7
90,3,7,7,5,7,3,7,7,7,3,7,7,7,5,7,7,7,7,7,7,3,7,7,7,2,7,2,7,7,7,7,7,7
91,3,7,7,3,7,7,7,7,3,7,7,5,7,7,7,7,7,7,7,7,2,3,1,7,7,7,7,3,7,7,5,7,7
92,3,7,7,7,3,3,7,7,5,7,7,1,7,2,7,5,7,7,7,7,7,7,3,7,7,2,2,7,7,7,7,3,5
93,3,7,7,3,7,7,7,7,7,7,7,7,5,3,7,3,7,7,7,7,7,7,5,7,3,7,7,3,7,5,3,1,7
94,3,7,7,7,1,7,7,7,7,7,7,7,7,7,7,7,7,7,3,7,3,5,7,7,7,7,7,7,7,7,7,3,5
95,3,7,2,7,7,7,5,7,2,7,7,7,7,7,7,7,7,3,7,7,7,7,7,7,7,7,7,5,7,7,2,3,7
96,3,7,7,7,5,7,7,7,4,4,3,7,7,7,2,7,7,7,7,7,7,3,7,7,7,7,7,2,7,7,7,7,1
97,3,7,7,7,7,7,7,7,7,7,7,7,7,7,7,7,7,7,7,7,7,7,7,7,7,7,7,7,7,7,7,7,7
98,3,7,7,3,7,7,7,7,7,7,7,7,7,7,7,7,7,7,7,7,7,7,7,5,7,1,2,3,7,7,7,7,7
99,3,7,3,2,7,7,7,7,2,1,7,7,7,7,7,7,3,5,7,7,2,5,7,7,7,5,3,7,3,5,7,7,2
100,3,7,5,7,7,5,5,7,7,3,2,5,7,7,3,5,5,7,5,7,7,5,3,5,7,3,2,7,3,7,7,7,3
101,3,7,7,3,3,7,7,7,7,2,7,3,3,7,1,7,7,5,7,7,7,7,2,3,7,7,7,5,3,3,5,3,5
102,3,7,7,7,7,1,7,2,7,7,5,7,7,7,7,7,7,5,7,7,5,2,5,7,2,7,7,7,5,7,7,7,2
103,3,7,7,7,3,7,7,5,7,3,2,2,7,7,7,7,5,7,2,7,7,7,7,7,7,7,2,3,7,7,7,7,2
104,3,7,7,7,7,5,3,7,7,7,7,7,7,7,7,7,7,2,3,7,7,7,7,7,7,7,7,7,7,7,7,7,7
105,3,7,3,7,7,7,7,2,5,2,7,3,7,7,2,5,7,2,2,7,7,7,2,5,7,7,7,7,3,7,2,7,7
106,3,7,7,7,7,7,3,7,1,7,7,7,7,7,1,7,7,7,5,7,7,7,1,7,7,7,5,7,7,3,2,1,7
107,3,7,7,7,7,2,7,7,7,7,1,7,7,3,7,3,7,7,3,7,7,7,7,7,7,7,2,2,7,7,3,7,7
108,3,7,7,7,7,7,7,7,7,1,7,7,7,7,7,3,7,7,7,7,1,3,7,7,7,5,7,7,3,5,7,7,2
109,3,7,7,7,2,7,2,7,7,2,7,2,7,7,7,2,7,7,7,2,7,7,2,7,7,7,7,7,7,1,2,7,7
110,3,7,2,7,3,7,7,7,7,7,3,7,5,3,2,7,7,7,7,7,7,2,5,7,7,2,7,2,7,3,5,5,2
111,3,5,3,5,5,3,5,5,5,5,3,5,5,7,5,7,5,5,5,5,2,5,1,5,5,5,1,3,5,5,5,3,5
112,3,5,5,3,3,5,3,7,5,5,5,5,5,7,5,5,5,5,3,2,3,5,5,5,5,3,3,5,7,5,5,5,7
113,3,5,5,5,5,5,5,2,5,5,5,5,5,5,3,5,5,5,5,5,5,5,5,5,2,3,3,5,5,3,5,5,5
114,3,5,3,5,7,5,5,5,5,5,2,5,5,5,3,3,5,5,5,2,5,5,5,5,5,5,2,5,3,5,5,5,5
115,3,5,5,7,3,3,5,5,5,3,7,3,3,5,1,5,5,3,3,7,3,5,5,5,7,5,5,5,5,3,5,5,5
116,3,5,1,5,2,5,5,5,2,5,5,5,5,3,3,5,5,5,2,3,2,1,3,5,5,5,5,5,5,5,2,5,5
117,3,5,5,5,5,5,3,5,5,5,5,5,5,7,2,5,5,5,5,5,5,5,3,5,5,5,5,5,5,5,5,5,5
118,3,5,5,5,5,5,1,5,2,5,5,1,7,5,5,5,5,5,5,5,5,3,2,5,1,5,5,5,5,7,5,5,5
119,3,3,3,2,3,3,3,7,3,7,3,3,5,3,3,7,3,3,7,7,3,3,3,3,3,3,3,3,3,3,5,3,3
120,3,5,7,5,3,3,3,3,5,7,5,5,5,3,3,5,5,3,3,3,3,5,7,3,3,3,3,5,3,5,3,3,5
121,3,3,3,3,2,3,3,5,3,3,3,3,3,3,3,1,7,3,7,3,3,3,3,3,3,3,3,7,1,3,3,3,3
122,3,3,3,3,3,5,3,3,3,2,3,3,3,3,7,3,3,3,7,3,3,3,5,7,3,3,3,3,3,5,3,3,7
123,3,7,7,3,5,5,3,7,5,7,5,7,7,7,1,7,3,5,3,5,5,5,3,5,7,7,5,3,7,7,3,3,7
124,3,3,3,3,3,3,3,3,7,3,3,3,3,7,5,3,7,3,3,3,3,3,3,7,3,3,3,3,3,3,2,5,3
125,3,3,3,3,1,3,3,3,3,7,3,7,5,3,3,3,3,3,3,5,3,3,3,3,3,7,3,3,3,3,3,3,3
126,3,7,3,7,3,7,7,7,5,7,3,7,7,3,3,3,3,3,5,7,7,3,3,7,3,3,5,7,5,7,7,1,3
127,3,7,7,3,7,7,3,7,7,3,3,3,7,3,3,7,3,3,7,7,7,3,7,3,7,7,7,3,7,3,7,7,7
128,3,7,3,3,7,3,3,7,7,7,7,7,7,3,7,3,7,3,7,7,7,3,7,7,3,7,7,3,3,3,7,5,3
129,3,3,5,7,3,3,3,3,3,7,7,3,7,3,7,3,3,3,3,3,3,3,5,3,3,3,5,3,3,3,3,3,3
130,3,3,3,3,7,3,3,3,3,7,7,3,7,3,7,3,3,3,3,3,3,7,3,3,3,3,3,7,3,7,7,7,3
131,3,3,7,3,7,3,7,3,7,3,3,1,7,3,7,7,2,7,3,3,7,3,7,7,7,3,3,7,7,3,3,3,3
132,3,7,2,3,3,7,3,2,7,7,7,1,7,7,7,3,3,7,7,3,3,3,7,7,3,7,7,3,7,7,7,7,3
133,3,7,3,7,3,3,7,7,7,3,7,7,7,3,3,7,3,7,7,7,7,7,7,7,7,3,7,7,7,3,7,7,7
134,3,7,7,3,7,3,7,3,7,7,3,3,7,7,7,3,3,3,8,7,7,7,3,3,7,3,7,3,7,7,7,3,3
135,3,7,3,3,1,7,3,7,7,7,3,3,7,7,7,7,3,7,7,7,3,7,7,3,7,7,7,7,3,7,7,3,7
136,3,7,7,7,7,7,7,3,7,7,7,7,7,7,3,7,3,7,3,7,7,7,2,7,7,7,3,7,3,2,3,3,7
137,3,3,7,3,3,3,3,3,3,3,3,3,3,8,3,3,3,3,3,3,3,3,2,3,3,7,3,3,7,3,3,7,3
138,3,3,3,3,3,3,3,3,3,3,3,3,3,7,3,3,3,7,7,7,3,7,2,3,3,3,3,3,7,3,3,3,3
139,3,7,3,3,7,7,5,3,3,3,3,3,3,7,3,3,3,7,7,3,3,7,7,3,7,3,3,3,7,3,3,3,3
140,3,3,3,3,3,3,3,3,3,3,7,3,3,3,3,7,2,2,3,3,3,2,3,3,3,2,3,3,3,2,3,3,3
141,3,3,3,3,3,3,3,3,7,3,3,3,3,3,7,3,7,3,3,2,3,2,3,3,7,3,3,3,3,3,3,3,7
142,3,3,3,3,5,3,3,3,3,3,3,3,3,3,3,3,3,3,3,3,5,3,3,3,3,3,3,3,5,3,3,3,3
143,3,3,5,3,3,2,3,3,3,1,3,3,3,3,3,3,3,3,3,3,3,3,3,3,3,3,3,7,3,3,5,3,3
144,3,3,5,3,3,3,3,3,3,3,3,3,3,3,3,3,3,3,3,3,3,3,3,3,3,3,3,3,3,3,2,3,3
145,3,3,3,3,3,3,3,3,5,3,3,3,1,3,3,3,3,2,3,3,3,3,3,3,3,3,3,3,3,3,3,3,3
146,3,3,3,3,3,3,3,3,3,3,3,3,3,3,3,3,5,3,3,3,3,3,3,3,3,3,3,3,3,3,3,3,3
147,3,3,3,3,7,3,1,3,3,3,3,3,3,3,3,3,3,3,3,3,3,3,3,3,3,3,3,7,3,3,3,3,3
148,3,3,3,3,3,3,3,3,3,3,3,3,3,3,3,3,3,3,3,3,3,3,3,3,3,3,3,7,3,5,3,3,3
149,3,3,3,3,3,3,5,3,3,3,3,3,3,3,3,3,3,5,3,3,3,5,3,3,3,3,3,3,3,3,5,3,3
150,3,3,3,3,3,3,3,3,3,3,3,3,3,3,3,3,1,3,3,5,3,3,3,3,3,3,3,3,3,3,3,3,3
151,3,3,3,3,3,3,3,3,3,3,3,3,3,3,3,3,3,3,3,3,3,3,3,3,3,5,3,3,3,3,3,3,3
152,3,3,3,3,3,3,3,3,3,2,3,3,3,3,3,3,3,3,3,3,3,3,3,3,3,3,3,3,3,3,3,3,3
153,3,3,3,5,3,3,3,3,3,3,5,3,3,3,3,3,3,3,3,3,3,3,3,3,3,3,3,3,3,3,3,3,3
154,3,3,3,3,3,3,3,3,3,3,3,3,3,3,3,3,3,3,3,3,3,3,3,3,3,3,3,3,3,3,3,3,3
155,3,3,3,3,3,3,3,3,3,3,3,3,3,3,3,3,3,3,3,3,3,3,3,3,3,3,3,1,3,3,3,3,3
156,3,3,3,3,3,3,3,3,3,3,3,5,3,3,3,3,3,3,3,3,3,3,3,3,3,3,3,3,3,3,3,3,3
157,3,3,3,3,3,3,1,5,3,3,3,3,3,3,3,3,5,3,5,3,3,3,2,3,3,3,5,3,3,3,3,3,3
158,3,3,3,3,3,1,3,3,3,3,3,3,3,3,3,3,3,3,3,3,3,3,3,3,3,3,3,3,3,3,3,3,3
159,3,3,3,3,3,3,3,3,1,3,3,3,3,3,3,5,3,3,3,3,3,3,3,3,3,3,3,1,3,3,3,3,3
160,3,3,5,8,3,3,3,3,3,3,3,3,3,3,3,3,3,3,3,5,3,3,3,3,3,5,3,3,3,3,3,3,3
161,3,3,3,3,3,3,3,3,3,1,3,3,3,3,3,2,3,3,2,3,2,3,3,2,3,2,3,3,3,3,3,3,3
162,3,3,3,3,3,3,3,3,3,3,3,3,3,3,3,2,3,3,7,3,3,3,3,3,3,3,3,3,3,3,3,2,3
163,3,3,3,3,3,2,3,3,3,2,3,8,2,3,3,3,3,3,3,2,3,3,3,3,3,3,3,3,3,2,3,4,3
164,3,3,3,3,3,3,3,3,3,3,3,3,3,3,3,3,3,3,7,3,2,3,3,2,3,3,3,3,3,3,3,3,3
165,3,3,3,2,3,3,3,3,3,3,3,5,3,2,3,3,2,3,3,3,3,3,3,3,2,3,3,2,3,3,3,3,3
166,3,3,3,3,3,3,3,3,3,3,3,3,3,3,3,5,3,3,3,3,3,3,3,3,3,3,2,3,3,3,3,3,3
167,3,3,2,3,3,2,3,5,3,3,3,2,3,3,2,3,1,3,3,3,3,2,3,3,3,3,3,3,3,3,3,3,3
168,3,2,2,3,2,2,2,3,3,2,2,2,3,2,3,3,3,2,2,3,2,2,2,2,3,2,2,2,2,3,2,2,2
169,3,2,2,2,2,2,5,2,2,2,3,2,3,2,3,3,5,2,3,2,2,3,1,2,3,3,2,2,2,2,2,2,2
170,3,2,3,2,2,2,5,2,3,3,2,2,2,2,2,2,2,3,3,2,2,2,2,2,3,7,2,2,3,2,2,2,3
171,3,3,3,3,3,3,3,3,5,3,3,3,3,3,5,3,5,2,3,3,3,3,3,3,5,3,3,3,3,3,2,3,3
172,3,3,3,3,3,3,3,3,3,2,5,3,3,3,3,3,1,3,3,3,3,3,3,3,3,2,3,3,3,3,2,5,3
173,3,3,3,2,3,3,3,3,3,3,3,3,3,3,3,3,3,3,3,3,3,3,2,3,3,3,3,3,3,3,3,3,3
174,3,3,3,3,3,3,3,3,3,2,3,3,3,3,3,3,3,3,3,2,3,3,3,3,3,3,3,3,3,3,3,3,3
175,3,3,3,3,3,3,3,3,3,3,3,3,3,5,3,3,3,3,2,3,3,3,3,3,3,3,3,7,3,3,3,3,3
176,3,2,3,3,3,3,3,2,5,3,3,3,5,2,3,3,3,2,3,3,3,3,3,3,3,3,2,3,3,5,3,3,3
177,3,3,3,3,3,3,3,3,3,3,2,3,2,3,3,3,3,3,3,3,3,3,3,2,3,3,3,3,3,3,3,3,3
178,3,3,3,3,3,3,3,3,3,3,3,3,3,3,3,3,3,3,3,3,3,3,3,3,7,3,3,3,3,3,3,3,3
179,3,3,3,3,3,1,3,3,3,2,3,3,3,3,3,3,3,3,1,3,3,3,3,5,3,3,3,3,3,3,3,3,3
180,3,3,3,3,3,5,5,3,3,3,3,3,3,3,3,3,3,2,3,3,3,3,2,2,3,3,3,3,3,2,5,3,3
181,3,2,3,3,2,3,2,2,3,2,5,3,2,2,2,3,2,2,3,2,7,2,2,2,2,2,2,2,2,2,2,5,2
182,3,2,2,2,5,2,2,2,2,5,2,2,5,2,2,2,2,3,2,2,3,2,2,2,2,2,3,3,3,2,2,3,2
0,4,2,2,2,3,2,3,5,5,2,3,2,2,2,5,3,3,3,3,3,2,2,2,3,3,5,5,3,2,2,3,5,3
1,4,3,3,3,3,3,3,3,3,3,2,3,3,3,3,3,3,3,3,3,2,3,1,3,3,3,3,3,3,3,3,3,3
2,4,3,2,3,2,3,3,1,1,2,3,3,3,7,3,3,3,3,1,3,3,3,3,3,3,3,2,3,3,3,3,3,3
3,4,3,3,3,3,3,3,3,3,3,3,3,3,3,3,3,3,3,3,3,3,1,3,3,3,3,3,2,5,2,3,3,3
4,4,3,3,2,3,7,3,3,3,3,3,1,3,3,3,3,3,3,3,1,3,3,2,3,3,3,2,3,3,3,3,3,3
5,4,3,3,3,3,3,5,3,3,3,3,3,2,3,3,2,3,3,1,3,3,3,3,2,3,3,3,3,2,3,3,3,3
6,4,3,5,3,3,3,3,2,2,3,3,3,3,2,3,2,3,5,2,3,2,3,2,3,3,3,3,3,3,3,3,3,3
7,4,3,3,3,3,3,3,5,5,3,5,2,3,3,5,3,3,3,3,3,3,3,3,5,3,1,2,3,3,3,3,3,5
8,4,3,3,3,3,3,1,3,3,3,3,3,3,3,3,3,3,3,3,3,1,3,3,3,3,3,3,3,3,3,1,3,3
9,4,2,2,2,2,2,2,3,5,2,3,2,3,2,2,3,3,2,2,2,2,2,2,2,2,1,2,2,2,2,2,3,2
10,4,2,2,2,2,2,3,2,3,2,2,2,2,1,2,2,2,2,2,3,2,2,2,2,2,3,2,2,2,2,3,2,2
11,4,2,2,2,2,2,2,2,2,2,2,2,2,2,2,2,5,2,3,3,2,2,2,2,3,1,3,3,3,2,2,2,2
12,4,2,3,3,2,3,2,2,2,2,3,2,2,3,2,3,2,2,2,2,2,3,2,2,2,5,2,2,2,2,2,2,2
13,4,2,2,2,2,2,2,3,2,3,2,2,2,2,5,2,7,2,3,2,3,2,2,2,2,2,3,2,2,3,2,3,2
14,4,2,2,2,2,2,2,3,2,2,2,3,2,2,3,2,3,2,2,2,3,2,3,2,2,2,2,2,3,2,1,2,2
15,4,3,3,3,3,3,3,5,3,3,3,3,3,3,3,3,1,3,3,3,3,3,3,3,3,3,3,3,7,3,3,3,3
16,4,3,2,3,3,7,3,3,3,3,3,2,3,3,3,3,3,3,3,3,3,3,3,3,5,3,3,3,3,3,3,3,3
17,4,3,3,3,3,3,3,3,3,3,3,3,3,3,3,3,7,3,3,3,3,3,3,3,3,3,3,7,3,3,3,7,3
18,4,2,5,3,2,3,7,3,2,3,2,3,2,2,2,2,2,7,3,2,3,3,3,2,2,3,5,3,3,2,2,7,3
19,4,2,7,7,7,3,7,3,2,7,3,7,2,3,3,3,7,2,7,2,2,7,7,3,2,7,3,3,3,2,3,7,3
20,4,3,3,3,3,7,3,3,7,3,3,3,3,2,3,3,2,3,3,3,3,3,3,3,3,2,3,3,2,3,3,3,3
21,4,2,7,7,3,7,3,3,3,2,2,2,2,2,3,7,2,2,7,7,7,7,7,2,3,2,7,7,3,5,7,7,7
22,4,2,3,2,7,7,2,3,2,3,7,2,3,2,7,3,3,3,2,2,2,7,2,7,3,7,7,3,7,3,2,3,3
23,4,5,7,5,3,5,2,5,5,7,5,5,5,5,7,3,5,7,3,3,7,5,5,2,5,5,7,7,5,5,7,5,5
24,4,7,7,7,7,2,7,7,7,7,7,7,7,3,7,7,7,1,7,7,7,7,7,7,7,7,7,7,1,7,7,7,2
25,4,7,7,7,7,2,7,7,7,1,3,1,7,2,7,7,7,7,7,7,3,7,7,7,7,7,7,3,7,7,7,7,7
26,4,7,7,2,1,3,7,7,5,7,7,3,7,7,7,7,7,7,7,7,7,7,7,7,7,7,7,7,7,7,7,7,7
27,4,7,7,7,7,7,7,7,7,5,5,7,7,7,7,7,3,3,7,7,7,7,7,7,7,7,7,7,7,7,3,3,7
28,4,7,7,7,7,7,7,7,3,7,7,7,7,1,7,7,3,7,7,7,7,7,7,7,7,7,7,7,7,7,7,7,7
29,4,7,7,7,3,7,7,7,7,8,7,7,7,7,7,7,7,7,7,7,7,7,7,7,7,7,7,7,7,7,7,3,7
30,4,7,7,3,3,7,7,7,7,7,7,7,7,7,7,7,7,7,7,7,7,7,7,7,7,7,3,7,5,7,7,7,7
31,4,7,7,4,7,7,7,7,7,7,3,7,3,7,1,7,2,7,7,7,7,7,7,7,3,7,7,7,7,7,2,7,7
32,4,7,7,7,7,7,7,7,7,7,7,1,7,7,7,7,3,7,3,7,7,7,7,3,7,7,7,3,7,7,7,7,7
33,4,7,7,7,7,7,7,7,7,7,7,3,7,7,7,7,7,5,7,3,5,5,7,7,7,7,7,7,7,7,7,7,7
34,4,7,5,7,7,7,7,7,2,7,7,7,7,7,7,7,7,3,7,7,1,7,7,7,7,7,7,7,7,7,7,7,7
35,4,7,7,7,7,7,7,7,7,7,1,7,2,7,7,3,7,1,7,7,7,7,3,7,7,7,7,7,7,7,7,7,7
36,4,7,7,7,7,7,7,7,7,7,7,7,7,7,3,7,7,7,7,7,7,7,7,3,7,7,7,3,7,7,7,7,7
37,4,7,7,7,7,7,7,7,7,7,7,7,7,7,7,3,7,3,5,7,3,7,7,7,7,7,7,7,7,7,7,7,7
38,4,7,7,7,7,7,7,7,7,7,7,7,7,7,3,7,7,7,7,7,7,7,7,7,7,7,7,8,7,7,7,7,7
39,4,7,7,7,7,7,7,7,7,3,7,7,7,7,7,7,7,7,7,7,7,3,7,7,3,7,7,7,7,3,7,3,7
40,4,7,7,7,7,7,7,7,7,7,7,7,7,7,7,7,7,7,7,7,7,7,7,7,7,7,1,7,3,7,3,7,7
41,4,7,7,7,1,7,7,7,3,7,7,7,7,7,7,1,7,7,7,1,7,7,7,7,7,7,7,7,7,7,7,7,7
42,4,7,7,7,7,7,7,7,7,7,7,3,7,7,3,7,7,3,3,7,7,7,7,7,7,7,7,7,4,7,7,7,7
43,4,7,7,7,7,7,7,1,7,1,7,7,7,7,7,7,7,7,3,7,7,7,1,7,7,3,7,3,7,7,7,7,3
44,4,7,3,7,7,7,7,7,7,7,7,7,7,7,1,7,7,7,7,7,7,7,7,7,7,7,7,7,7,7,7,3,7
45,4,7,7,7,7,7,7,7,7,7,7,7,7,7,7,7,7,1,7,3,7,7,7,7,7,7,7,7,7,7,7,3,7
46,4,7,7,7,7,7,7,7,3,7,7,7,3,7,7,7,7,2,3,3,7,3,7,7,7,3,7,7,7,3,7,7,7
47,4,7,7,7,7,3,7,7,3,7,7,7,3,7,7,7,7,7,1,5,4,7,7,7,7,1,7,7,7,7,7,7,7
48,4,7,3,7,7,7,3,3,3,7,7,3,7,3,7,7,1,7,7,1,7,7,3,3,3,7,7,3,7,7,1,7,7
49,4,7,7,7,7,7,3,7,7,7,7,7,7,3,7,7,3,7,7,7,3,7,7,7,1,7,7,7,7,7,7,7,3
50,4,7,7,3,3,7,7,3,7,7,2,7,7,7,7,7,7,7,7,3,7,1,7,7,7,7,7,3,7,7,7,7,7
51,4,7,7,7,7,7,7,7,7,7,3,7,2,7,7,7,7,7,7,3,3,1,3,7,7,7,7,3,7,7,7,7,7
52,4,7,7,7,7,7,7,7,7,2,7,7,7,7,7,7,7,7,1,7,7,3,7,3,7,7,1,7,3,7,3,7,7
53,4,7,7,2,3,7,8,7,7,3,7,7,7,7,7,7,3,7,7,7,7,7,7,3,3,7,3,3,7,7,7,3,7
54,4,7,3,7,7,7,7,7,7,7,7,7,7,7,7,3,7,3,7,5,7,7,3,7,7,7,7,3,7,7,7,3,7
55,4,7,7,7,7,7,7,7,7,7,7,7,7,7,7,7,7,7,7,7,7,7,7,3,7,7,7,3,7,7,7,7,1
56,4,7,7,7,7,7,7,7,7,7,7,7,7,7,7,7,7,7,7,7,7,7,3,7,7,7,7,7,7,7,7,7,3
57,4,7,7,7,7,7,7,7,7,3,7,7,2,7,7,7,7,7,3,7,1,7,7,3,7,7,3,7,7,7,7,7,7
58,4,7,7,7,7,3,7,7,7,7,7,7,7,7,7,7,7,7,7,7,1,3,7,7,3,7,7,3,7,3,7,7,7
59,4,7,3,7,3,7,3,7,7,5,7,7,7,7,7,7,7,3,7,7,5,7,7,7,7,3,7,7,3,7,3,3,7
60,4,7,7,7,7,7,7,7,7,3,7,7,7,3,7,7,7,7,3,7,3,7,1,7,7,7,7,3,7,7,7,7,7
61,4,7,7,3,7,7,7,5,7,7,3,3,7,7,7,7,3,2,7,3,7,7,7,7,3,3,3,7,7,7,7,7,7
62,4,7,7,7,3,7,7,3,2,3,7,7,3,7,7,7,7,7,7,3,2,7,5,7,3,7,7,3,7,2,3,7,7
63,4,7,7,7,7,7,7,7,7,7,3,7,5,3,3,7,3,3,7,7,7,7,7,3,7,3,3,7,7,3,3,7,7
64,4,7,7,3,7,7,7,7,7,3,7,7,7,3,3,3,3,7,7,7,7,3,7,7,7,7,7,7,7,7,1,7,2
65,4,7,7,7,3,1,1,7,7,3,2,7,7,3,7,2,1,7,7,7,3,0,7,3,3,7,7,7,7,7,7,2,7
66,4,7,7,7,7,7,7,3,7,7,1,7,7,7,7,2,2,3,7,7,7,7,3,3,7,3,7,7,1,7,3,7,7
67,4,2,2,2,2,7,2,3,1,2,7,2,2,2,2,2,2,2,2,2,2,8,2,6,2,2,2,2,2,2,2,2,2
68,4,2,3,2,2,2,5,3,2,2,2,3,2,2,2,2,3,3,2,2,2,2,2,7,2,3,2,2,2,2,2,2,3
69,4,2,2,2,2,2,2,2,2,2,2,2,2,2,2,2,7,2,2,3,2,2,2,2,2,2,2,7,2,2,2,2,2
70,4,2,2,2,2,2,7,2,7,7,3,2,3,7,7,2,7,1,2,2,2,2,2,2,3,7,7,2,2,2,2,2,7
71,4,7,7,7,7,7,7,7,7,2,7,7,7,7,2,7,2,7,7,7,7,7,3,7,7,7,2,7,7,7,7,7,2
72,4,7,1,2,7,7,2,2,2,2,7,7,1,7,7,7,2,7,7,7,7,7,4,7,7,3,7,1,7,7,2,7,2
73,4,7,7,7,7,2,7,7,2,7,7,2,7,2,7,3,7,2,2,7,2,7,7,7,2,7,7,2,7,3,2,7,7
74,4,7,7,3,2,7,2,7,2,2,7,2,7,2,7,7,7,2,7,7,7,2,7,3,7,2,7,7,7,5,2,1,7
75,4,7,2,7,4,2,7,7,4,2,4,4,4,4,7,7,2,3,7,3,2,1,7,2,4,4,4,2,7,7,7,7,2
76,4,2,2,2,2,2,2,2,2,2,2,2,2,2,2,7,7,2,7,2,2,2,3,2,2,2,7,2,2,7,7,2,2
77,4,2,7,2,7,7,2,2,2,2,2,7,2,2,4,2,2,2,2,2,4,2,2,2,2,2,2,3,7,2,2,4,2
78,4,7,7,7,7,3,7,3,7,7,7,3,5,7,7,7,7,4,7,3,7,7,3,7,7,2,3,7,7,7,7,3,2
79,4,7,7,2,7,7,7,4,7,7,3,7,7,7,7,7,7,7,7,7,7,7,1,4,7,7,7,7,7,7,7,7,7
80,4,7,7,7,7,7,7,7,7,7,7,7,7,2,7,7,7,1,3,7,7,7,7,7,7,3,7,7,7,7,7,7,7
81,4,7,2,7,7,7,7,2,2,3,7,7,7,7,7,7,3,7,3,2,1,7,3,2,7,7,7,7,3,7,3,7,3
82,4,7,7,2,3,7,3,1,7,8,2,7,7,3,7,7,3,7,7,2,2,7,3,7,2,1,7,7,7,7,3,2,7
83,4,2,2,7,2,5,2,2,2,7,7,7,2,2,8,7,2,2,3,7,3,7,7,7,7,7,7,3,7,2,7,7,2
84,4,3,3,7,3,3,3,2,7,7,3,2,3,2,2,2,2,3,3,7,7,2,3,7,3,7,2,7,8,3,2,3,3
85,4,3,3,3,3,2,3,2,3,3,3,2,3,3,3,3,3,3,2,3,3,3,8,3,2,2,3,2,3,3,2,3,3
86,4,3,3,3,3,3,3,3,3,3,2,3,3,3,3,3,3,5,3,3,3,3,2,3,3,3,3,3,3,3,3,3,2
87,4,3,2,3,3,3,3,3,2,3,3,3,3,3,1,3,3,1,3,4,3,3,3,3,3,3,3,3,2,3,3,3,1
88,4,3,2,3,3,3,5,5,3,3,2,3,3,3,3,3,1,3,3,2,2,3,5,3,3,1,3,2,3,7,3,3,3
89,4,3,2,3,3,3,3,2,2,2,3,3,3,3,3,3,3,3,3,3,3,7,2,1,3,3,3,2,3,2,3,3,3
90,4,3,3,2,3,2,3,2,3,2,3,3,3,5,3,5,3,3,3,3,3,3,3,3,5,2,3,3,3,3,3,3,2
91,4,7,3,7,7,3,7,7,7,3,7,7,7,2,2,2,7,7,2,3,7,3,3,7,7,7,2,2,2,7,3,7,3
92,4,3,3,2,2,2,2,2,1,2,3,3,2,2,1,3,2,3,3,1,3,3,2,3,2,2,3,2,3,2,2,2,7
93,4,7,7,7,3,3,3,7,7,3,2,3,3,3,7,3,7,7,7,1,3,2,3,7,7,7,3,3,7,2,3,7,3
94,4,7,1,7,3,1,3,2,7,3,3,2,7,3,7,3,3,7,7,3,7,1,7,7,2,3,2,3,2,2,2,2,7
95,4,3,3,3,3,3,3,3,3,1,2,2,3,3,3,4,3,3,7,2,2,3,3,5,2,3,3,2,7,3,3,3,3
96,4,7,7,3,7,3,7,7,5,5,3,5,7,1,7,2,1,3,2,7,2,5,3,7,7,7,7,3,7,5,3,7,7
97,4,3,2,2,7,5,5,3,7,7,7,5,2,2,3,7,3,3,1,3,1,3,3,7,3,3,1,2,3,7,3,3,7
98,4,3,2,3,3,3,7,2,7,3,3,7,1,3,3,3,3,3,3,3,3,3,3,3,2,3,3,3,3,3,2,3,3
99,4,3,3,3,3,7,3,3,7,3,3,3,3,3,3,2,3,3,3,7,7,3,3,3,3,3,2,2,3,3,7,3,3
100,4,3,2,3,3,3,3,3,3,3,3,3,5,3,3,3,3,3,2,1,2,3,3,3,3,2,7,3,3,3,3,3,3
101,4,3,3,3,3,7,3,3,3,7,7,2,3,3,3,3,3,7,3,3,7,3,7,3,7,3,7,2,3,7,3,3,7
102,4,3,3,3,3,3,3,3,3,3,3,3,3,3,3,3,3,7,3,3,7,3,7,3,2,3,3,3,7,3,3,3,2
103,4,3,3,3,3,3,3,7,3,3,3,3,3,3,3,3,2,3,3,1,2,3,3,3,7,2,3,3,3,3,3,3,3
104,4,3,3,3,3,3,3,2,3,3,3,7,3,2,2,3,3,3,2,2,7,3,3,5,3,3,2,3,3,3,3,1,2
105,4,3,3,3,3,3,3,3,3,3,3,3,3,3,3,3,1,7,3,7,3,3,3,3,2,7,2,3,3,5,7,3,3
106,4,7,7,1,7,5,3,3,3,5,7,7,7,1,7,7,7,7,7,7,7,7,2,7,3,3,7,3,2,2,7,7,2
107,4,3,3,3,3,3,2,3,3,2,3,3,3,3,7,3,1,3,7,3,7,3,7,3,7,3,3,7,7,3,3,7,2
108,4,3,3,7,2,5,7,3,7,2,3,3,7,3,3,2,3,2,3,3,7,3,2,3,3,3,3,7,7,2,2,2,7
109,4,3,7,3,3,3,3,2,3,7,7,3,1,7,7,7,3,7,3,3,7,3,1,3,1,2,7,3,3,7,3,3,5
110,4,3,3,3,7,3,3,3,7,2,7,3,3,3,3,3,2,3,2,2,3,7,3,3,3,3,1,3,7,7,1,2,3
111,4,3,7,3,3,7,3,3,3,7,7,3,3,7,7,3,7,7,3,7,3,7,3,2,3,3,3,3,3,7,3,7,3
112,4,3,3,3,3,3,3,7,3,3,3,7,7,3,7,8,7,7,3,7,3,5,3,2,1,3,7,2,3,3,3,3,7
113,4,7,3,1,7,7,7,3,1,7,7,7,3,3,7,7,3,5,7,7,3,7,3,3,3,7,3,3,2,3,3,3,3
114,4,3,3,3,3,3,3,1,3,3,3,3,3,3,3,3,3,3,3,7,3,7,3,7,2,3,5,7,3,1,3,3,3
115,4,7,7,7,5,7,7,7,7,7,5,5,3,5,3,5,7,3,5,5,7,7,7,7,5,5,5,7,7,1,3,3,7
116,4,7,5,5,7,5,5,7,3,5,7,7,7,7,5,5,7,7,5,7,7,7,2,7,7,7,7,7,5,7,7,5,3
117,4,7,7,7,4,7,3,5,7,7,7,5,7,7,5,7,7,7,3,3,7,7,5,7,7,3,5,7,5,7,7,7,3
118,4,7,1,7,7,5,3,7,1,3,7,7,7,3,7,7,7,7,7,2,3,3,7,7,5,7,3,7,7,7,3,1,7
119,4,7,3,3,7,7,7,1,7,1,7,3,7,5,1,7,7,7,7,7,3,3,7,7,4,7,7,7,3,5,7,7,7
120,4,5,3,7,3,3,3,3,5,3,3,3,3,7,3,3,5,5,3,5,5,7,5,3,5,3,3,5,3,5,3,5,3
121,4,5,5,5,5,7,5,3,7,3,5,7,5,7,5,3,7,3,5,7,5,3,3,3,3,5,3,5,3,7,5,3,5
122,4,3,7,1,7,3,7,3,3,5,3,5,3,7,7,7,7,3,3,3,5,5,3,3,1,3,3,7,5,7,3,7,5
123,4,7,1,3,7,1,8,3,7,3,3,7,3,7,7,3,3,7,9,7,3,4,5,7,4,3,3,3,3,7,3,7,3
124,4,3,3,7,3,7,3,3,3,3,3,7,7,3,5,3,4,1,3,3,3,7,3,3,3,3,3,3,3,4,3,3,3
125,4,3,3,3,3,3,3,3,1,3,3,3,3,3,3,3,7,3,7,3,3,3,3,3,3,5,3,3,3,3,3,3,3
126,4,3,3,3,5,1,2,3,5,3,3,3,3,4,3,3,3,3,3,3,3,3,3,2,1,3,1,3,1,5,5,3,3
127,4,3,3,3,3,3,3,3,3,3,3,3,3,3,3,3,3,3,3,3,3,3,3,3,3,3,3,3,7,3,3,3,3
128,4,3,3,3,3,3,3,3,3,3,3,3,5,3,3,3,3,3,3,3,3,3,3,3,3,3,3,3,3,3,3,3,3
129,4,3,5,3,3,5,3,3,3,3,3,3,3,8,3,3,1,3,3,3,3,3,5,1,8,3,3,3,3,3,3,3,3
130,4,3,3,3,3,3,3,3,3,3,3,3,3,3,3,3,3,3,3,3,3,3,3,1,3,3,3,3,3,3,3,3,3
131,4,3,3,3,3,3,3,3,3,3,3,3,3,3,3,3,3,3,3,3,3,3,3,1,3,3,3,7,3,3,5,3,3
132,4,3,5,3,3,3,3,3,3,3,3,3,3,3,3,3,5,3,3,5,5,3,3,3,3,5,5,5,3,3,5,3,3
133,4,3,3,3,3,3,3,3,3,5,3,1,3,3,3,3,3,3,3,3,3,2,3,3,3,3,3,3,3,3,3,3,3
134,4,3,3,3,3,3,3,3,3,3,3,3,3,3,3,3,3,3,3,3,3,3,3,3,3,3,3,3,3,3,3,3,3
135,4,3,3,3,3,5,3,7,3,3,7,3,3,3,3,3,3,7,3,3,3,3,1,7,3,3,3,3,7,3,3,3,3
136,4,7,3,7,3,3,7,3,7,7,7,7,7,7,7,7,7,7,7,7,7,7,3,7,7,7,7,7,8,3,3,3,3
137,4,7,7,7,7,3,3,7,7,7,7,7,3,7,7,7,7,7,3,7,7,3,7,7,7,7,7,7,3,7,7,3,7
138,4,7,7,7,2,3,7,7,7,3,7,7,7,3,3,3,3,7,7,7,7,7,3,3,7,3,2,7,7,7,7,3,7
139,4,7,7,7,3,7,7,7,3,7,7,7,7,7,7,7,7,7,3,3,7,7,7,7,7,7,7,7,7,7,7,7,7
140,4,7,5,7,7,7,7,7,7,7,7,7,3,3,3,7,7,7,7,7,7,7,3,7,3,7,7,7,7,7,3,7,7
141,4,7,7,3,3,7,7,7,7,7,3,3,7,7,3,3,7,7,7,7,3,3,7,7,3,7,7,3,3,3,7,3,7
142,4,7,7,3,7,7,7,3,7,3,3,3,7,7,7,7,7,3,3,3,7,3,3,7,3,3,3,1,7,7,7,1,4
143,4,7,3,3,3,7,3,7,3,3,3,3,3,7,3,3,3,3,3,5,3,7,7,3,7,3,3,8,5,3,5,3,7
144,4,7,3,3,7,7,3,3,2,7,7,3,7,7,3,3,7,3,7,3,7,7,3,3,7,7,3,7,5,5,3,7,7
145,4,7,3,3,7,5,3,7,7,3,7,5,3,3,1,7,3,1,3,3,5,7,3,3,4,7,3,3,2,4,3,7,7
146,4,7,1,7,3,7,7,7,7,7,7,3,7,3,7,7,3,7,3,7,3,5,3,7,5,7,7,3,7,7,7,3,3
147,4,3,7,3,3,3,7,3,3,2,3,3,3,3,3,3,5,1,3,5,5,3,3,1,7,7,3,3,5,7,3,5,3
148,4,3,5,2,3,7,7,3,1,3,3,7,3,3,3,3,3,1,3,3,3,3,3,3,3,7,3,3,3,3,3,3,5
149,4,3,3,3,3,1,3,3,8,3,3,3,3,3,3,7,3,3,3,3,3,3,7,3,3,3,3,3,3,3,3,3,3
150,4,3,3,3,3,3,3,3,3,3,5,7,2,3,3,3,3,3,3,3,3,3,3,3,3,3,7,3,3,3,3,3,3
151,4,3,3,3,3,3,3,5,3,3,3,3,3,3,3,3,3,3,3,3,3,3,3,3,3,3,2,3,3,3,3,3,3
152,4,7,3,7,5,7,2,3,2,2,5,1,7,7,3,3,5,3,3,1,4,5,5,3,7,7,7,7,7,2,3,2,3
153,4,7,5,3,7,3,7,7,1,7,7,3,3,7,1,3,7,5,3,3,3,7,2,7,5,3,3,7,7,3,2,7,7
154,4,7,5,7,4,7,3,7,3,7,7,7,5,3,5,7,3,7,7,7,3,1,2,3,7,7,1,7,7,7,3,7,3
155,4,7,1,3,7,7,3,3,7,3,7,3,7,7,3,3,7,3,3,7,3,3,7,3,3,3,7,3,3,7,7,7,3
156,4,7,3,4,8,6,7,7,2,7,3,7,5,3,1,7,3,7,3,7,3,7,3,3,7,3,3,3,3,3,3,7,3
157,4,7,3,5,5,3,7,7,7,7,3,7,3,3,7,7,3,3,7,5,4,7,3,7,7,7,3,3,7,7,7,7,3
158,4,7,7,7,3,3,3,3,8,3,7,7,7,3,3,5,3,7,7,7,7,5,7,7,3,7,5,7,7,7,3,3,5
159,4,7,7,7,3,5,3,3,7,3,1,7,7,3,7,7,2,7,7,7,3,7,7,2,7,7,7,3,3,7,3,7,7
160,4,7,3,3,7,3,7,7,3,5,5,7,3,3,3,7,7,1,3,7,3,3,3,3,3,7,7,3,3,3,3,7,7
161,4,7,7,7,3,7,7,3,7,7,3,7,3,7,7,2,7,7,2,7,7,3,7,7,7,7,3,7,7,7,7,7,7
162,4,7,3,3,2,5,3,7,7,7,3,7,7,7,7,3,7,3,7,3,2,5,7,3,3,2,7,3,7,7,7,3,3
163,4,7,5,7,7,3,7,7,3,3,7,1,3,3,7,3,3,7,3,7,2,7,7,3,7,1,3,7,5,5,7,7,7
164,4,3,3,2,3,3,3,3,3,3,2,3,2,2,3,3,3,3,3,3,2,2,3,3,2,3,3,3,3,3,3,3,7
165,4,3,3,3,3,3,3,8,3,2,3,3,3,3,3,3,3,3,3,3,3,3,3,3,3,3,5,7,3,3,3,3,3
166,4,3,3,3,3,3,3,3,3,3,3,3,3,3,3,3,3,1,3,3,2,3,3,3,3,3,3,3,7,3,3,3,3
167,4,3,3,3,2,3,3,3,3,3,3,3,3,3,3,3,2,3,3,3,3,3,3,3,3,3,3,7,3,3,3,3,3
168,4,3,3,3,3,3,3,3,3,2,3,3,3,3,3,3,3,3,3,3,2,1,2,2,3,2,3,3,2,3,5,3,3
169,4,3,3,2,3,3,3,2,3,2,3,3,3,2,2,3,3,2,2,2,3,3,3,3,3,3,3,3,2,3,3,3,3
170,4,3,2,3,3,3,5,3,3,2,7,2,2,2,2,2,2,3,2,3,2,3,5,5,2,3,3,3,3,2,3,3,3
171,4,3,3,2,2,3,3,3,2,3,2,3,3,3,3,3,3,2,1,2,2,2,7,3,2,2,3,2,3,3,3,3,2
172,4,2,2,2,2,2,2,3,2,2,3,2,2,2,2,2,3,2,2,2,2,2,2,3,2,2,2,2,2,2,3,2,3
173,4,2,2,2,2,2,2,2,2,2,2,2,2,2,3,2,2,2,2,2,2,1,2,2,2,3,7,2,2,3,2,2,2
174,4,7,2,7,7,2,3,7,7,2,3,7,4,7,7,2,1,7,7,7,7,2,7,2,7,7,7,2,7,7,7,7,7
175,4,7,2,7,7,7,7,7,7,2,7,7,3,2,7,7,2,7,7,2,2,7,2,3,2,2,2,3,3,2,2,2,7
176,4,7,7,7,7,7,2,7,3,2,2,2,2,2,7,7,7,3,2,2,2,7,7,7,7,7,7,7,2,2,2,2,7
177,4,7,2,7,2,2,3,3,7,7,2,7,7,7,7,2,7,2,7,7,2,3,7,7,7,2,7,2,7,7,2,2,2
178,4,7,2,7,7,7,2,7,7,7,7,2,2,7,7,7,2,7,2,7,7,7,7,7,2,2,2,7,7,7,7,2,2
179,4,7,7,7,2,1,2,7,2,7,7,7,7,7,7,7,2,2,2,2,3,7,7,7,7,7,7,7,7,3,7,7,2
180,4,7,7,7,2,7,2,3,7,2,2,7,2,7,7,7,7,2,2,3,7,7,7,7,2,2,2,3,7,2,2,2,2
181,4,7,2,2,7,7,2,3,7,2,7,7,7,2,2,7,3,8,7,2,2,7,3,3,7,2,7,3,7,7,2,7,7
182,4,7,2,7,7,2,7,2,7,5,3,7,7,7,3,7,7,7,7,3,7,7,7,3,7,7,7,7,2,7,7,7,2
