[d_loss, g_loss]
1.4430072,-1.4430072
1.4047523,-1.4047523
1.3666679,-1.3666679
1.4282103,-1.4282103
1.4311012,-1.4311012
1.4400628,-1.4400628
1.4294136,-1.4294136
1.4300023,-1.4300023
1.3856804,-1.3856804
1.350455,-1.350455
1.366533,-1.366533
1.3544009,-1.3544009
1.3960605,-1.3960605
1.3701442,-1.3701442
1.3611171,-1.3611171
1.3739297,-1.3739297
1.3668458,-1.3668458
1.3796778,-1.3796778
1.3737082,-1.3737082
1.3327806,-1.3327806
1.3102784,-1.3102784
1.3493874,-1.3493874
1.345787,-1.345787
1.3981364,-1.3981364
1.403465,-1.403465
1.3929596,-1.3929596
1.3811634,-1.3811634
1.3605703,-1.3605703
1.3932692,-1.3932692
1.4037874,-1.4037874
1.3689573,-1.3689573
1.3661542,-1.3661542
1.3954729,-1.3954729
1.326193,-1.326193
1.3523989,-1.3523989
1.3500894,-1.3500894
1.3754888,-1.3754888
1.3438611,-1.3438611
1.3035074,-1.3035074
1.3507347,-1.3507347
1.3634254,-1.3634254
1.4070758,-1.4070758
1.4388973,-1.4388973
1.4687567,-1.4687567
1.4681667,-1.4681667
1.4129021,-1.4129021
1.4272703,-1.4272703
1.444174,-1.444174
1.47042,-1.47042
1.4244978,-1.4244978
1.4042795,-1.4042795
1.4189782,-1.4189782
1.4021378,-1.4021378
1.3849785,-1.3849785
1.3763292,-1.3763292
1.3550329,-1.3550329
1.4129531,-1.4129531
1.3778622,-1.3778622
1.4001882,-1.4001882
1.4096396,-1.4096396
1.400274,-1.400274
1.4310954,-1.4310954
1.396567,-1.396567
1.394618,-1.394618
1.3767294,-1.3767294
1.3655856,-1.3655856
1.4060831,-1.4060831
1.3769411,-1.3769411
1.3311062,-1.3311062
1.3758454,-1.3758454
1.3791428,-1.3791428
1.4114944,-1.4114944
1.3900974,-1.3900974
1.4100733,-1.4100733
1.3794254,-1.3794254
1.3951398,-1.3951398
1.409884,-1.409884
1.3850366,-1.3850366
1.3807168,-1.3807168
1.4081471,-1.4081471
1.3519032,-1.3519032
1.3881705,-1.3881705
1.4034863,-1.4034863
1.3758318,-1.3758318
1.3438834,-1.3438834
1.4119349,-1.4119349
1.3636961,-1.3636961
1.3893036,-1.3893036
1.3860098,-1.3860098
1.31815,-1.31815
1.32606,-1.32606
1.3631083,-1.3631083
1.3021655,-1.3021655
1.3032743,-1.3032743
1.2869109,-1.2869109
1.2863867,-1.2863867
1.3125145,-1.3125145
1.4049397,-1.4049397
1.464984,-1.464984
1.4447049,-1.4447049
1.4934614,-1.4934614
1.472594,-1.472594
1.4727929,-1.4727929
1.4949868,-1.4949868
1.4360902,-1.4360902
1.5191123,-1.5191123
1.517729,-1.517729
1.4544454,-1.4544454
1.5246835,-1.5246835
1.4945152,-1.4945152
1.4572304,-1.4572304
1.4850593,-1.4850593
1.4581461,-1.4581461
1.4395719,-1.4395719
1.4427459,-1.4427459
1.4230849,-1.4230849
1.4231498,-1.4231498
1.420525,-1.420525
1.4114425,-1.4114425
1.4244475,-1.4244475
1.4331554,-1.4331554
1.4293602,-1.4293602
1.4555749,-1.4555749
1.4299405,-1.4299405
1.4684939,-1.4684939
1.412004,-1.412004
1.3986942,-1.3986942
1.4735278,-1.4735278
1.4742452,-1.4742452
1.4531806,-1.4531806
1.4665356,-1.4665356
1.4450138,-1.4450138
1.4095459,-1.4095459
1.4416698,-1.4416698
1.4019715,-1.4019715
1.4299583,-1.4299583
1.3842444,-1.3842444
1.4330664,-1.4330664
1.5200503,-1.5200503
1.54088,-1.54088
1.5747533,-1.5747533
1.5680532,-1.5680532
1.5517887,-1.5517887
1.4781079,-1.4781079
1.5066645,-1.5066645
1.4370649,-1.4370649
1.4659739,-1.4659739
1.4765768,-1.4765768
1.4010676,-1.4010676
1.4130032,-1.4130032
1.3766718,-1.3766718
1.3876028,-1.3876028
1.3345662,-1.3345662
1.3575944,-1.3575944
1.3538084,-1.3538084
1.3452947,-1.3452947
1.3387386,-1.3387386
1.379719,-1.379719
1.3745593,-1.3745593
1.34519,-1.34519
1.4285793,-1.4285793
1.4446216,-1.4446216
1.4495726,-1.4495726
1.430493,-1.430493
1.4071877,-1.4071877
1.4142503,-1.4142503
1.4150048,-1.4150048
1.4387438,-1.4387438
1.4293644,-1.4293644
1.4147041,-1.4147041
1.3932811,-1.3932811
1.4385204,-1.4385204
1.4529419,-1.4529419
1.4527564,-1.4527564
1.4752605,-1.4752605
1.4105864,-1.4105864
1.376785,-1.376785
1.4028442,-1.4028442
1.3614954,-1.3614954
1.3454386,-1.3454386
1.3631241,-1.3631241
1.4018447,-1.4018447
1.392255,-1.392255
1.3751557,-1.3751557
1.410816,-1.410816
1.4748662,-1.4748662
1.4542744,-1.4542744
1.4658629,-1.4658629
1.4674914,-1.4674914
1.469727,-1.469727
1.4407473,-1.4407473
1.4106932,-1.4106932
1.4666979,-1.4666979
1.4447596,-1.4447596
1.4539669,-1.4539669
1.4052668,-1.4052668
1.4415412,-1.4415412
1.4842014,-1.4842014
1.4613732,-1.4613732
1.4754536,-1.4754536
1.4770597,-1.4770597
1.4645531,-1.4645531
1.4789425,-1.4789425
1.4677426,-1.4677426
1.4403994,-1.4403994
1.4556272,-1.4556272
1.4437622,-1.4437622
1.4380692,-1.4380692
1.4406347,-1.4406347
1.4296302,-1.4296302
1.4161674,-1.4161674
1.4674472,-1.4674472
1.4584575,-1.4584575
1.4468498,-1.4468498
1.4451739,-1.4451739
1.4522804,-1.4522804
1.4369037,-1.4369037
1.4344234,-1.4344234
1.4494169,-1.4494169
1.4381347,-1.4381347
1.4354537,-1.4354537
1.4402721,-1.4402721
1.4177032,-1.4177032
1.4116982,-1.4116982
1.4323075,-1.4323075
1.419285,-1.419285
1.4247878,-1.4247878
1.4051523,-1.4051523
1.4172783,-1.4172783
1.3932805,-1.3932805
1.4038098,-1.4038098
1.421625,-1.421625
1.4101201,-1.4101201
1.3953111,-1.3953111
1.3867137,-1.3867137
1.402422,-1.402422
1.3999609,-1.3999609
1.3945465,-1.3945465
1.350851,-1.350851
1.3485174,-1.3485174
1.3823979,-1.3823979
1.3908474,-1.3908474
1.3755741,-1.3755741
1.411774,-1.411774
1.4070048,-1.4070048
1.3965673,-1.3965673
1.3997831,-1.3997831
1.4398162,-1.4398162
1.4112899,-1.4112899
1.4435152,-1.4435152
1.4252834,-1.4252834
1.4020157,-1.4020157
1.4040782,-1.4040782
1.4056563,-1.4056563
1.3812454,-1.3812454
1.4109898,-1.4109898
1.4444394,-1.4444394
1.4515167,-1.4515167
1.4526348,-1.4526348
1.4311471,-1.4311471
1.460179,-1.460179
1.4474764,-1.4474764
1.4450338,-1.4450338
1.431679,-1.431679
1.4352355,-1.4352355
1.4129846,-1.4129846
1.4296999,-1.4296999
1.4411775,-1.4411775
1.4240232,-1.4240232
1.4271729,-1.4271729
1.4437864,-1.4437864
1.4301122,-1.4301122
1.4292871,-1.4292871
1.4405723,-1.4405723
1.4262557,-1.4262557
1.4250073,-1.4250073
1.4283204,-1.4283204
1.4171759,-1.4171759
1.3949366,-1.3949366
1.4165798,-1.4165798
1.4219868,-1.4219868
1.4003394,-1.4003394
1.4025657,-1.4025657
1.4112614,-1.4112614
1.3992903,-1.3992903
1.4025809,-1.4025809
1.3809552,-1.3809552
1.3755357,-1.3755357
1.3638556,-1.3638556
1.3525062,-1.3525062
1.3610458,-1.3610458
1.3608268,-1.3608268
1.3534865,-1.3534865
1.3497818,-1.3497818
1.407794,-1.407794
1.3813303,-1.3813303
1.4100671,-1.4100671
1.3987918,-1.3987918
1.448847,-1.448847
1.4560486,-1.4560486
1.446717,-1.446717
1.441661,-1.441661
1.4076583,-1.4076583
1.4383496,-1.4383496
1.4497228,-1.4497228
1.4317709,-1.4317709
1.386548,-1.386548
1.3622088,-1.3622088
1.3604369,-1.3604369
1.3760451,-1.3760451
1.3595164,-1.3595164
1.3254948,-1.3254948
1.3243194,-1.3243194
1.2952855,-1.2952855
1.3427864,-1.3427864
1.3750367,-1.3750367
1.367707,-1.367707
1.4130383,-1.4130383
1.4080639,-1.4080639
1.4088337,-1.4088337
1.4203508,-1.4203508
1.3979053,-1.3979053
1.3947506,-1.3947506
1.4172465,-1.4172465
1.3840047,-1.3840047
1.3978213,-1.3978213
1.383254,-1.383254
1.4034389,-1.4034389
1.4089702,-1.4089702
1.4442147,-1.4442147
1.422522,-1.422522
1.3821356,-1.3821356
1.4131291,-1.4131291
1.4058698,-1.4058698
1.4332365,-1.4332365
1.4072359,-1.4072359
1.432545,-1.432545
1.4270608,-1.4270608
1.422559,-1.422559
1.4166319,-1.4166319
1.3907957,-1.3907957
1.4168918,-1.4168918
1.4312968,-1.4312968
1.4219644,-1.4219644
1.3641133,-1.3641133
1.3688357,-1.3688357
1.3654867,-1.3654867
1.358531,-1.358531
1.3722105,-1.3722105
1.3515222,-1.3515222
1.3769429,-1.3769429
1.3866534,-1.3866534
1.3527124,-1.3527124
1.3728988,-1.3728988
1.3822271,-1.3822271
1.4191942,-1.4191942
1.3899442,-1.3899442
1.4078237,-1.4078237
1.4031546,-1.4031546
1.4213989,-1.4213989
1.3990493,-1.3990493
1.3975182,-1.3975182
1.4247055,-1.4247055
1.4288633,-1.4288633
1.424149,-1.424149
1.4620066,-1.4620066
1.4464896,-1.4464896
1.4532712,-1.4532712
1.4335184,-1.4335184
1.4601903,-1.4601903
1.4355781,-1.4355781
1.4220904,-1.4220904
1.4248099,-1.4248099
1.419955,-1.419955
1.3840061,-1.3840061
1.3768206,-1.3768206
1.4348404,-1.4348404
1.423068,-1.423068
1.4064008,-1.4064008
1.4421865,-1.4421865
1.4393682,-1.4393682
1.4209678,-1.4209678
1.4380951,-1.4380951
1.4128554,-1.4128554
1.4530659,-1.4530659
1.4307872,-1.4307872
1.4264498,-1.4264498
1.422607,-1.422607
1.4114645,-1.4114645
1.3801519,-1.3801519
1.386656,-1.386656
1.3616776,-1.3616776
1.3757486,-1.3757486
1.4006122,-1.4006122
1.3677733,-1.3677733
1.3894722,-1.3894722
1.3358833,-1.3358833
1.3706825,-1.3706825
1.3535807,-1.3535807
1.3695707,-1.3695707
1.3521049,-1.3521049
1.3242779,-1.3242779
1.3575695,-1.3575695
1.3656071,-1.3656071
1.3563601,-1.3563601
1.4091513,-1.4091513
1.4047346,-1.4047346
1.3855231,-1.3855231
1.3884583,-1.3884583
1.3961501,-1.3961501
1.3427511,-1.3427511
1.3313949,-1.3313949
1.3392594,-1.3392594
1.3200966,-1.3200966
1.2955308,-1.2955308
1.2720037,-1.2720037
1.3211167,-1.3211167
1.262109,-1.262109
1.275763,-1.275763
1.2710361,-1.2710361
1.2791647,-1.2791647
1.2486678,-1.2486678
1.2447993,-1.2447993
1.2223601,-1.2223601
1.263497,-1.263497
1.28948,-1.28948
1.3031955,-1.3031955
1.310035,-1.310035
1.3396547,-1.3396547
1.4125576,-1.4125576
1.3772874,-1.3772874
1.3538053,-1.3538053
1.3944608,-1.3944608
1.3823664,-1.3823664
1.3487302,-1.3487302
1.3729213,-1.3729213
1.2826443,-1.2826443
1.2891319,-1.2891319
1.2983592,-1.2983592
1.2659084,-1.2659084
1.2846904,-1.2846904
1.2653942,-1.2653942
1.2948949,-1.2948949
1.2904797,-1.2904797
1.3228564,-1.3228564
1.2751753,-1.2751753
1.3036236,-1.3036236
1.3306544,-1.3306544
1.4056513,-1.4056513
1.4365685,-1.4365685
1.3508161,-1.3508161
1.4025189,-1.4025189
1.4436615,-1.4436615
1.4020617,-1.4020617
1.4409163,-1.4409163
1.4553213,-1.4553213
1.37478,-1.37478
1.4282188,-1.4282188
1.4057428,-1.4057428
1.4075915,-1.4075915
1.4071465,-1.4071465
1.3842416,-1.3842416
1.3638574,-1.3638574
1.3346109,-1.3346109
1.3979673,-1.3979673
1.295916,-1.295916
1.40982,-1.40982
1.3208021,-1.3208021
1.3485457,-1.3485457
1.3209413,-1.3209413
1.3653643,-1.3653643
1.3835773,-1.3835773
1.3264319,-1.3264319
1.3488852,-1.3488852
1.371572,-1.371572
1.4166791,-1.4166791
1.4351735,-1.4351735
1.4141848,-1.4141848
1.44019,-1.44019
1.3444824,-1.3444824
1.3899456,-1.3899456
1.383503,-1.383503
1.4105676,-1.4105676
1.326832,-1.326832
1.3631244,-1.3631244
1.3141837,-1.3141837
1.3660765,-1.3660765
1.3765955,-1.3765955
1.3620815,-1.3620815
1.345502,-1.345502
1.295378,-1.295378
1.3328652,-1.3328652
1.300353,-1.300353
1.3294384,-1.3294384
1.3107622,-1.3107622
1.2386667,-1.2386667
1.2652146,-1.2652146
1.3189995,-1.3189995
1.3352543,-1.3352543
1.3074241,-1.3074241
1.313468,-1.313468
1.2922022,-1.2922022
1.279657,-1.279657
1.3058748,-1.3058748
1.3071818,-1.3071818
1.3012245,-1.3012245
1.280919,-1.280919
1.2914279,-1.2914279
1.2729009,-1.2729009
1.2774858,-1.2774858
1.2510828,-1.2510828
1.294221,-1.294221
1.2573419,-1.2573419
1.3358667,-1.3358667
1.3256361,-1.3256361
1.3033134,-1.3033134
1.3532075,-1.3532075
1.3398137,-1.3398137
1.358578,-1.358578
1.3515742,-1.3515742
1.3954577,-1.3954577
1.3818569,-1.3818569
1.3147558,-1.3147558
1.3193591,-1.3193591
1.2765855,-1.2765855
1.2753266,-1.2753266
1.3203428,-1.3203428
1.4141873,-1.4141873
1.3822999,-1.3822999
1.410293,-1.410293
1.4051807,-1.4051807
1.3692862,-1.3692862
1.3430474,-1.3430474
1.3374977,-1.3374977
1.3705723,-1.3705723
1.3741066,-1.3741066
1.3631663,-1.3631663
1.3425379,-1.3425379
1.3319818,-1.3319818
1.3943028,-1.3943028
1.3407001,-1.3407001
1.3297777,-1.3297777
1.2922196,-1.2922196
1.34764,-1.34764
1.3342662,-1.3342662
1.3637575,-1.3637575
1.4176757,-1.4176757
1.3453182,-1.3453182
1.4091884,-1.4091884
1.3836808,-1.3836808
1.5069901,-1.5069901
1.5179772,-1.5179772
1.4563075,-1.4563075
1.4612963,-1.4612963
1.4850404,-1.4850404
1.4937804,-1.4937804
1.5203431,-1.5203431
1.4925873,-1.4925873
1.4311504,-1.4311504
1.4675555,-1.4675555
1.3701267,-1.3701267
1.3635588,-1.3635588
1.362349,-1.362349
1.3999834,-1.3999834
1.3858688,-1.3858688
1.3528416,-1.3528416
1.3872254,-1.3872254
1.3871026,-1.3871026
1.3978934,-1.3978934
1.3866677,-1.3866677
1.3479278,-1.3479278
1.3778658,-1.3778658
1.336699,-1.336699
1.3394251,-1.3394251
1.3092089,-1.3092089
1.2661271,-1.2661271
1.246415,-1.246415
1.3265417,-1.3265417
1.2506356,-1.2506356
1.2871319,-1.2871319
1.3222984,-1.3222984
1.2969668,-1.2969668
1.2676996,-1.2676996
1.2766106,-1.2766106
1.2402165,-1.2402165
1.2467533,-1.2467533
1.3459039,-1.3459039
1.304307,-1.304307
1.2818842,-1.2818842
1.3098714,-1.3098714
1.3639127,-1.3639127
1.4191449,-1.4191449
1.3457744,-1.3457744
1.4199147,-1.4199147
1.366684,-1.366684
1.4393305,-1.4393305
1.5052658,-1.5052658
1.3856812,-1.3856812
1.3799474,-1.3799474
1.498217,-1.498217
1.4489782,-1.4489782
1.4086491,-1.4086491
1.4641346,-1.4641346
1.4205811,-1.4205811
1.4103935,-1.4103935
1.4174702,-1.4174702
1.3516897,-1.3516897
1.3603065,-1.3603065
1.3847893,-1.3847893
1.3118042,-1.3118042
1.3551241,-1.3551241
1.3351686,-1.3351686
1.3196914,-1.3196914
1.3600235,-1.3600235
1.2817473,-1.2817473
1.3125232,-1.3125232
1.2704072,-1.2704072
1.2591214,-1.2591214
1.2082442,-1.2082442
1.2840884,-1.2840884
1.2751868,-1.2751868
1.376564,-1.376564
1.3502257,-1.3502257
1.3927693,-1.3927693
1.3146211,-1.3146211
1.3910432,-1.3910432
1.5262508,-1.5262508
1.5395595,-1.5395595
1.5683544,-1.5683544
1.5153862,-1.5153862
1.544908,-1.544908
1.4859798,-1.4859798
1.4407613,-1.4407613
1.5025846,-1.5025846
1.4791458,-1.4791458
1.4893758,-1.4893758
1.3495364,-1.3495364
1.4024038,-1.4024038
1.5037354,-1.5037354
1.4853218,-1.4853218
1.4399283,-1.4399283
1.2872123,-1.2872123
1.3929477,-1.3929477
1.3825465,-1.3825465
1.4257836,-1.4257836
1.3843677,-1.3843677
1.3918633,-1.3918633
1.3259339,-1.3259339
1.4198352,-1.4198352
1.4425447,-1.4425447
1.4578559,-1.4578559
1.4196451,-1.4196451
1.4029653,-1.4029653
1.3786697,-1.3786697
1.4821761,-1.4821761
1.3662351,-1.3662351
1.4201367,-1.4201367
1.355338,-1.355338
1.3934829,-1.3934829
1.2830187,-1.2830187
1.3195508,-1.3195508
1.4097528,-1.4097528
1.3655188,-1.3655188
1.2778189,-1.2778189
1.3412399,-1.3412399
1.2885218,-1.2885218
1.3111485,-1.3111485
1.3056866,-1.3056866
1.3125844,-1.3125844
1.230061,-1.230061
1.3621876,-1.3621876
1.320331,-1.320331
1.3167124,-1.3167124
1.3273106,-1.3273106
1.2834735,-1.2834735
1.3063302,-1.3063302
1.265075,-1.265075
1.2894541,-1.2894541
1.4050355,-1.4050355
1.339226,-1.339226
1.286758,-1.286758
1.3113568,-1.3113568
1.3257291,-1.3257291
1.3160515,-1.3160515
1.3039918,-1.3039918
1.3029592,-1.3029592
1.2993557,-1.2993557
1.3296058,-1.3296058
1.2864629,-1.2864629
1.2851036,-1.2851036
1.3393228,-1.3393228
1.3191633,-1.3191633
1.246957,-1.246957
1.3027717,-1.3027717
1.2428854,-1.2428854
1.3208746,-1.3208746
1.2914269,-1.2914269
1.2900386,-1.2900386
1.3044361,-1.3044361
1.3473704,-1.3473704
1.4722812,-1.4722812
1.3696947,-1.3696947
1.4715341,-1.4715341
1.3540494,-1.3540494
1.4337425,-1.4337425
1.3677746,-1.3677746
1.3449695,-1.3449695
1.351985,-1.351985
1.4160333,-1.4160333
1.482533,-1.482533
1.4666554,-1.4666554
1.5162731,-1.5162731
1.4363843,-1.4363843
1.539123,-1.539123
1.4517018,-1.4517018
1.4780264,-1.4780264
1.5203767,-1.5203767
1.5460463,-1.5460463
1.4376278,-1.4376278
1.5362841,-1.5362841
1.4797039,-1.4797039
1.5425668,-1.5425668
1.5720984,-1.5720984
1.50896,-1.50896
1.5031296,-1.5031296
1.5110548,-1.5110548
1.5330676,-1.5330676
1.5336151,-1.5336151
1.5575984,-1.5575984
1.5245185,-1.5245185
1.5175422,-1.5175422
1.4614019,-1.4614019
1.4201491,-1.4201491
1.4178808,-1.4178808
1.3494703,-1.3494703
1.4347191,-1.4347191
1.3943876,-1.3943876
1.3989758,-1.3989758
1.3742507,-1.3742507
1.389271,-1.389271
1.3805119,-1.3805119
1.3548714,-1.3548714
1.3052,-1.3052
1.3080893,-1.3080893
1.2831583,-1.2831583
1.3175786,-1.3175786
1.3252113,-1.3252113
1.2703911,-1.2703911
1.3098655,-1.3098655
1.3348551,-1.3348551
1.329641,-1.329641
1.3133793,-1.3133793
1.2920104,-1.2920104
1.348074,-1.348074
1.3808265,-1.3808265
1.3018584,-1.3018584
1.3314958,-1.3314958
1.348819,-1.348819
1.275725,-1.275725
1.3514938,-1.3514938
1.3504916,-1.3504916
1.3537009,-1.3537009
1.3731763,-1.3731763
1.3185472,-1.3185472
1.2731231,-1.2731231
1.3456153,-1.3456153
1.3272988,-1.3272988
1.3984698,-1.3984698
1.3176684,-1.3176684
1.3202982,-1.3202982
1.3201507,-1.3201507
1.4322188,-1.4322188
1.4198809,-1.4198809
1.4211113,-1.4211113
1.4252062,-1.4252062
1.5548408,-1.5548408
1.417953,-1.417953
1.4507039,-1.4507039
1.4619825,-1.4619825
1.4251139,-1.4251139
1.431282,-1.431282
1.4469781,-1.4469781
1.463256,-1.463256
1.4234481,-1.4234481
1.4190114,-1.4190114
1.3904538,-1.3904538
1.3785901,-1.3785901
1.3646858,-1.3646858
1.3700264,-1.3700264
1.3813299,-1.3813299
1.3012087,-1.3012087
1.3519709,-1.3519709
1.4083021,-1.4083021
1.3382676,-1.3382676
1.3484162,-1.3484162
1.3623099,-1.3623099
1.3231736,-1.3231736
1.2804029,-1.2804029
1.3546522,-1.3546522
1.4423834,-1.4423834
1.4419451,-1.4419451
1.4444118,-1.4444118
1.4397737,-1.4397737
1.5078964,-1.5078964
1.5180348,-1.5180348
1.4824951,-1.4824951
1.4758164,-1.4758164
1.4260173,-1.4260173
1.4547179,-1.4547179
1.4783914,-1.4783914
1.4223154,-1.4223154
1.4259914,-1.4259914
1.4715856,-1.4715856
1.4307593,-1.4307593
1.3579664,-1.3579664
1.3582666,-1.3582666
1.354044,-1.354044
1.3310488,-1.3310488
1.3095363,-1.3095363
1.3197838,-1.3197838
1.2947078,-1.2947078
1.3645113,-1.3645113
1.3898283,-1.3898283
1.3887253,-1.3887253
1.3888428,-1.3888428
1.4278204,-1.4278204
1.4614443,-1.4614443
1.5208012,-1.5208012
1.5299771,-1.5299771
1.4949613,-1.4949613
1.4421611,-1.4421611
1.5215791,-1.5215791
1.4625833,-1.4625833
1.4353372,-1.4353372
1.3961196,-1.3961196
1.4046459,-1.4046459
1.4099494,-1.4099494
1.3615438,-1.3615438
1.4398526,-1.4398526
1.3697104,-1.3697104
1.324678,-1.324678
1.3797425,-1.3797425
1.3127656,-1.3127656
1.380228,-1.380228
1.3704749,-1.3704749
1.2727013,-1.2727013
1.293026,-1.293026
1.312654,-1.312654
1.325135,-1.325135
1.3152074,-1.3152074
1.2917845,-1.2917845
1.2942263,-1.2942263
1.2971692,-1.2971692
1.2633271,-1.2633271
1.2087768,-1.2087768
1.2425113,-1.2425113
1.2441349,-1.2441349
1.2510296,-1.2510296
1.3315036,-1.3315036
1.3682996,-1.3682996
1.3883593,-1.3883593
1.3845301,-1.3845301
1.4147515,-1.4147515
1.3993111,-1.3993111
1.4496775,-1.4496775
1.3129587,-1.3129587
1.3562517,-1.3562517
1.3441827,-1.3441827
1.3567449,-1.3567449
1.3253253,-1.3253253
1.3625104,-1.3625104
1.3782352,-1.3782352
1.3508128,-1.3508128
1.3512704,-1.3512704
1.4063232,-1.4063232
1.376713,-1.376713
1.3364792,-1.3364792
1.3844702,-1.3844702
1.3579416,-1.3579416
1.3734643,-1.3734643
1.3228463,-1.3228463
1.3217134,-1.3217134
1.3134321,-1.3134321
1.3349676,-1.3349676
1.2796509,-1.2796509
1.266234,-1.266234
1.2487199,-1.2487199
1.2393409,-1.2393409
1.3399014,-1.3399014
1.2550199,-1.2550199
1.2323097,-1.2323097
1.1746583,-1.1746583
1.2155377,-1.2155377
1.1532388,-1.1532388
1.2239251,-1.2239251
1.2558792,-1.2558792
1.2690694,-1.2690694
1.2642899,-1.2642899
1.3069088,-1.3069088
1.297765,-1.297765
1.2606251,-1.2606251
1.2094716,-1.2094716
1.2131355,-1.2131355
1.2637491,-1.2637491
1.1849524,-1.1849524
1.2156684,-1.2156684
1.1976616,-1.1976616
1.2628069,-1.2628069
1.3145118,-1.3145118
1.2607099,-1.2607099
1.2950673,-1.2950673
1.1833873,-1.1833873
1.2618729,-1.2618729
1.3303434,-1.3303434
1.2579548,-1.2579548
1.2871683,-1.2871683
1.2543159,-1.2543159
1.3169496,-1.3169496
1.332186,-1.332186
1.3371763,-1.3371763
1.3858168,-1.3858168
1.470013,-1.470013
1.519272,-1.519272
1.5386548,-1.5386548
1.4287143,-1.4287143
1.495021,-1.495021
1.5057456,-1.5057456
1.5378804,-1.5378804
1.4169843,-1.4169843
1.4809767,-1.4809767
1.5182035,-1.5182035
1.5205867,-1.5205867
1.3754736,-1.3754736
1.4370514,-1.4370514
1.3749349,-1.3749349
1.3372905,-1.3372905
1.3638647,-1.3638647
1.3883913,-1.3883913
1.4943993,-1.4943993
1.3597131,-1.3597131
1.4190927,-1.4190927
1.3678951,-1.3678951
1.3090835,-1.3090835
1.397025,-1.397025
1.3707858,-1.3707858
1.3236504,-1.3236504
1.3612666,-1.3612666
1.4063318,-1.4063318
1.4410923,-1.4410923
1.3931823,-1.3931823
1.4218482,-1.4218482
1.4212915,-1.4212915
1.4100631,-1.4100631
1.3538227,-1.3538227
1.3431518,-1.3431518
1.4241652,-1.4241652
1.436702,-1.436702
1.4573169,-1.4573169
1.4596848,-1.4596848
1.5969856,-1.5969856
1.4024067,-1.4024067
1.4632397,-1.4632397
1.4897839,-1.4897839
1.3620284,-1.3620284
1.444857,-1.444857
1.4361682,-1.4361682
1.3982725,-1.3982725
1.3127723,-1.3127723
1.388189,-1.388189
1.3753822,-1.3753822
1.3329642,-1.3329642
1.3737078,-1.3737078
1.2830756,-1.2830756
1.3191304,-1.3191304
1.3102257,-1.3102257
1.2634133,-1.2634133
1.2918006,-1.2918006
1.2907996,-1.2907996
1.2481716,-1.2481716
1.304008,-1.304008
