[step, epoch, max]
0,0,3,5,5,3,3,3,3,3,3,3,3,3,3,3,3,3,3,3,3,3,3,5,3,3,3,3,3,3,3,3,3,5
1,0,3,3,3,3,3,3,3,3,3,3,3,3,3,3,3,3,3,3,3,3,3,3,3,3,3,3,3,3,3,3,3,3
2,0,3,3,3,3,3,3,3,3,3,3,3,3,3,3,3,3,3,3,3,3,5,3,3,3,3,3,3,3,3,3,3,3
3,0,3,3,5,4,3,3,3,3,3,3,3,3,3,3,3,3,3,3,3,7,3,3,3,3,3,3,3,3,3,3,3,7
4,0,3,2,2,3,3,3,3,3,3,3,3,3,2,3,3,2,2,2,3,3,3,3,2,3,3,2,3,2,2,2,1,7
5,0,2,2,2,4,3,2,2,2,3,2,3,3,2,2,2,3,3,2,2,2,3,2,3,2,7,2,2,3,8,2,3,2
6,0,3,3,3,3,3,3,3,3,2,3,3,3,3,3,3,3,2,3,3,3,3,3,3,3,8,3,3,3,2,3,3,3
7,0,3,3,3,3,3,3,3,3,3,3,3,3,3,3,3,3,3,3,8,3,3,3,3,3,3,3,3,3,3,3,3,3
8,0,3,3,3,3,3,3,3,2,3,3,3,3,3,3,3,3,3,3,3,3,3,3,3,3,8,3,3,3,3,3,3,3
9,0,2,7,3,3,2,3,2,3,7,3,7,4,3,3,3,3,3,3,7,2,2,3,3,3,3,8,2,3,3,3,3,1
10,0,7,7,3,3,3,3,7,5,3,7,3,3,1,3,7,7,7,7,1,7,3,7,3,5,7,3,1,1,1,3,3,7
11,0,3,3,3,2,5,1,5,7,3,1,1,5,1,3,3,1,3,3,3,3,3,3,3,5,3,3,3,5,5,3,3,3
12,0,3,3,3,3,3,3,3,3,3,3,3,3,3,3,1,3,3,3,3,3,3,3,1,5,1,3,3,3,3,3,3,3
13,0,3,3,3,3,3,3,3,3,3,3,3,3,3,3,3,3,3,3,3,3,3,3,3,3,3,3,3,3,3,3,3,3
14,0,3,3,3,3,3,3,3,3,3,3,3,3,3,3,3,3,3,3,3,3,3,3,3,3,3,3,3,3,3,3,3,3
15,0,3,3,3,3,3,3,3,3,3,3,2,3,3,3,3,3,3,3,3,3,3,3,3,3,3,3,3,3,3,3,3,3
16,0,3,3,3,3,3,3,3,3,3,3,3,3,3,3,3,3,3,3,3,3,3,3,3,3,3,3,3,3,3,3,3,3
17,0,3,3,3,3,3,3,3,3,3,3,3,3,3,3,3,3,3,3,3,3,3,3,3,3,3,5,3,3,3,3,3,3
18,0,3,3,3,3,3,3,3,3,3,3,3,3,3,3,3,3,3,3,3,3,3,3,3,3,3,3,3,3,3,3,3,3
19,0,3,3,3,3,3,3,3,3,3,3,3,3,1,3,3,3,3,3,3,3,3,3,3,3,3,3,3,3,3,3,3,3
20,0,3,3,3,3,3,3,3,3,3,3,3,5,3,3,3,3,3,3,3,3,3,3,3,3,3,3,3,3,3,3,3,3
21,0,3,3,3,3,3,3,3,3,3,3,3,3,3,3,1,3,3,3,3,3,3,3,3,3,3,3,3,3,3,3,3,3
22,0,3,3,3,3,3,3,3,3,3,3,3,3,3,3,3,3,3,3,3,3,3,3,3,3,3,3,3,3,3,5,3,5
23,0,3,3,3,3,3,3,3,3,3,3,3,3,3,3,3,3,3,3,3,3,3,3,3,3,3,3,3,3,3,3,3,3
24,0,3,3,7,3,3,3,3,3,3,3,3,3,3,3,3,3,3,3,3,3,3,3,3,3,3,3,3,3,7,3,3,3
25,0,3,3,3,3,3,3,3,3,7,3,3,3,3,3,3,3,3,3,3,3,3,3,3,3,3,3,3,3,3,3,3,3
26,0,3,3,3,3,3,3,3,3,3,3,3,3,3,3,3,3,3,3,3,3,3,3,3,3,3,3,3,3,3,3,3,3
27,0,3,3,3,3,3,3,3,3,3,3,3,2,3,3,3,3,3,3,3,3,3,3,3,3,3,3,3,3,3,3,3,3
28,0,3,3,3,3,3,3,3,3,3,3,3,3,3,3,3,3,3,3,3,3,3,3,3,7,3,3,3,3,3,3,3,3
29,0,3,3,3,3,3,3,3,3,3,3,3,3,3,3,3,3,3,3,3,3,3,3,3,3,3,3,3,3,3,3,3,3
30,0,3,7,3,3,3,3,3,3,3,3,3,3,3,3,3,3,3,3,3,3,3,3,3,3,3,3,5,3,3,3,3,3
31,0,3,3,3,3,3,3,3,3,3,3,3,3,3,3,3,3,3,3,3,3,3,3,3,3,3,3,3,4,3,5,3,3
32,0,3,3,3,3,3,3,3,3,3,3,3,3,3,3,3,3,3,3,3,3,3,7,3,3,3,3,3,5,3,3,3,3
33,0,3,3,3,3,3,3,3,3,3,3,3,3,3,3,3,3,3,3,3,3,3,3,3,3,3,3,3,3,3,3,3,3
34,0,3,3,3,3,3,3,5,3,3,3,3,3,3,5,3,3,3,3,3,3,3,3,3,3,3,3,3,3,3,3,3,3
35,0,3,3,3,3,3,3,3,3,3,3,3,3,3,3,3,3,3,3,3,3,3,3,3,3,3,3,3,3,3,3,3,3
36,0,3,3,3,3,3,3,3,3,3,3,3,3,3,3,3,3,3,3,3,3,3,3,3,3,3,3,7,3,3,3,3,3
37,0,3,3,3,3,3,3,3,3,3,3,3,3,3,3,3,3,3,3,3,3,3,3,3,3,3,3,3,3,3,3,3,3
38,0,3,5,3,3,3,3,3,3,3,3,3,3,3,3,3,3,3,3,3,3,3,3,3,5,3,3,3,3,3,3,3,5
39,0,3,3,3,3,3,3,3,3,3,3,3,3,3,3,3,3,3,3,3,3,3,3,5,3,3,3,3,5,3,3,3,3
40,0,3,3,3,3,3,3,3,3,3,3,3,3,3,3,3,3,3,3,3,3,3,3,3,3,3,3,3,3,3,3,3,3
41,0,3,3,3,3,3,3,3,3,3,3,3,3,3,3,3,3,3,3,3,3,3,3,3,3,3,3,3,3,3,3,3,3
42,0,3,3,3,3,3,3,3,3,3,3,3,3,3,3,3,3,3,3,3,3,3,3,3,3,3,3,3,3,3,3,3,3
43,0,3,3,3,3,3,3,3,3,3,3,3,3,3,3,3,3,3,3,3,3,3,3,3,3,3,3,3,3,3,3,3,3
44,0,3,3,3,3,3,3,3,3,3,3,3,3,3,3,3,3,3,3,3,3,3,3,3,3,3,3,3,3,3,3,3,3
45,0,3,3,3,3,3,2,3,3,3,3,3,3,3,3,3,3,3,3,3,3,3,3,3,3,3,3,3,3,3,3,3,3
46,0,3,3,3,3,3,3,3,3,3,3,3,3,3,3,3,3,3,3,3,3,3,3,3,3,3,3,3,3,3,3,3,3
47,0,3,3,3,3,3,3,3,3,3,3,3,3,3,3,3,3,3,3,3,3,3,3,3,3,3,3,3,3,3,3,3,3
48,0,3,3,3,3,3,3,3,3,3,3,3,3,3,3,3,3,3,3,3,3,3,3,3,3,3,3,3,3,3,3,3,3
49,0,3,3,3,3,3,3,3,3,3,3,3,3,3,3,3,3,3,3,3,3,3,3,3,3,3,3,3,3,3,3,3,3
50,0,3,3,3,3,3,3,3,3,3,3,3,3,3,3,3,3,3,3,3,3,3,3,3,3,3,3,3,3,3,3,3,3
51,0,3,3,3,3,3,3,3,3,3,3,3,3,3,3,3,3,3,3,3,3,3,3,3,3,3,3,3,3,3,3,3,3
52,0,3,3,3,3,3,3,3,3,3,3,3,3,3,3,3,3,3,3,3,3,3,3,3,3,3,3,3,3,3,3,3,3
53,0,3,3,3,3,3,3,3,3,3,3,3,3,3,3,3,3,3,3,3,3,3,3,3,3,3,3,3,3,3,3,3,3
54,0,3,3,3,3,3,3,3,3,3,3,3,3,3,3,3,3,3,3,3,8,3,3,3,3,3,3,3,3,3,3,3,3
55,0,3,3,3,3,3,3,3,3,3,3,3,3,3,3,3,3,3,3,3,3,3,3,3,3,3,3,3,3,3,3,3,3
56,0,3,3,3,3,3,3,3,3,3,3,3,3,3,3,3,3,3,3,3,3,3,3,3,3,3,3,7,3,3,3,3,3
57,0,3,3,3,3,3,3,3,3,3,3,3,3,3,3,3,3,3,3,3,5,3,3,3,3,3,3,3,3,3,3,3,3
58,0,3,3,3,3,3,3,3,3,3,3,3,3,3,3,3,3,3,3,3,3,3,3,3,3,3,3,3,3,3,3,3,3
59,0,3,3,3,3,3,3,3,3,3,3,3,3,3,3,3,3,3,3,3,3,3,3,3,3,3,3,3,3,3,3,3,3
60,0,3,3,3,3,3,3,3,3,3,3,3,3,3,3,3,3,3,3,3,3,3,3,3,3,3,3,3,3,3,3,3,3
61,0,3,3,3,3,3,3,3,3,3,3,3,3,3,3,3,3,3,3,7,3,3,3,3,3,3,3,3,3,3,3,3,3
62,0,3,3,3,3,3,3,3,3,3,3,3,3,3,3,3,3,3,3,3,3,3,3,3,3,3,3,3,3,3,3,3,3
63,0,3,3,3,3,3,3,3,3,3,3,3,3,3,3,3,3,3,3,3,3,3,3,3,3,3,3,3,3,3,3,3,3
64,0,3,3,3,3,3,3,3,3,3,3,3,3,3,3,3,3,3,3,3,3,3,3,3,3,3,3,3,3,3,3,3,3
65,0,3,3,3,3,3,3,3,3,3,3,3,3,3,3,3,3,3,3,3,3,3,3,3,3,3,3,3,3,3,3,3,3
66,0,3,3,3,3,3,3,3,3,3,3,3,3,3,3,3,3,3,3,3,3,3,3,3,3,3,3,3,3,3,3,3,3
67,0,3,3,3,3,3,3,3,3,3,3,3,3,3,3,3,3,3,3,3,3,3,3,3,3,3,3,3,3,3,3,3,3
68,0,3,3,3,3,3,3,3,3,3,3,3,3,3,3,3,3,3,3,3,3,3,3,3,3,3,3,3,3,3,3,3,3
69,0,3,3,3,3,3,3,3,3,3,3,3,3,3,3,3,3,3,3,3,3,3,3,3,3,3,3,3,3,3,3,3,3
70,0,3,3,3,3,3,3,3,3,3,3,3,3,3,3,3,3,3,3,3,3,3,3,3,3,3,3,3,3,3,3,3,3
71,0,3,3,3,3,3,3,3,3,3,3,3,3,3,3,3,3,3,3,3,3,3,3,3,3,3,3,3,3,3,3,3,3
72,0,3,3,3,3,3,3,3,3,3,3,3,3,3,3,3,3,3,3,3,3,3,3,3,3,3,3,3,3,3,3,3,3
73,0,3,3,3,3,3,3,3,3,3,3,3,3,3,3,3,3,3,3,3,3,3,3,3,3,3,3,3,3,3,3,3,3
74,0,3,3,3,5,3,3,3,3,3,3,3,3,3,3,3,3,3,3,3,3,3,3,3,3,3,3,3,3,3,3,3,3
75,0,3,3,3,3,3,3,3,3,3,3,3,3,3,3,3,3,3,3,3,3,3,3,3,3,3,3,3,3,3,3,3,3
76,0,3,3,3,3,5,3,3,3,3,3,3,3,3,3,3,3,3,3,3,3,3,3,3,3,3,3,3,3,3,3,3,3
77,0,3,3,3,3,3,3,3,3,3,3,3,3,3,3,3,3,3,3,3,3,3,3,3,3,3,3,3,3,3,3,3,3
78,0,3,3,3,3,3,3,3,3,3,3,3,3,3,3,3,3,3,3,3,3,3,3,3,3,3,3,3,3,3,3,3,3
79,0,3,3,3,3,3,3,3,3,3,3,3,3,3,3,3,3,3,3,3,3,3,3,3,3,3,3,3,3,3,3,3,3
80,0,3,3,3,3,3,3,3,3,3,3,3,3,3,3,3,3,3,3,3,3,3,3,3,3,3,3,3,3,3,3,3,3
81,0,3,3,3,3,3,3,3,3,3,3,3,3,3,3,3,3,3,3,3,3,3,3,3,3,3,3,3,3,3,3,3,3
82,0,3,3,3,3,3,3,3,3,3,3,3,3,3,3,3,3,3,3,3,3,3,3,3,3,3,3,3,3,3,3,3,3
83,0,3,3,3,3,3,3,3,3,3,5,3,3,3,3,3,3,3,3,3,3,3,3,3,3,3,3,3,3,3,3,3,3
84,0,3,3,3,3,3,3,3,3,3,3,3,3,3,3,3,3,3,3,3,3,3,3,3,3,3,3,3,3,3,3,3,3
85,0,3,3,3,3,3,3,3,3,3,3,3,3,3,3,3,3,3,3,3,3,3,3,3,3,3,3,3,3,3,3,3,3
86,0,3,3,3,3,3,3,3,3,3,3,3,3,3,3,3,3,3,3,3,3,3,3,3,3,3,3,3,3,3,3,3,3
87,0,3,3,3,3,3,3,3,3,3,3,3,3,3,3,3,3,3,3,3,3,3,3,3,3,3,3,3,3,3,3,3,3
88,0,3,3,3,3,3,3,3,3,3,3,3,3,3,3,3,3,3,3,3,3,3,3,3,3,3,3,3,3,3,3,3,3
89,0,3,3,3,3,3,3,3,3,3,3,3,3,3,3,3,3,3,3,3,3,3,3,3,3,3,3,3,3,3,3,3,3
90,0,3,3,3,3,3,3,3,3,3,3,3,3,3,3,3,3,3,3,3,3,3,3,3,3,3,3,3,3,3,3,3,3
91,0,3,3,3,3,3,3,3,3,3,3,3,3,3,3,3,3,3,3,3,3,3,3,3,3,3,3,3,3,3,3,3,3
92,0,3,3,3,3,3,3,3,3,3,3,3,3,3,3,3,3,3,3,3,3,3,3,3,3,3,3,3,3,3,3,3,3
93,0,3,3,3,3,3,3,3,3,3,3,3,3,3,3,3,3,3,3,3,3,3,3,3,3,3,3,3,3,3,3,3,3
94,0,3,3,3,3,3,3,3,3,3,3,3,3,3,3,3,3,3,3,3,3,3,3,3,3,3,3,3,3,3,3,3,3
95,0,3,3,3,3,3,3,3,3,3,3,3,3,3,3,3,3,3,3,3,3,3,3,3,3,3,3,3,3,3,3,3,3
96,0,3,3,3,3,3,3,3,3,3,3,3,3,3,3,3,3,3,3,3,3,3,3,3,3,3,3,3,3,3,3,3,3
97,0,3,3,3,3,3,3,3,3,3,3,3,3,3,3,3,3,3,3,3,3,3,3,3,3,3,3,3,3,3,3,3,3
98,0,3,7,3,3,3,3,3,3,3,3,3,3,3,3,7,3,3,3,3,3,3,3,3,3,7,3,3,3,3,7,3,3
99,0,7,3,3,7,7,7,3,3,3,3,3,7,7,3,3,7,7,3,7,7,3,7,7,3,7,7,3,3,3,3,3,3
100,0,7,7,3,3,7,7,7,3,7,7,3,7,7,7,7,7,7,3,3,3,7,3,7,3,7,7,7,7,3,3,3,7
101,0,7,7,3,7,7,7,7,7,7,7,3,3,7,7,3,7,3,7,7,3,7,3,7,7,7,7,7,7,7,7,7,7
102,0,3,3,3,3,3,3,3,3,3,3,3,3,3,3,3,3,3,7,3,3,3,3,3,3,3,3,3,3,7,3,3,3
103,0,3,3,3,3,3,3,3,3,3,3,3,3,3,3,3,3,3,3,3,3,3,3,3,3,3,3,3,3,3,3,3,3
104,0,3,3,3,3,3,3,3,3,3,3,3,3,3,3,3,3,3,3,3,3,3,3,3,3,3,3,3,3,3,3,3,3
105,0,7,7,7,7,7,7,7,7,3,7,3,3,7,7,7,7,3,7,3,2,7,7,3,7,7,7,7,3,7,7,7,7
106,0,7,7,3,3,7,7,7,7,3,7,7,7,3,3,7,7,7,7,3,3,3,3,3,7,7,3,3,7,7,7,3,7
107,0,3,7,7,3,3,7,7,3,3,3,3,7,3,7,3,3,3,3,3,3,3,3,3,7,3,3,3,7,3,3,7,3
108,0,3,3,3,3,3,3,3,3,3,3,3,3,3,3,3,3,3,3,3,7,3,3,7,3,3,3,3,3,3,7,3,7
109,0,3,3,3,3,3,3,3,3,7,3,3,3,3,3,3,3,3,7,3,3,3,3,3,3,3,3,3,3,7,7,3,3
110,0,3,3,3,3,7,3,3,3,3,3,3,3,3,3,3,3,3,3,3,3,3,3,3,3,3,3,3,3,3,3,3,3
111,0,3,3,3,3,3,3,3,3,3,3,7,7,7,3,3,3,3,3,3,3,3,3,7,3,3,3,3,3,3,3,3,3
112,0,3,3,3,3,3,3,3,3,3,3,3,3,3,3,3,3,3,3,3,3,3,3,3,3,3,3,3,3,3,3,3,3
113,0,3,3,3,3,3,3,3,3,3,3,3,3,3,3,3,3,3,3,3,3,3,3,3,3,3,3,3,3,3,3,3,3
114,0,3,3,3,3,3,3,3,3,3,3,3,3,3,3,3,3,3,3,3,3,3,3,3,3,3,3,3,3,3,3,3,3
115,0,3,3,3,3,3,3,3,3,3,3,3,3,3,3,3,3,3,3,3,3,3,3,3,3,3,3,3,3,3,3,3,3
116,0,3,3,3,3,3,3,3,3,3,3,3,3,3,3,3,3,3,3,3,3,3,3,3,3,3,3,3,3,3,3,3,3
117,0,3,3,3,3,3,3,3,3,3,3,3,3,3,3,3,3,3,3,3,3,3,3,3,3,3,3,3,3,3,3,3,3
118,0,3,3,3,3,3,3,3,3,3,3,3,3,3,3,3,3,3,3,3,3,3,3,3,3,3,3,3,3,3,3,3,3
119,0,3,3,3,3,3,3,3,3,3,3,3,3,3,3,3,3,3,3,3,3,3,3,3,3,3,3,3,3,3,3,3,3
120,0,3,3,3,3,3,3,3,3,3,3,3,3,3,3,3,3,3,3,3,3,3,3,3,3,3,3,3,3,3,3,3,3
121,0,3,3,3,3,3,3,3,3,3,3,3,3,3,3,3,3,3,3,3,3,3,3,3,3,3,3,3,3,3,3,3,3
122,0,3,3,3,3,3,3,3,3,3,3,3,3,3,3,3,3,3,3,3,3,3,3,3,3,3,3,3,3,3,3,3,3
123,0,3,3,3,3,3,3,3,3,3,3,3,3,3,3,3,3,3,3,3,3,3,3,3,3,3,3,3,3,3,3,3,3
124,0,3,3,3,3,3,3,3,3,3,3,3,3,3,3,3,3,3,3,3,3,3,3,3,3,3,3,3,3,3,3,3,3
125,0,3,3,3,3,3,3,3,3,3,3,3,3,3,3,3,3,3,3,3,3,3,3,3,3,3,3,3,3,3,3,3,3
126,0,3,3,3,3,3,3,3,3,3,3,3,3,3,3,3,3,3,3,3,3,3,3,3,3,3,3,3,3,3,3,3,3
127,0,3,3,3,3,3,3,3,3,3,3,3,3,3,3,3,3,3,3,3,3,3,3,3,3,3,3,3,3,3,3,3,3
128,0,3,3,3,3,3,3,3,3,3,3,3,3,3,3,3,3,3,3,3,3,3,3,3,3,3,3,3,3,3,3,3,3
129,0,3,3,3,3,3,3,3,3,3,3,3,3,3,3,3,3,3,3,3,3,3,3,3,3,3,3,3,3,3,3,3,3
130,0,3,3,3,3,3,3,3,3,3,3,3,3,3,3,3,3,3,3,3,3,3,3,3,3,3,3,3,3,3,3,3,3
131,0,7,3,3,7,7,3,3,3,3,7,7,7,7,3,3,7,7,3,3,3,3,7,3,7,3,3,3,3,7,3,3,3
132,0,7,3,3,3,3,3,7,3,3,3,7,3,3,3,3,7,3,3,3,7,3,3,3,3,3,3,7,3,3,3,3,7
133,0,7,3,7,3,7,3,3,7,7,3,3,7,7,7,7,7,7,3,7,7,3,7,7,3,3,3,3,3,7,3,3,3
134,0,3,3,3,3,3,3,3,3,3,3,3,3,3,3,3,3,3,3,3,3,3,3,3,3,3,3,3,3,3,3,3,3
135,0,3,3,3,3,3,3,3,3,3,3,3,3,3,3,3,3,3,3,3,3,3,3,3,3,3,3,3,3,3,7,3,7
136,0,3,3,3,3,3,3,3,3,3,3,3,3,3,3,3,3,3,3,3,3,3,3,3,3,3,3,3,3,3,3,3,3
137,0,3,3,3,3,3,3,3,3,3,3,3,3,3,5,3,3,3,3,3,3,3,3,3,3,3,3,3,3,3,3,3,3
138,0,3,3,3,3,3,3,3,3,3,3,3,3,3,7,7,7,3,3,3,3,3,3,3,3,3,3,3,3,3,3,7,3
139,0,3,3,3,3,3,3,3,3,3,3,3,3,3,7,3,3,7,7,3,3,3,7,7,3,3,3,3,3,3,3,3,3
140,0,3,3,3,3,3,3,3,7,3,3,7,3,3,7,3,3,3,3,3,3,3,3,3,3,7,3,3,7,7,7,3,3
141,0,7,7,7,7,7,7,7,7,7,7,7,7,7,7,7,7,7,3,3,3,7,7,7,7,7,7,7,7,3,7,7,7
142,0,7,3,7,7,7,7,7,7,7,7,3,7,7,7,7,7,3,7,7,7,7,7,3,7,7,7,3,7,7,3,7,7
143,0,7,3,7,7,7,3,7,7,3,7,7,3,7,7,3,7,7,7,7,7,7,3,7,7,7,7,7,7,7,7,7,7
144,0,7,7,7,7,7,7,7,7,7,7,3,7,7,7,7,7,7,7,7,3,7,7,7,3,3,7,3,7,7,7,7,3
145,0,7,7,7,7,3,3,7,7,3,3,7,3,7,7,7,7,7,7,7,7,7,7,7,7,3,3,3,7,3,3,7,7
146,0,7,7,7,3,7,3,3,7,3,7,7,7,7,7,7,3,7,7,7,7,7,3,3,7,7,7,7,7,3,7,7,7
147,0,7,7,3,7,3,7,7,7,2,7,7,7,7,7,3,7,7,7,7,7,3,7,7,7,7,3,7,7,7,3,7,7
148,0,7,7,3,3,7,7,7,3,7,5,3,3,7,3,3,7,7,7,3,3,3,7,3,7,3,7,7,3,7,7,7,7
149,0,3,3,3,3,3,3,3,3,7,3,3,3,3,3,3,3,3,7,7,3,3,3,3,3,3,3,3,3,3,3,3,3
150,0,3,7,3,7,3,3,3,3,3,3,3,3,3,7,3,3,7,3,7,5,3,3,3,3,5,3,3,7,3,3,3,3
151,0,3,3,3,3,5,3,3,2,3,5,3,3,3,3,3,3,7,3,3,3,3,3,3,3,3,3,3,3,3,3,3,3
152,0,3,3,3,3,7,3,3,7,3,3,3,3,3,3,3,3,3,3,3,3,3,3,3,3,3,3,3,3,3,3,3,3
153,0,3,7,3,3,3,3,3,3,3,3,3,3,3,7,3,3,7,3,3,3,3,7,3,7,3,3,3,7,3,3,7,3
154,0,3,3,3,3,7,3,3,3,3,7,7,3,7,3,3,3,7,3,3,7,3,7,3,7,3,3,7,3,3,3,3,3
155,0,7,7,3,3,7,3,7,7,7,3,7,7,7,3,3,3,3,3,3,7,7,7,3,7,7,7,7,7,7,3,7,3
156,0,3,3,3,3,3,3,3,3,3,3,3,3,3,3,3,3,7,3,3,3,3,3,3,7,3,3,3,3,3,3,3,7
157,0,3,3,3,3,3,3,3,3,3,3,3,3,3,3,3,3,3,3,3,3,3,3,3,3,3,3,3,3,3,3,3,3
158,0,3,3,3,3,3,3,3,3,3,3,3,3,3,3,3,3,3,3,3,3,3,3,3,3,3,3,3,3,3,3,3,3
159,0,3,3,3,3,3,3,3,3,3,3,3,3,3,3,3,3,3,3,3,3,3,3,7,3,3,3,3,3,3,3,3,3
160,0,3,3,3,3,3,3,3,3,3,3,3,3,3,3,3,3,3,3,3,3,3,3,3,3,3,3,3,3,3,3,3,3
161,0,3,3,3,3,3,3,3,3,3,3,3,3,3,3,3,3,3,3,3,3,3,3,3,3,3,3,3,3,3,3,3,3
162,0,3,3,3,3,3,3,3,3,3,3,3,3,3,3,3,3,3,3,3,3,3,3,3,3,3,3,3,3,3,3,3,3
163,0,3,3,3,3,3,3,3,3,3,3,3,3,3,3,3,3,3,3,3,3,3,3,3,3,3,3,3,3,3,3,3,3
164,0,3,3,3,3,3,3,3,3,3,3,3,3,3,3,3,3,3,3,3,3,3,3,3,3,5,3,3,3,3,3,3,3
165,0,3,3,3,3,3,3,3,3,3,3,3,3,3,3,3,3,3,3,3,3,3,3,3,5,5,3,3,3,3,3,3,3
166,0,3,3,3,3,3,3,3,3,3,3,3,3,3,3,3,3,3,3,3,3,3,3,3,3,3,3,3,3,3,3,3,3
167,0,3,3,3,3,3,3,3,3,3,3,3,3,3,3,3,3,3,3,3,3,3,3,3,3,3,3,3,5,3,3,3,3
168,0,3,3,3,3,3,3,3,3,3,3,3,3,3,3,3,3,3,3,3,3,3,3,3,3,3,3,3,3,3,3,3,3
169,0,3,3,3,3,3,3,3,3,3,3,3,3,3,3,3,3,3,3,3,3,3,3,3,3,3,3,3,3,3,3,3,3
170,0,3,3,3,3,3,3,3,3,3,3,3,3,3,3,3,3,3,3,3,3,3,3,3,3,3,3,3,3,3,3,3,3
171,0,3,3,3,3,3,3,3,3,3,3,3,3,3,3,3,3,3,3,3,3,3,3,3,3,3,3,3,3,3,3,3,3
172,0,3,3,3,3,3,3,3,3,3,3,3,3,3,3,3,3,3,3,3,3,3,3,3,3,3,3,3,3,3,3,3,3
173,0,3,3,3,3,3,3,3,3,3,3,3,3,3,3,3,3,3,3,3,3,3,3,3,3,3,3,3,3,3,3,3,3
174,0,3,3,3,3,3,3,3,3,3,3,3,3,3,3,3,3,3,3,3,3,3,3,3,3,3,3,3,3,3,3,3,3
175,0,3,3,3,3,3,3,3,3,3,3,3,3,3,3,3,3,3,3,3,3,3,3,3,3,3,3,3,3,3,3,3,3
176,0,3,3,7,3,3,3,3,3,3,3,3,3,3,3,3,3,3,3,3,3,3,3,3,3,3,3,3,3,3,3,3,3
177,0,3,3,3,3,3,3,3,3,3,3,3,3,3,3,3,7,3,3,3,3,3,3,3,3,3,3,3,3,3,3,3,3
178,0,3,3,3,3,3,3,3,3,3,3,3,3,3,3,3,3,3,3,3,3,3,3,3,3,3,3,3,3,3,3,3,5
179,0,3,3,3,3,3,3,3,3,3,3,3,3,3,3,3,3,3,3,3,3,3,3,3,3,3,3,7,3,3,3,3,3
180,0,3,3,3,3,3,3,3,7,3,3,7,3,3,3,3,3,3,3,3,3,3,3,3,3,7,3,3,3,3,3,3,3
181,0,3,3,3,3,3,7,3,3,3,3,3,3,3,3,3,3,3,3,3,3,3,3,3,3,3,3,3,3,3,3,3,3
182,0,3,3,3,3,3,3,3,3,3,3,3,3,3,3,3,3,3,3,3,3,3,3,3,3,3,3,3,3,7,3,3,3
183,0,3,3,3,3,3,3,3,3,3,3,3,3,3,3,3,3,3,3,7,3,3,3,3,3,3,3,3,3,3,5,3,3
184,0,3,3,3,3,3,3,3,3,3,3,3,3,3,7,3,3,3,3,3,3,3,3,3,3,3,7,3,3,3,3,3,3
185,0,3,3,3,3,3,3,3,3,3,3,3,3,3,3,3,3,3,3,3,3,3,3,3,3,3,3,3,3,3,3,3,3
186,0,3,3,3,3,3,3,3,3,3,3,3,3,3,3,3,3,3,3,3,3,3,3,3,3,3,3,3,3,3,3,3,3
187,0,3,3,3,3,3,3,3,3,3,3,3,3,3,3,3,3,3,3,3,3,3,7,3,3,3,3,3,3,3,3,3,3
188,0,3,3,3,3,3,3,3,3,3,3,3,3,3,3,3,3,3,3,3,3,3,7,3,3,3,3,3,3,3,3,3,3
189,0,3,3,3,7,3,3,3,3,3,3,3,3,3,3,3,3,3,3,3,3,3,3,3,3,3,3,3,3,3,3,3,3
190,0,3,3,3,3,3,3,3,3,3,3,3,3,3,3,3,3,3,3,3,3,3,3,3,3,3,3,3,3,3,3,3,3
191,0,3,3,3,3,3,3,3,3,3,3,3,3,3,3,3,3,3,3,3,3,3,3,3,3,3,3,3,3,3,3,3,3
192,0,7,3,3,7,7,3,7,7,7,7,7,3,7,7,7,3,7,3,7,3,7,7,7,7,3,3,3,3,7,7,7,3
193,0,7,7,7,7,7,3,7,3,3,7,7,7,7,7,7,7,3,3,7,3,7,7,7,3,7,3,7,7,7,3,7,7
194,0,7,7,3,3,3,3,3,3,3,7,3,3,7,7,7,3,7,7,7,7,3,3,7,7,7,3,7,3,7,3,3,7
195,0,7,3,3,3,7,3,7,3,7,7,3,7,7,7,3,7,7,3,3,3,3,7,3,7,7,3,3,3,3,3,7,3
0,1,7,7,7,3,7,3,7,7,3,7,3,3,3,3,7,7,7,7,7,7,7,3,3,7,7,7,3,7,7,7,7,3
1,1,3,3,3,3,3,3,3,3,3,3,3,3,3,3,3,3,3,3,3,3,3,3,3,3,3,3,3,3,3,3,3,3
2,1,3,3,3,3,3,3,3,3,3,3,3,3,3,3,3,3,3,3,3,3,3,3,3,3,3,7,3,3,3,3,3,3
3,1,3,3,3,3,3,7,3,3,3,3,3,3,3,7,3,3,3,3,3,7,3,3,3,3,3,3,3,3,7,3,3,3
4,1,7,7,7,7,7,7,3,3,3,3,3,3,7,7,3,7,3,3,3,7,7,3,3,7,7,3,7,7,7,7,7,3
5,1,7,7,7,7,7,7,7,7,7,3,7,7,7,3,3,7,7,3,7,7,7,7,3,7,7,7,7,7,7,3,7,7
6,1,7,7,3,7,7,7,7,7,7,7,3,7,7,7,7,7,7,3,3,7,3,7,7,7,7,7,7,7,7,7,7,7
7,1,7,7,3,7,7,7,3,3,7,7,7,3,7,7,3,3,3,3,3,3,3,7,7,3,3,7,7,3,3,7,7,3
8,1,7,7,3,7,3,7,3,7,7,3,3,7,3,7,7,7,3,7,7,3,7,7,3,7,7,7,7,3,3,3,3,7
9,1,3,3,5,3,3,3,3,3,3,3,3,3,3,3,3,3,3,3,3,3,3,3,3,3,3,3,3,3,3,3,3,3
10,1,3,3,3,3,3,3,3,3,3,3,3,3,3,3,3,3,3,3,3,3,3,3,3,3,3,3,3,3,3,3,3,3
11,1,3,3,3,3,3,3,3,3,3,3,3,3,3,3,3,3,3,3,3,3,3,3,3,3,3,5,3,3,3,3,3,3
12,1,3,3,3,3,3,3,3,3,3,3,3,3,3,3,3,3,3,3,3,3,3,3,3,3,3,3,3,3,3,3,3,3
13,1,3,3,3,3,3,3,3,3,3,3,3,3,3,3,3,3,3,3,3,3,3,3,3,3,3,3,3,3,3,3,3,3
14,1,3,3,3,3,3,3,3,3,3,3,3,3,3,3,3,3,3,3,3,3,3,3,3,3,3,3,3,3,3,3,3,3
15,1,3,3,3,3,3,3,3,3,3,3,3,3,3,3,3,3,3,3,3,3,3,3,3,3,3,3,3,3,3,3,3,3
16,1,3,3,3,3,3,3,3,3,3,3,3,3,3,3,3,3,3,3,3,3,3,3,3,3,3,3,3,3,3,3,3,3
17,1,3,3,3,7,3,3,3,3,3,3,3,3,3,3,3,3,3,3,3,3,3,3,3,3,3,3,3,3,3,3,3,3
18,1,3,3,3,3,3,3,3,3,3,3,3,3,3,3,3,3,3,3,3,3,3,3,3,3,3,3,3,3,3,3,3,3
19,1,3,3,3,7,7,3,3,7,3,3,3,3,7,3,7,3,7,3,3,3,7,3,3,3,3,3,3,7,3,3,3,3
20,1,7,5,7,7,7,7,3,3,7,7,7,3,7,3,7,3,7,7,3,3,3,7,7,3,7,3,3,3,3,7,3,7
21,1,7,3,7,3,7,7,3,7,7,3,7,3,3,7,3,3,7,3,7,3,3,7,3,7,7,3,3,7,3,7,3,3
22,1,7,7,7,7,7,7,7,7,7,7,7,7,7,7,7,3,7,7,7,3,3,7,7,7,7,3,7,3,7,7,7,3
23,1,7,7,3,7,3,7,7,3,3,7,7,3,7,7,7,7,7,7,3,3,7,7,7,3,7,3,7,7,7,3,7,7
24,1,7,7,7,7,7,7,7,3,7,7,7,7,7,3,7,7,7,7,7,7,3,7,7,3,7,3,7,7,7,7,7,7
25,1,7,7,7,7,7,3,7,3,3,7,7,7,3,3,7,3,3,3,7,7,7,7,7,7,7,7,7,7,7,7,3,7
26,1,7,3,3,7,3,7,3,3,7,7,7,7,7,7,7,3,3,3,7,7,7,3,3,3,3,3,3,7,3,7,3,7
27,1,7,7,3,3,3,3,7,7,7,7,7,3,7,7,7,3,3,7,3,7,3,7,7,7,7,7,3,3,3,7,3,3
28,1,7,7,7,7,3,7,3,3,3,3,7,7,7,3,3,7,3,3,7,3,3,3,7,3,7,3,7,7,3,7,7,7
29,1,7,7,7,7,7,7,7,7,7,7,7,7,7,3,3,3,7,3,7,7,7,7,3,7,7,7,7,7,7,3,7,3
30,1,7,3,3,7,7,3,3,7,7,7,3,7,3,7,3,7,7,7,7,3,7,7,7,7,7,3,7,7,3,7,7,7
31,1,3,3,3,3,3,3,3,7,3,3,3,3,3,3,3,3,3,3,3,3,3,3,3,3,3,3,3,3,3,3,3,3
32,1,3,3,3,3,3,3,3,3,3,3,3,3,3,3,3,3,3,3,3,3,3,3,3,3,3,3,3,3,3,3,3,3
33,1,3,3,7,3,3,3,3,3,3,3,3,3,3,3,3,3,3,3,3,3,3,3,3,3,3,3,3,3,3,3,3,3
34,1,3,3,3,3,3,3,3,3,3,3,3,3,3,3,3,3,3,7,3,3,3,3,3,7,7,3,3,3,3,3,3,3
35,1,3,3,3,3,3,3,3,7,3,3,3,3,3,3,3,3,3,3,3,3,3,3,3,3,3,3,3,3,3,3,3,3
36,1,3,3,3,3,3,3,3,3,3,3,3,3,3,3,3,3,3,3,3,3,3,3,3,3,3,3,3,3,3,3,3,3
37,1,3,3,3,3,7,3,3,7,3,3,3,3,3,3,3,3,3,3,3,3,3,7,3,3,3,3,3,3,3,3,7,3
38,1,3,3,3,3,3,3,3,3,3,3,3,3,3,3,3,3,3,3,3,3,3,3,3,3,3,3,3,3,3,3,3,7
39,1,3,3,3,3,3,3,3,3,3,3,3,3,3,3,3,7,3,3,3,3,3,7,3,3,3,3,3,3,3,3,3,3
40,1,3,3,3,3,3,3,3,3,3,3,3,3,3,3,3,3,3,3,3,3,3,3,3,3,3,3,3,3,3,3,3,3
41,1,3,3,3,3,3,3,3,3,3,3,3,3,3,3,3,3,3,3,3,3,3,3,3,3,3,7,3,3,3,3,3,3
42,1,3,3,3,3,3,3,7,3,3,3,3,3,3,3,3,3,3,3,3,3,3,3,3,3,3,3,3,3,3,3,3,3
43,1,3,3,3,3,3,3,3,3,3,3,3,3,3,3,3,3,3,3,3,3,3,3,3,3,3,5,3,3,3,3,3,3
44,1,3,3,3,3,3,3,3,3,3,3,3,3,3,3,3,3,3,3,3,3,3,3,3,3,3,3,3,3,3,3,3,3
45,1,3,3,3,3,3,3,3,3,3,3,3,3,3,3,3,3,3,3,3,3,3,3,3,3,3,3,3,3,3,3,3,3
46,1,3,3,3,3,3,3,3,3,3,3,3,3,3,3,3,3,3,3,3,3,3,3,3,3,3,3,3,3,3,3,3,3
47,1,3,3,3,3,3,3,3,3,3,3,3,3,3,3,3,3,3,3,3,3,3,3,3,3,3,3,3,3,3,3,3,3
48,1,3,3,3,3,3,3,3,3,3,3,3,3,3,3,3,3,3,3,3,3,3,3,7,3,3,3,3,3,3,3,3,3
49,1,3,3,3,3,3,3,3,3,3,3,3,3,3,3,3,3,3,3,3,3,3,3,3,3,3,3,3,3,3,3,3,3
50,1,3,3,3,3,3,3,3,3,3,3,3,3,3,3,3,3,3,3,3,3,3,3,3,3,3,3,3,3,3,3,3,3
51,1,3,3,3,3,3,3,3,3,3,3,3,3,3,3,3,3,3,3,3,3,3,3,3,3,3,3,3,3,3,3,3,3
52,1,3,3,3,3,3,3,3,7,3,3,3,3,3,3,3,3,3,3,3,3,3,3,3,3,3,3,3,3,3,3,3,3
53,1,3,3,3,3,3,3,3,3,3,3,3,3,3,3,3,3,3,3,3,3,3,3,3,3,3,3,3,3,3,3,3,3
54,1,3,3,3,3,3,3,3,3,3,3,3,3,3,3,3,3,3,3,3,3,3,3,3,3,3,3,3,3,3,3,3,3
55,1,3,3,3,3,3,3,3,3,3,3,3,3,3,3,3,3,3,3,3,3,3,3,3,3,3,3,3,3,3,3,3,3
56,1,3,3,3,3,3,1,3,3,3,3,3,3,3,3,3,3,3,3,3,3,3,3,3,3,3,3,3,3,3,3,3,3
57,1,3,3,3,3,3,3,3,3,3,3,3,3,3,3,3,3,3,3,3,3,3,3,3,3,3,3,3,3,3,3,3,3
58,1,3,3,3,3,3,3,3,3,3,3,3,3,3,3,3,3,3,3,3,3,3,3,3,3,3,3,3,3,3,3,3,3
59,1,3,3,3,3,3,3,3,3,3,3,3,3,3,3,3,3,3,3,3,3,3,3,3,3,3,3,3,3,3,3,3,3
60,1,3,3,3,3,3,3,3,3,3,3,3,7,3,3,7,3,7,3,3,3,3,3,3,3,3,7,3,7,3,3,3,3
61,1,3,3,3,3,3,3,3,3,3,3,3,3,3,3,3,3,3,3,3,3,3,3,2,3,3,3,3,3,3,3,3,7
62,1,7,7,7,7,7,7,7,3,7,7,7,3,7,7,3,7,7,3,7,7,7,7,7,3,7,3,3,7,3,7,3,3
63,1,3,3,3,3,3,3,7,3,3,7,7,3,3,3,3,3,3,3,3,3,3,3,3,3,3,3,3,3,3,3,3,3
64,1,3,3,3,7,3,3,3,3,3,3,3,3,3,3,3,3,3,3,3,3,3,3,3,3,3,3,3,3,3,3,3,3
65,1,7,3,7,3,7,3,7,7,7,7,7,3,7,3,7,7,3,3,3,3,7,3,2,7,7,7,7,7,7,3,3,3
66,1,7,7,7,7,7,7,7,3,7,3,7,7,7,7,3,7,7,7,3,3,3,7,3,7,7,7,7,7,7,7,7,7
67,1,3,3,3,3,3,3,3,3,3,3,3,3,3,7,3,3,3,3,3,3,3,3,3,3,3,3,3,3,3,3,3,3
68,1,3,3,3,3,3,3,3,3,7,3,3,3,3,3,3,3,3,3,3,3,3,3,3,3,3,3,3,3,3,3,3,3
69,1,3,3,7,3,3,3,3,3,3,3,3,3,3,7,7,3,3,3,3,7,3,3,7,3,7,7,7,7,3,3,7,3
70,1,7,3,3,7,7,3,7,7,7,7,7,7,7,7,7,7,3,7,7,7,3,7,7,3,7,7,7,7,7,7,3,3
71,1,7,7,7,7,7,3,7,3,3,7,3,7,3,3,7,7,7,7,3,7,3,7,3,7,7,3,7,7,3,7,3,7
72,1,7,3,7,3,7,7,7,7,7,7,7,7,7,7,7,7,7,7,7,3,3,7,3,7,3,3,7,7,3,7,7,7
73,1,7,7,7,7,7,7,7,7,7,7,3,3,7,7,7,7,7,7,7,7,3,7,7,7,3,3,7,7,7,3,7,7
74,1,3,3,3,3,3,3,3,3,3,3,3,3,3,3,3,3,3,3,3,3,3,3,3,3,3,3,3,3,3,3,3,3
75,1,3,3,3,3,3,3,3,3,3,3,3,3,3,3,3,3,3,3,3,3,3,3,3,3,3,3,3,3,3,3,3,3
76,1,3,3,3,3,3,3,3,3,3,3,3,3,3,3,3,3,7,3,7,3,3,3,3,3,3,3,3,3,3,3,3,3
77,1,3,3,3,3,3,3,3,3,3,3,3,3,3,3,3,3,3,3,3,3,3,3,3,3,3,3,3,3,3,3,3,3
78,1,3,3,3,3,3,3,3,3,3,3,3,3,3,3,3,3,3,3,3,3,3,3,3,3,3,3,3,3,3,3,3,3
79,1,3,3,3,3,3,3,3,3,3,3,3,3,3,3,3,3,3,3,3,3,3,3,3,3,3,3,3,3,3,3,3,3
80,1,3,3,5,3,7,3,5,3,3,7,7,3,3,3,7,3,3,3,7,3,3,3,7,3,7,3,7,3,7,3,3,3
81,1,3,3,3,7,3,3,3,3,3,3,3,3,3,3,3,3,3,3,3,3,3,3,3,3,3,3,3,3,3,3,3,7
82,1,3,3,3,3,3,3,3,3,3,3,3,3,3,3,3,3,3,3,3,3,7,3,3,3,3,3,3,3,3,3,3,3
83,1,3,3,3,3,3,3,3,3,3,3,3,3,3,3,3,3,3,3,7,3,3,3,3,3,3,3,3,3,3,3,3,3
84,1,3,3,3,3,7,3,3,3,3,3,3,3,5,3,3,3,3,3,7,3,3,3,7,7,3,3,3,3,7,3,3,7
85,1,3,3,3,3,3,3,3,3,3,3,3,7,3,3,3,3,3,7,3,3,3,3,3,3,3,3,3,3,3,3,7,3
86,1,7,7,3,7,3,7,7,3,7,3,7,3,7,3,7,7,7,3,7,7,7,7,7,7,7,3,7,3,7,7,3,7
87,1,7,3,7,7,3,3,3,3,7,3,7,7,7,3,7,7,3,7,7,7,3,7,7,3,7,3,7,7,3,7,3,3
88,1,7,3,3,7,7,7,3,7,3,7,3,3,3,3,7,7,3,3,7,3,3,3,3,3,3,7,3,3,7,3,3,3
89,1,7,7,7,7,7,7,7,7,7,3,7,3,3,7,7,7,7,3,7,7,7,7,7,7,7,7,3,7,7,7,3,3
90,1,7,7,7,7,3,7,3,7,7,7,3,7,7,7,7,3,3,3,7,7,7,7,3,7,3,7,7,7,7,7,7,7
91,1,7,7,3,7,7,7,7,7,7,7,3,7,7,7,7,3,7,7,7,7,3,7,7,7,3,7,7,7,7,7,7,3
92,1,7,7,7,3,7,3,3,3,7,7,7,7,7,7,3,7,3,7,7,7,7,7,7,3,7,7,3,7,7,7,7,3
93,1,7,7,3,3,3,7,7,3,7,3,7,7,3,7,3,7,3,7,3,3,3,7,7,7,3,7,7,7,7,3,3,7
94,1,7,7,3,3,7,7,3,3,3,3,3,3,3,3,3,3,3,7,7,7,7,7,7,7,3,7,3,3,3,7,7,7
95,1,3,3,3,3,3,3,3,3,3,3,3,3,3,3,3,3,3,3,3,3,3,3,3,3,3,3,7,3,3,3,3,3
96,1,3,3,3,3,3,3,3,3,3,3,3,3,3,3,3,3,3,3,3,3,3,3,3,3,3,3,3,3,3,3,3,3
97,1,3,3,3,3,3,3,3,3,3,3,3,3,3,3,3,3,3,3,3,3,3,3,3,3,3,3,3,3,3,3,3,3
98,1,3,3,3,3,3,3,3,3,3,3,3,3,3,3,3,3,3,3,3,3,3,3,3,3,3,3,3,3,3,3,3,3
99,1,3,3,3,3,3,5,3,3,3,3,3,3,3,5,3,3,3,3,3,3,3,3,3,3,3,3,3,3,3,3,3,3
100,1,3,3,3,3,3,3,3,3,5,5,3,3,5,5,3,3,5,3,3,3,3,3,3,3,3,5,3,3,5,3,3,5
101,1,3,3,3,3,3,3,5,3,3,3,3,3,5,3,7,3,3,3,7,7,3,3,3,3,3,3,3,3,3,3,3,7
102,1,7,7,7,3,7,7,7,7,7,7,7,7,7,7,3,7,7,7,7,7,7,7,7,7,7,7,7,7,7,7,7,7
103,1,7,7,7,7,7,7,7,7,7,7,7,7,7,7,7,7,7,7,7,7,7,7,7,7,7,7,7,7,7,7,7,7
104,1,7,7,7,7,7,7,7,7,7,7,7,7,7,7,7,7,7,3,7,7,7,7,7,7,7,7,7,7,7,7,7,7
105,1,7,7,7,3,7,7,7,7,7,3,7,7,7,7,7,7,7,7,7,3,7,7,7,7,7,7,7,7,7,7,7,7
106,1,7,3,7,7,7,7,7,7,7,7,7,3,7,7,7,7,3,7,7,7,7,7,7,7,7,7,7,7,7,7,7,7
107,1,7,3,3,7,7,7,3,7,7,7,7,7,7,7,3,7,7,7,7,7,3,7,7,7,7,7,7,7,7,7,7,7
108,1,7,7,7,7,7,7,7,7,7,7,7,7,7,7,7,3,7,7,7,7,7,7,7,7,7,7,7,7,3,7,7,3
109,1,7,7,7,7,7,7,7,7,7,7,7,7,7,7,7,7,7,7,7,7,7,7,7,7,7,7,7,7,7,7,7,7
110,1,7,7,7,3,7,7,7,7,3,7,7,7,7,7,7,7,7,7,3,7,7,7,7,3,7,7,7,7,3,7,7,3
111,1,7,7,3,7,7,7,7,7,7,7,7,3,7,7,7,7,7,7,7,7,7,7,7,7,7,7,7,7,7,7,7,7
112,1,7,7,7,7,7,7,7,7,7,7,7,7,7,7,7,7,7,7,7,7,3,7,7,7,7,7,7,7,7,7,7,7
113,1,7,7,7,7,7,7,7,7,7,7,7,3,7,3,7,7,7,7,7,7,7,7,7,7,7,7,7,7,7,3,7,7
114,1,7,3,7,7,7,7,7,7,7,3,7,7,7,7,7,7,7,7,7,7,7,7,7,3,7,7,7,7,7,7,7,7
115,1,7,7,7,7,7,7,7,3,7,7,7,7,7,7,7,7,7,7,7,7,7,7,7,7,7,7,7,7,7,7,7,7
116,1,7,7,7,7,7,7,7,7,7,7,7,7,7,7,7,7,7,7,7,7,3,3,7,7,7,7,7,7,7,7,7,7
117,1,7,7,7,7,7,7,7,7,7,3,7,7,7,3,7,7,7,7,7,7,3,7,7,7,7,7,7,7,7,3,7,3
118,1,3,3,3,3,3,3,3,3,3,3,3,3,3,3,7,3,7,3,7,3,3,3,3,3,7,3,3,7,7,3,3,7
119,1,7,7,7,7,7,7,7,3,7,7,3,7,7,5,3,7,7,7,3,3,7,7,7,7,7,7,7,3,7,3,7,7
120,1,7,7,7,3,7,3,7,3,7,3,7,3,7,3,7,7,7,7,7,7,7,7,7,7,3,7,5,7,7,7,7,7
121,1,7,3,7,7,3,7,7,7,3,7,3,7,7,7,7,7,3,3,7,7,7,7,7,7,3,7,7,7,3,7,7,7
122,1,7,7,7,7,7,7,7,7,7,7,7,3,7,7,7,7,7,7,7,7,7,3,3,7,3,3,7,7,7,7,7,7
123,1,7,7,7,7,7,3,7,7,7,7,7,3,7,7,7,7,7,7,7,7,7,7,7,7,7,7,7,7,3,3,7,7
124,1,3,7,3,7,3,7,3,3,3,3,3,3,7,3,3,3,3,7,7,3,7,7,7,3,7,3,7,3,3,7,3,3
125,1,3,3,3,3,7,3,3,3,3,3,3,3,3,5,7,3,3,3,3,3,3,3,3,3,3,3,3,3,7,3,3,3
126,1,3,3,3,3,3,3,3,3,3,3,3,3,3,3,3,3,7,7,3,7,3,3,3,7,3,3,3,3,3,7,7,3
127,1,3,7,3,3,7,3,7,7,7,3,3,3,3,3,7,3,3,3,3,7,3,3,3,3,7,3,7,3,3,3,3,3
128,1,3,3,7,7,7,7,3,7,3,3,7,7,3,3,3,7,7,3,7,3,7,3,7,7,3,7,2,3,3,3,3,3
129,1,7,3,7,3,7,3,3,3,3,3,3,3,7,7,3,3,3,3,7,3,7,7,7,3,3,7,3,3,3,3,3,3
130,1,7,3,7,7,7,3,7,3,7,7,7,3,7,7,7,3,7,7,3,3,7,7,3,7,7,7,3,7,3,7,3,7
131,1,7,3,3,7,7,3,3,7,7,7,7,3,7,3,7,3,7,3,3,7,7,7,3,7,3,3,3,3,7,3,7,7
132,1,7,7,3,7,3,3,7,7,7,7,3,3,7,7,7,7,3,7,7,3,7,3,7,7,7,3,3,3,3,3,3,7
133,1,3,3,3,3,3,3,7,7,7,3,3,3,3,3,3,3,7,7,7,3,3,3,3,3,3,3,3,3,3,7,3,7
134,1,3,3,7,3,3,7,3,7,3,3,3,7,3,3,3,3,3,3,3,7,3,3,7,3,7,3,3,3,3,7,7,3
135,1,3,3,3,3,7,3,3,3,3,3,3,3,3,3,3,3,3,3,3,7,3,3,3,3,3,3,3,3,3,3,3,7
136,1,7,3,7,3,7,7,3,7,3,7,7,3,3,7,3,7,3,3,3,7,7,7,3,3,7,3,7,3,7,7,3,3
137,1,7,7,7,3,3,7,7,7,7,7,3,7,3,7,3,3,7,7,7,3,3,3,3,3,3,3,7,3,3,5,7,7
138,1,3,3,7,3,7,7,3,3,7,3,3,3,3,3,3,3,3,7,3,3,3,3,7,3,7,3,7,7,3,3,3,3
139,1,3,3,3,3,3,3,3,3,3,3,3,3,3,5,3,7,7,3,3,3,3,3,7,3,3,3,3,3,3,3,7,3
140,1,3,7,3,3,3,3,3,3,3,3,3,3,3,3,3,3,7,3,3,3,3,3,3,3,7,3,3,3,7,3,3,7
141,1,3,3,3,3,3,3,3,7,3,3,3,7,7,7,3,3,3,7,7,2,7,3,3,7,3,3,7,3,7,7,5,3
142,1,7,7,3,3,7,7,7,3,7,7,7,7,7,3,7,3,3,7,7,3,3,3,7,7,3,7,3,3,7,3,7,7
143,1,3,3,3,3,3,3,3,3,3,3,3,3,3,3,7,3,7,3,3,3,3,7,3,3,3,7,3,3,3,3,3,3
144,1,7,3,7,7,7,7,3,3,7,7,3,7,7,3,7,3,3,3,3,7,7,7,7,3,3,3,7,7,7,3,3,3
145,1,7,7,7,7,3,7,3,7,3,7,3,3,7,7,3,3,3,3,7,3,3,3,7,3,3,7,7,3,3,3,7,5
146,1,7,7,3,3,7,7,3,3,7,3,7,7,7,3,7,7,7,7,3,7,7,7,3,3,7,3,3,3,3,7,7,7
147,1,7,3,3,7,3,3,3,3,3,7,3,3,7,3,7,3,3,3,3,3,7,3,7,3,3,7,7,3,3,3,3,3
148,1,7,3,3,7,7,3,3,5,7,3,7,7,7,3,7,7,7,7,3,7,7,7,7,3,3,7,3,7,7,3,7,3
149,1,7,7,7,7,7,3,7,3,7,3,7,7,7,3,3,7,3,7,7,3,7,7,3,3,3,7,5,3,7,3,7,7
150,1,7,3,3,3,3,3,3,5,3,3,3,7,3,3,3,3,3,3,3,3,3,3,3,7,3,3,7,3,3,3,7,3
151,1,7,7,7,3,7,3,3,3,3,3,5,7,3,3,3,3,3,3,3,7,7,3,7,3,3,3,3,3,3,3,7,3
152,1,7,3,3,3,3,3,3,3,3,3,3,3,3,3,3,3,3,3,3,3,3,3,3,3,3,3,7,3,7,5,3,3
153,1,3,7,3,3,3,3,7,7,7,7,7,7,7,3,3,3,7,3,7,3,7,3,7,3,3,3,3,3,3,3,3,3
154,1,7,3,7,3,7,3,7,7,3,7,7,3,7,7,3,3,7,7,7,7,3,3,3,7,3,3,7,3,7,7,7,7
155,1,7,3,7,3,3,3,7,7,7,7,3,3,3,7,7,7,7,7,3,7,7,7,7,7,7,3,7,7,3,7,3,7
156,1,7,7,7,7,3,7,3,3,3,3,7,7,3,3,7,3,7,7,3,3,3,7,3,3,3,3,7,3,3,7,3,7
157,1,7,7,7,3,3,7,3,3,7,7,3,3,3,7,7,3,7,7,3,3,7,7,7,3,7,7,7,3,3,7,3,7
158,1,7,7,3,3,3,3,3,3,3,3,3,3,3,3,3,3,3,3,3,7,3,3,7,3,3,3,7,3,3,7,7,3
159,1,3,3,3,3,3,3,3,3,3,7,3,3,7,3,3,3,7,7,3,3,3,7,3,7,3,3,3,3,3,3,7,3
160,1,3,3,3,3,3,3,3,3,3,3,3,3,3,3,3,3,3,3,3,3,3,7,3,3,3,3,3,3,3,3,3,3
161,1,7,3,7,7,7,3,3,7,3,7,7,7,3,3,7,7,7,7,3,7,3,3,3,7,3,3,3,7,7,7,7,7
162,1,7,3,3,7,3,3,7,7,3,7,7,3,7,3,7,7,3,3,7,3,7,3,2,3,3,3,7,7,7,3,7,7
163,1,7,3,7,3,7,3,7,7,3,3,3,3,3,3,3,7,3,7,3,7,3,3,3,7,7,3,7,3,3,7,3,3
164,1,3,7,7,7,7,3,3,7,3,7,7,7,7,7,7,3,7,3,3,7,3,3,7,3,3,3,7,3,3,3,3,3
165,1,7,3,3,3,7,3,3,3,7,3,3,3,3,3,3,3,3,3,3,3,7,3,3,3,3,7,7,3,7,3,3,3
166,1,3,3,7,3,7,7,3,7,3,3,3,3,3,7,3,7,3,7,3,3,3,3,3,3,7,3,3,7,7,3,3,7
167,1,3,3,3,3,3,3,3,3,3,3,3,3,3,7,3,3,3,3,3,3,3,3,3,3,3,3,3,3,3,7,3,3
168,1,3,3,3,3,3,3,3,3,3,3,3,3,3,3,3,3,3,3,3,3,3,3,3,3,3,7,3,3,3,3,3,3
169,1,3,3,7,7,3,7,3,7,7,3,3,7,3,3,3,3,3,3,3,7,3,3,3,3,7,7,3,5,3,7,3,3
170,1,3,3,3,3,3,3,3,3,3,7,7,3,7,3,3,3,3,3,3,7,7,7,7,3,7,7,3,3,7,3,3,3
171,1,7,7,3,7,3,3,3,3,3,7,3,7,3,3,3,3,7,3,3,3,3,7,7,7,3,3,3,7,3,3,3,3
172,1,3,7,3,3,3,3,3,3,3,3,7,3,3,3,3,3,3,3,3,3,3,3,3,3,3,3,7,3,3,3,3,3
173,1,7,3,3,3,3,3,3,3,3,7,3,3,3,3,3,7,3,3,3,7,3,7,3,3,3,3,3,7,7,7,3,3
174,1,7,7,3,3,7,3,7,3,7,7,3,7,3,7,7,3,7,3,3,3,3,3,3,3,3,3,3,7,7,3,3,3
175,1,7,3,3,7,3,7,3,3,3,3,3,3,3,7,7,7,3,7,3,3,7,3,3,3,3,7,3,3,7,3,3,3
176,1,7,3,3,3,7,7,3,7,7,7,3,7,7,3,3,7,3,3,3,3,7,3,3,3,7,7,7,7,3,7,3,3
177,1,3,3,3,3,3,3,3,3,3,3,3,3,3,3,3,3,3,3,3,3,3,3,3,3,3,3,7,3,3,3,3,3
178,1,7,7,7,7,3,3,7,3,7,3,7,3,7,3,7,3,3,7,3,7,7,3,7,3,3,3,7,3,3,3,7,3
179,1,7,7,7,7,7,3,3,7,3,3,3,3,7,3,3,7,3,3,7,7,7,3,3,3,7,7,7,7,3,3,7,3
180,1,7,3,7,3,7,7,3,7,3,3,3,3,3,3,7,7,3,7,7,7,7,3,7,3,3,7,3,7,3,7,3,3
181,1,7,3,7,7,3,3,3,3,3,3,3,7,7,7,7,3,3,7,3,3,7,3,3,7,7,7,7,3,3,7,7,3
182,1,7,7,7,3,3,7,3,3,7,7,3,7,7,3,3,7,7,7,7,3,7,3,3,7,3,3,7,3,3,3,7,7
183,1,7,3,7,3,3,3,3,3,3,7,7,3,7,3,3,3,7,7,7,3,7,7,7,7,7,7,7,3,3,3,3,7
184,1,7,7,3,7,3,7,7,7,3,7,7,3,7,3,7,7,7,7,7,7,7,7,7,3,3,7,3,3,3,7,3,7
185,1,3,3,7,3,3,3,3,7,3,3,7,3,3,3,3,3,3,3,3,3,3,7,3,7,3,3,3,3,7,3,3,3
186,1,7,7,3,3,7,3,3,3,3,7,3,3,3,7,7,3,7,3,3,7,7,3,7,7,7,3,3,3,3,3,7,7
187,1,7,3,3,7,7,3,3,3,3,3,7,7,3,3,7,3,3,7,3,7,3,3,7,3,3,7,7,3,3,3,3,7
188,1,7,7,3,7,3,7,7,7,3,7,7,7,3,7,7,7,7,3,3,7,3,7,7,7,3,7,3,7,7,3,3,7
189,1,7,7,3,3,7,3,7,3,7,7,3,7,7,7,3,7,3,3,7,7,3,7,3,7,3,7,3,7,7,7,3,7
190,1,7,3,3,7,3,3,3,7,3,7,5,7,7,7,7,7,3,3,7,3,3,7,3,3,7,7,7,3,7,7,7,7
191,1,7,7,3,3,7,7,7,7,3,3,3,3,3,7,7,7,3,7,7,3,3,3,3,7,7,3,7,7,7,3,3,3
192,1,7,7,3,7,7,7,7,7,7,7,3,7,7,3,3,7,7,7,3,3,3,7,7,3,7,3,3,7,7,3,3,7
193,1,7,3,3,7,7,7,7,3,7,7,7,7,3,7,3,7,7,3,7,3,3,7,7,7,3,7,7,3,7,7,7,3
194,1,7,7,3,7,3,7,3,7,7,7,3,3,7,7,3,3,7,7,3,3,7,7,7,3,7,3,7,3,7,3,7,7
195,1,7,7,3,3,7,3,3,3,7,3,7,7,7,3,7,3,7,7,7,3,3,7,7,3,3,7,7,7,3,3,7,3
0,2,7,3,3,3,7,7,3,3,3,7,7,7,3,7,3,3,3,3,7,7,7,7,3,7,7,7,7,7,7,7,7,3
1,2,7,3,7,7,3,7,7,3,3,3,7,7,3,7,7,7,3,7,7,7,7,3,7,7,3,3,3,7,7,7,7,3
2,2,7,3,7,7,7,7,3,3,3,7,7,3,7,7,7,7,3,3,3,3,7,3,3,7,7,7,3,3,3,7,3,7
3,2,7,7,7,7,7,7,7,7,7,7,7,7,7,7,7,7,7,7,7,7,7,3,7,3,7,7,7,7,3,3,7,7
4,2,3,3,3,3,3,3,7,3,3,3,3,3,3,3,3,3,3,3,3,3,3,7,3,7,7,3,2,3,3,3,3,3
5,2,3,3,3,3,3,3,3,3,3,3,2,5,2,3,3,3,3,3,3,3,3,7,3,3,3,3,3,3,3,3,3,3
6,2,3,3,3,3,3,3,3,3,3,3,3,3,3,3,3,2,3,3,3,3,3,3,3,3,3,2,3,3,3,3,3,3
7,2,3,3,3,3,3,3,3,3,3,3,3,3,3,3,3,3,3,3,3,3,3,3,3,3,3,3,3,3,3,3,3,3
8,2,3,3,3,3,3,2,3,3,2,2,2,3,3,3,3,3,3,2,3,2,3,3,3,3,2,3,3,3,3,3,3,3
9,2,3,3,3,3,3,3,3,3,3,3,3,3,3,3,3,3,3,3,3,3,3,3,3,3,3,3,3,3,3,3,3,3
10,2,3,3,3,3,3,3,3,3,3,3,3,3,3,3,3,3,3,3,3,3,3,3,3,3,3,3,3,3,3,3,3,3
11,2,3,3,3,3,3,5,3,3,3,3,3,3,3,3,3,3,3,3,3,3,3,3,3,3,7,3,7,3,3,3,3,3
12,2,7,7,7,3,3,3,7,7,3,3,7,7,3,2,7,3,3,7,7,7,7,3,7,3,3,7,7,3,7,3,7,7
13,2,7,7,7,7,7,7,7,7,7,7,3,7,7,7,7,7,7,7,7,7,7,7,7,7,7,7,7,7,7,7,7,7
14,2,7,3,7,7,7,7,7,7,7,7,7,7,7,7,7,7,7,7,7,7,7,7,7,2,7,7,7,7,7,7,7,7
15,2,7,7,7,7,7,7,7,7,7,7,7,7,7,7,2,7,7,7,7,7,7,7,7,7,7,7,7,7,7,3,7,7
16,2,7,7,7,7,7,7,7,7,7,3,7,7,7,7,7,3,7,7,2,7,7,7,7,3,3,7,3,7,7,7,7,7
17,2,7,7,7,7,7,7,7,7,7,7,7,3,7,7,7,7,7,7,7,7,7,7,7,7,7,7,7,3,7,7,7,7
18,2,7,7,7,7,3,7,7,8,7,3,7,3,7,7,7,7,7,7,7,3,8,7,7,7,3,7,7,7,7,7,3,7
19,2,7,7,7,3,2,7,3,3,3,3,7,7,7,3,3,3,7,3,3,3,3,7,3,3,3,3,7,2,7,7,3,3
20,2,7,3,7,3,3,7,7,7,3,3,3,3,3,7,7,3,7,3,3,3,7,3,7,3,3,7,3,2,7,7,7,7
21,2,7,7,7,3,3,7,3,7,7,3,7,7,3,7,2,3,7,3,3,7,7,7,3,7,7,7,3,7,3,7,7,7
22,2,7,7,7,7,3,7,7,7,7,7,3,3,7,7,7,7,3,7,2,7,7,3,7,3,7,3,7,3,7,3,7,3
23,2,7,3,3,7,3,3,3,3,3,7,3,7,7,3,3,7,3,3,3,3,7,3,3,3,3,3,7,3,7,3,3,3
24,2,7,3,3,7,3,3,7,7,3,7,3,7,3,3,7,7,7,7,7,7,3,5,3,3,7,7,7,3,3,3,3,3
25,2,3,3,3,3,3,3,3,3,3,3,3,3,3,3,3,3,3,3,2,3,3,7,3,3,3,3,3,3,3,3,3,3
26,2,3,7,7,3,3,3,3,3,5,3,3,3,3,3,3,3,3,3,3,3,3,3,3,3,3,3,3,7,3,3,3,7
27,2,3,3,3,3,3,3,3,3,3,3,3,3,3,3,3,3,3,3,3,3,3,3,3,3,3,3,3,3,3,3,3,3
28,2,3,3,3,3,3,3,3,3,3,3,3,3,3,3,3,3,3,5,3,3,3,3,3,3,3,3,5,3,3,3,3,3
29,2,3,3,3,3,5,3,5,3,3,3,5,3,3,3,3,3,3,3,3,3,5,3,3,5,3,3,3,5,3,5,3,3
30,2,3,7,3,3,3,3,3,5,7,3,7,3,3,3,3,7,3,3,3,2,7,7,3,7,3,7,5,3,3,5,3,3
31,2,3,3,7,3,3,3,3,3,3,3,3,3,3,3,3,3,3,3,3,3,3,7,3,3,3,3,7,3,3,3,3,7
32,2,3,3,3,3,3,3,3,3,3,3,3,3,3,3,3,3,7,3,3,3,3,3,3,3,3,3,3,3,3,3,3,3
33,2,3,3,3,3,3,3,3,3,3,3,3,3,3,3,3,3,7,3,3,3,3,3,3,3,7,3,3,3,7,3,3,3
34,2,3,3,3,3,3,3,3,3,3,3,3,3,3,3,3,3,3,3,3,3,3,3,3,3,3,3,3,3,3,3,3,3
35,2,3,3,3,3,3,3,3,3,3,3,3,3,3,3,3,3,3,3,3,3,3,3,3,3,3,3,3,3,3,3,3,3
36,2,3,7,3,3,3,7,3,3,3,3,3,3,3,3,3,3,3,3,3,7,3,3,3,3,3,7,3,3,3,3,3,3
37,2,7,7,7,3,7,7,3,3,7,3,7,7,3,3,3,7,7,3,3,7,7,7,7,7,7,7,7,7,3,3,7,7
38,2,7,3,3,3,3,3,7,7,3,3,3,3,3,3,3,7,3,7,7,3,7,7,7,3,7,3,7,3,3,7,3,3
39,2,3,7,7,3,7,7,7,3,7,8,3,7,3,3,7,7,7,3,8,3,3,7,7,3,7,7,3,7,7,7,3,7
40,2,3,3,7,3,7,3,3,3,7,3,3,3,3,3,3,3,3,3,3,3,3,3,7,3,7,3,7,3,3,3,3,7
41,2,3,3,3,3,3,3,3,3,3,3,3,3,3,3,3,3,3,5,5,3,3,3,3,3,7,3,3,7,3,3,3,3
42,2,3,3,3,3,7,3,7,3,3,7,3,3,7,3,7,3,3,7,3,3,3,7,3,7,3,3,3,3,3,3,3,7
43,2,7,3,7,3,3,3,7,3,7,3,7,3,3,3,7,7,7,7,3,7,3,3,3,7,3,3,7,3,3,3,7,7
44,2,7,3,7,3,7,3,7,3,3,3,7,3,3,3,7,3,3,7,3,3,3,7,3,7,7,3,3,7,7,7,7,3
45,2,7,7,7,3,3,7,3,7,7,7,7,7,7,7,7,7,3,7,3,7,7,7,7,7,3,3,7,7,7,3,7,3
46,2,7,3,7,7,7,7,7,3,3,7,7,3,3,3,7,7,3,7,7,3,7,3,7,7,7,7,7,7,7,3,3,7
47,2,7,7,7,7,7,7,5,3,3,3,3,7,7,3,3,3,3,7,7,7,3,7,7,3,3,3,7,7,3,3,3,7
48,2,7,3,3,3,7,3,7,3,3,7,7,3,3,3,7,3,7,3,7,3,3,7,7,3,3,7,7,3,3,3,3,7
49,2,7,7,7,3,3,7,3,7,7,3,3,3,7,3,3,3,3,7,7,3,7,3,7,3,7,3,3,3,3,3,7,7
50,2,7,7,3,3,3,3,3,3,3,3,3,3,3,3,7,7,7,7,3,3,3,3,3,3,3,3,3,3,7,3,3,3
51,2,3,3,7,3,3,3,7,3,3,7,3,7,3,3,3,3,3,3,3,3,5,3,3,7,3,3,3,3,3,3,3,3
52,2,3,3,3,7,3,7,3,7,3,3,7,3,3,3,3,3,3,3,3,3,3,3,3,3,3,3,7,3,3,7,7,3
53,2,7,3,3,7,3,3,7,3,3,7,3,3,3,3,7,7,3,3,3,3,7,3,3,7,3,3,3,7,3,3,3,3
54,2,3,3,3,7,3,3,3,3,3,3,3,3,3,7,3,3,3,3,3,3,7,3,3,7,3,3,3,3,3,3,7,7
55,2,7,3,7,3,7,5,3,3,3,3,3,7,7,7,7,3,7,7,3,3,3,7,7,7,3,7,7,7,3,7,7,7
56,2,3,3,3,7,3,3,3,7,3,3,3,3,3,7,3,3,3,3,3,3,3,3,3,3,3,3,3,3,3,3,3,3
57,2,7,3,7,3,3,7,3,3,3,7,7,7,3,3,3,3,7,7,3,7,7,3,7,3,3,3,7,7,3,7,3,7
58,2,7,3,3,7,3,3,3,3,3,3,3,3,3,7,3,3,3,3,7,3,3,3,3,3,3,7,3,3,3,7,3,3
59,2,7,7,7,7,7,7,7,7,7,7,7,7,7,7,7,7,3,7,7,7,7,3,3,7,7,7,7,3,7,7,7,3
60,2,7,7,7,7,7,7,7,7,7,7,7,7,7,7,7,7,7,7,7,7,7,7,7,7,7,3,7,7,7,7,7,7
61,2,7,7,7,7,7,7,7,7,7,7,7,7,7,7,7,7,7,7,7,7,7,3,7,7,7,7,7,7,7,3,7,7
62,2,7,7,7,7,7,7,7,7,3,7,7,7,7,7,7,7,7,7,7,7,7,7,7,7,7,7,3,7,7,7,3,7
63,2,7,7,7,7,7,7,7,7,7,7,7,7,7,7,7,7,7,7,7,7,3,7,7,7,3,7,7,7,7,3,7,7
64,2,7,7,7,7,3,7,7,7,7,7,3,7,7,7,7,3,7,7,3,7,7,3,7,7,3,7,7,3,3,7,7,3
65,2,7,7,7,7,7,7,7,3,7,7,7,7,7,7,7,3,3,3,7,7,7,7,7,7,7,3,7,7,7,7,7,7
66,2,7,7,7,7,7,7,3,7,7,3,7,7,7,7,7,3,3,7,7,3,3,3,7,7,7,7,7,3,7,7,7,3
67,2,7,7,7,7,7,7,7,7,7,7,7,7,3,7,7,7,7,7,7,3,3,7,7,3,7,7,3,7,7,7,7,7
68,2,7,7,7,7,7,7,3,7,7,7,3,7,7,7,3,7,7,7,7,3,3,7,7,7,3,7,7,7,7,3,7,7
69,2,7,7,7,7,3,7,7,7,7,3,7,7,7,7,7,7,7,7,7,3,7,7,7,7,7,7,7,7,7,3,7,7
70,2,7,7,7,7,3,7,7,7,3,7,7,7,7,7,7,7,7,7,7,7,7,7,7,3,7,7,7,7,7,7,7,7
71,2,7,7,7,7,7,7,7,7,7,7,7,7,7,3,7,7,3,3,7,7,3,3,7,7,7,7,7,7,7,7,7,3
72,2,7,7,7,7,7,7,7,3,7,7,7,7,7,7,3,7,3,3,7,3,7,7,7,7,3,7,7,7,7,3,7,7
73,2,7,7,7,7,3,7,7,7,7,7,3,3,7,3,3,3,7,7,3,3,7,3,7,7,3,7,7,7,7,3,7,7
74,2,3,3,3,3,3,3,3,3,3,3,3,7,3,3,3,7,3,3,3,3,3,3,7,3,7,7,3,3,3,3,3,3
75,2,3,3,3,3,3,3,3,3,7,7,3,3,3,3,3,3,3,3,3,3,3,7,3,3,3,3,3,3,7,3,3,3
76,2,3,3,3,7,3,3,3,3,3,3,3,7,3,7,7,3,3,3,3,3,7,3,7,3,3,3,7,3,7,7,3,3
77,2,3,7,3,7,3,3,3,3,3,3,7,3,7,3,7,7,7,3,3,7,7,3,7,3,3,3,7,3,3,3,7,7
78,2,3,3,3,3,3,3,7,3,3,3,3,3,3,3,3,3,3,3,3,3,3,7,3,3,3,3,3,3,3,3,3,3
79,2,3,7,3,3,7,7,7,3,3,3,7,7,7,7,3,3,3,7,3,3,7,7,3,3,3,7,3,3,3,3,3,3
80,2,7,7,3,3,1,3,7,3,3,7,3,3,7,7,3,7,3,7,7,3,3,3,7,3,3,7,3,3,3,7,7,3
81,2,7,3,3,3,3,7,3,3,7,3,7,7,7,3,7,3,3,3,3,3,3,3,7,7,3,3,3,7,7,7,3,7
82,2,7,7,3,7,7,7,7,7,3,7,7,7,3,7,3,7,3,7,7,3,7,7,7,7,7,7,3,3,3,7,7,7
83,2,7,7,7,7,7,7,3,7,7,7,7,7,7,3,7,7,7,7,3,3,7,7,7,7,7,7,3,7,3,3,7,7
84,2,7,7,7,7,7,7,7,7,3,3,3,7,7,3,7,7,7,7,7,7,7,7,7,3,7,7,7,7,7,3,7,7
85,2,7,7,7,7,7,7,7,3,7,7,3,7,3,7,7,3,3,7,7,7,7,7,7,7,7,3,7,3,3,3,3,7
86,2,7,7,7,7,3,3,7,7,7,7,7,3,7,7,3,3,7,7,7,7,7,3,3,3,7,7,7,7,7,7,7,7
87,2,7,7,3,7,3,7,7,7,7,3,3,7,7,7,7,7,7,7,3,7,3,7,7,3,3,7,7,3,7,7,7,7
88,2,7,7,7,7,7,3,3,7,3,7,3,3,7,3,7,7,7,7,3,3,7,7,7,3,7,7,7,7,3,3,3,3
89,2,7,7,3,7,3,7,3,7,3,3,3,3,3,3,3,7,3,3,7,3,7,3,3,3,7,7,3,3,7,3,7,7
90,2,7,3,7,7,3,7,7,3,3,7,3,3,7,3,3,3,7,7,7,7,7,3,3,7,3,7,7,7,3,7,7,7
91,2,7,7,7,7,7,7,7,7,7,7,7,7,7,7,3,3,7,7,7,3,3,7,7,3,3,7,3,3,7,3,7,3
92,2,7,3,3,7,7,3,3,3,3,3,3,7,7,3,3,7,7,3,7,7,3,7,3,3,3,7,7,7,7,3,7,3
93,2,7,3,7,7,7,3,7,7,3,7,7,7,3,7,3,3,7,7,7,3,7,3,3,7,7,7,7,7,3,3,3,7
94,2,3,3,3,3,3,3,3,7,3,3,3,3,3,3,7,3,3,7,3,7,3,7,3,3,3,7,7,3,3,3,3,3
95,2,3,3,3,7,3,7,3,3,3,3,3,3,3,3,7,3,3,3,7,7,3,3,3,3,3,3,3,3,3,3,3,3
96,2,7,3,3,7,3,7,7,7,7,7,7,7,7,3,7,3,7,3,7,7,7,7,3,3,7,7,7,7,7,7,7,3
97,2,7,7,7,7,7,3,7,7,7,7,7,7,7,7,3,3,3,7,7,7,7,7,3,7,3,3,7,3,7,7,3,7
98,2,7,3,7,7,7,3,3,7,7,3,3,7,3,7,7,7,3,3,3,7,7,7,3,7,7,7,7,7,3,7,7,7
99,2,7,7,7,7,3,3,3,7,3,3,3,7,2,3,7,7,7,7,3,3,3,7,3,7,7,7,7,3,7,3,5,7
100,2,7,7,7,3,7,3,7,7,7,7,3,3,7,3,3,3,7,7,7,7,7,3,7,7,3,3,7,7,7,3,7,3
101,2,7,3,7,7,3,7,3,7,3,7,7,7,7,3,7,3,7,7,7,7,7,7,7,5,3,7,7,3,7,3,7,7
102,2,7,7,3,7,3,3,7,7,7,7,3,7,3,7,3,3,3,7,7,7,3,7,3,7,7,7,7,7,3,3,3,7
103,2,3,3,7,3,7,3,7,3,3,7,7,7,3,7,3,3,3,7,7,7,3,7,3,3,3,3,3,3,3,7,3,3
104,2,3,3,7,7,7,3,3,3,3,3,3,3,7,3,7,3,3,3,3,3,7,3,3,3,3,3,3,7,3,3,7,7
105,2,3,7,3,3,7,7,3,3,3,3,3,3,3,7,3,3,3,3,3,3,3,3,3,3,3,3,3,7,3,3,3,3
106,2,7,3,3,7,3,3,3,3,3,7,3,3,7,3,3,3,3,7,3,3,3,7,7,7,3,3,7,3,3,7,7,7
107,2,7,3,3,3,3,3,3,3,7,7,3,3,3,3,7,3,3,3,7,7,3,3,3,3,3,3,7,3,3,3,3,3
108,2,3,3,3,3,7,3,3,3,3,3,3,7,3,3,7,7,3,3,3,3,7,7,3,7,3,7,3,3,3,3,7,3
109,2,3,7,3,3,7,3,7,3,3,7,3,7,7,3,7,7,7,3,7,3,7,3,7,3,7,3,7,3,3,3,3,3
110,2,7,3,3,3,7,7,3,7,7,7,7,3,7,3,3,3,7,3,7,7,3,3,7,3,7,7,7,3,7,3,3,3
111,2,3,3,7,3,3,3,3,7,3,3,3,3,3,7,3,3,3,3,3,3,7,3,3,3,7,7,3,3,3,3,3,7
112,2,3,3,3,3,3,3,3,7,3,3,3,3,3,3,3,3,3,3,3,3,7,3,3,3,3,3,3,3,3,3,3,3
113,2,3,3,3,7,3,7,3,7,3,3,3,3,7,3,3,7,3,3,3,3,3,3,3,3,3,3,3,3,3,3,3,7
114,2,3,3,3,3,3,3,3,3,3,3,3,3,3,3,3,3,3,3,3,7,3,3,3,3,7,3,3,3,7,3,3,3
115,2,7,7,3,7,7,7,7,7,3,3,3,7,7,3,7,3,3,7,7,3,3,3,7,7,3,3,7,3,7,7,3,3
116,2,7,7,7,7,7,7,7,7,3,3,7,7,3,3,3,3,3,7,3,3,7,7,7,7,3,3,3,3,7,7,7,3
117,2,7,3,3,3,3,3,3,7,7,7,7,7,3,7,7,7,3,7,3,3,3,7,7,3,3,3,3,7,3,3,7,3
118,2,7,7,7,7,3,7,3,3,7,3,7,3,7,7,7,3,7,7,3,7,7,7,7,3,7,7,7,3,7,3,7,7
119,2,7,3,7,3,3,7,3,3,3,7,7,7,7,7,3,7,7,7,7,7,3,3,7,7,3,7,7,7,7,7,7,7
120,2,3,7,3,3,3,3,7,3,3,7,3,7,3,3,7,3,3,3,3,3,3,3,3,3,3,3,3,3,3,7,7,3
121,2,3,3,7,7,3,3,7,3,7,3,3,3,3,3,7,3,3,3,3,3,7,3,3,7,3,3,3,7,3,3,3,7
122,2,7,7,7,3,7,3,3,3,3,2,3,7,3,3,3,3,3,7,7,3,7,3,3,3,3,7,3,7,3,3,3,3
123,2,3,3,7,3,3,3,3,3,7,3,3,7,3,3,3,3,3,7,3,3,7,3,7,3,3,3,3,3,3,3,3,3
124,2,3,7,3,3,3,3,7,3,3,3,3,7,7,3,7,3,3,7,7,3,3,7,3,3,7,3,7,3,3,3,3,3
125,2,3,3,3,3,3,3,3,3,3,3,3,3,3,3,3,7,3,3,7,3,3,3,3,3,7,3,3,3,3,3,3,3
126,2,7,3,7,7,7,7,7,3,7,7,7,7,7,7,7,7,7,7,7,7,7,7,7,7,7,7,7,3,7,7,7,7
127,2,7,7,7,7,7,7,3,7,7,7,7,7,7,7,7,7,7,7,7,3,7,7,7,7,7,7,7,7,7,7,7,7
128,2,7,7,7,7,7,7,7,7,7,7,7,7,3,7,7,7,7,7,7,7,7,7,3,7,7,7,7,7,7,7,7,7
129,2,7,7,7,7,7,7,7,3,7,3,7,7,7,7,7,7,7,7,7,7,7,3,7,3,7,7,7,7,7,7,7,7
130,2,7,7,7,7,7,7,7,7,7,7,7,3,7,7,7,7,7,7,7,7,7,7,7,3,7,7,7,7,7,7,7,3
131,2,7,3,7,7,7,7,7,7,7,7,7,7,7,7,7,7,7,7,7,7,7,7,7,7,7,3,7,7,7,7,7,7
132,2,7,7,7,3,7,3,7,3,3,3,7,7,7,7,7,3,7,7,3,7,7,7,7,7,7,7,3,7,7,7,7,7
133,2,7,7,7,7,3,7,7,3,7,7,7,7,7,7,7,7,7,7,7,7,7,3,7,7,7,7,7,7,7,7,7,7
134,2,7,7,3,7,3,3,3,7,7,7,7,7,7,3,3,3,7,3,7,3,7,7,3,7,3,7,3,7,3,7,3,3
135,2,7,3,7,7,3,3,7,3,7,3,3,3,3,7,7,7,7,3,3,3,3,3,3,3,3,3,7,7,3,7,3,7
136,2,7,3,3,7,3,7,3,3,3,3,7,3,7,7,3,7,7,7,7,3,3,3,3,3,7,3,3,7,3,3,7,7
137,2,7,7,7,3,3,3,3,3,7,7,3,3,3,7,3,3,3,7,3,7,7,3,7,3,3,3,7,7,7,7,3,7
138,2,3,3,3,7,7,7,7,7,7,3,3,3,3,3,7,7,3,7,3,7,3,7,7,7,7,3,7,7,7,7,7,7
139,2,3,7,3,3,3,3,3,7,3,3,3,7,7,3,7,7,3,3,7,7,7,3,3,3,7,7,3,3,7,3,7,7
140,2,3,3,3,3,7,3,7,7,3,3,7,7,3,3,7,7,3,7,3,7,3,3,7,3,7,3,7,3,3,3,7,7
141,2,3,7,3,7,3,7,3,3,3,7,3,7,3,3,3,3,3,3,7,3,7,7,3,2,3,7,3,7,3,3,7,7
142,2,7,3,3,7,3,3,3,3,3,3,3,3,7,3,3,7,3,3,7,3,3,3,7,3,3,7,7,3,3,3,7,7
143,2,7,7,7,7,7,7,7,7,7,7,7,7,7,7,7,3,3,7,7,7,3,3,7,3,7,7,3,7,7,7,7,7
144,2,3,3,7,3,7,7,3,7,3,3,3,7,7,7,3,3,3,3,7,7,7,7,3,7,3,7,7,7,3,7,3,3
145,2,3,3,3,3,3,3,7,3,3,3,3,3,3,3,3,3,3,3,3,3,3,3,7,3,3,3,3,3,3,3,3,7
146,2,3,7,3,3,3,3,3,3,3,3,3,3,3,3,7,3,3,3,3,3,7,3,3,3,3,3,3,7,3,7,3,7
147,2,3,3,3,3,3,3,3,7,3,3,3,3,3,3,3,3,3,3,3,3,3,3,3,3,7,7,3,3,3,3,7,3
148,2,3,3,3,3,3,3,3,3,7,7,3,3,3,3,3,3,3,3,3,3,3,3,3,3,3,3,7,3,3,3,3,3
149,2,3,3,3,3,3,7,3,3,3,3,3,3,3,3,3,3,3,3,3,7,3,3,2,3,7,3,3,3,3,3,7,3
150,2,3,7,3,3,3,3,7,3,3,7,3,3,3,3,3,3,3,3,7,3,3,3,3,3,3,7,3,3,3,3,3,7
151,2,3,3,7,3,3,3,3,2,3,3,3,3,3,3,3,7,3,3,3,3,3,3,3,3,3,3,3,3,3,3,3,3
152,2,3,3,3,3,3,3,3,3,3,3,3,3,3,3,3,3,3,3,3,3,7,7,7,3,7,3,3,3,3,7,3,7
153,2,7,7,7,7,7,7,3,3,7,7,3,3,3,7,7,7,3,7,7,7,3,3,7,3,7,7,7,7,3,3,3,3
154,2,7,7,3,3,3,7,7,7,3,3,3,3,7,3,7,7,7,3,7,7,7,7,3,3,3,3,7,7,3,3,3,7
155,2,7,3,3,3,7,3,7,3,3,3,3,7,7,7,7,7,7,3,3,5,3,7,7,7,7,3,7,7,7,3,3,7
156,2,7,7,3,7,3,7,3,7,7,7,3,3,3,7,7,7,7,5,3,7,7,7,3,7,3,7,7,7,3,7,7,7
157,2,3,3,3,7,3,3,7,3,3,3,3,3,3,3,3,3,7,3,3,3,3,3,7,3,3,3,3,3,3,3,3,7
158,2,3,3,3,3,3,3,3,3,3,3,3,3,3,3,3,3,3,3,3,3,3,3,3,3,3,3,3,3,3,3,3,3
159,2,7,7,3,7,7,7,7,7,7,3,3,3,7,7,3,7,7,7,7,7,7,7,7,7,7,7,3,7,7,5,3,3
160,2,7,7,7,7,3,7,3,7,7,3,7,7,7,7,7,7,7,3,7,3,7,3,7,3,3,7,7,7,3,3,7,7
161,2,7,7,3,7,7,3,7,3,7,3,7,7,3,7,7,7,7,3,3,7,7,3,7,7,3,7,7,7,7,3,7,5
162,2,7,7,7,7,7,7,5,3,7,7,3,3,7,3,7,7,7,3,3,7,3,3,3,7,3,7,7,7,3,7,7,3
163,2,3,7,7,7,7,7,7,7,7,7,7,7,7,7,7,7,7,7,7,7,7,3,7,7,7,3,7,3,7,3,7,3
164,2,3,3,3,3,3,3,3,7,7,3,7,3,2,3,7,7,7,3,3,7,3,3,3,7,3,3,3,3,3,7,3,7
165,2,7,7,3,7,7,3,7,7,3,3,3,7,3,7,7,3,7,7,7,7,7,7,3,7,7,7,7,7,7,7,7,7
166,2,7,3,3,7,7,3,3,7,7,7,1,7,3,3,7,3,3,3,7,3,7,7,3,3,3,7,3,7,3,3,3,3
167,2,7,3,3,3,7,3,7,3,7,7,3,7,7,3,7,3,3,3,7,7,3,7,7,3,7,7,7,7,7,3,7,7
168,2,7,3,3,3,3,3,3,7,7,3,3,3,3,3,3,3,3,7,3,7,7,7,7,3,3,3,7,3,3,3,7,7
169,2,3,3,7,7,7,7,7,3,3,7,3,7,3,3,7,3,3,5,3,7,3,3,7,3,3,3,3,3,3,7,3,3
170,2,3,3,3,7,3,7,3,3,3,3,3,3,3,3,3,3,3,3,3,3,3,3,3,3,3,3,3,3,3,3,3,3
171,2,3,3,3,3,3,3,3,3,3,3,3,3,3,3,3,3,3,3,3,3,3,3,3,7,3,3,3,7,3,3,3,7
172,2,3,3,3,3,3,3,3,3,3,3,3,3,7,3,3,3,3,3,3,3,3,3,3,3,3,3,3,7,3,3,3,3
173,2,3,3,3,7,3,3,3,3,3,7,3,3,3,3,3,3,3,3,3,3,3,3,3,3,3,3,3,3,3,3,3,3
174,2,3,3,3,3,3,3,3,3,3,3,3,3,3,3,3,3,3,3,3,3,3,3,3,3,3,3,3,3,3,3,3,3
175,2,3,3,3,5,3,3,3,3,3,3,3,3,3,3,3,3,3,3,3,3,3,3,3,3,3,3,3,3,3,3,3,3
176,2,3,3,3,3,3,3,3,3,3,3,3,7,3,3,3,3,3,3,3,3,3,3,3,3,3,3,3,3,3,3,3,3
177,2,3,3,3,3,3,3,3,3,3,3,3,3,3,3,3,3,3,3,3,3,3,3,3,3,3,3,3,3,3,3,3,5
178,2,3,3,3,3,3,3,3,3,3,3,3,3,3,7,3,3,3,3,3,5,3,3,3,3,3,3,3,3,3,3,3,3
179,2,3,3,3,5,3,3,3,3,3,3,3,3,3,3,3,3,3,3,3,3,3,3,3,3,3,3,3,3,3,3,3,3
180,2,3,3,3,3,3,7,3,3,3,3,3,3,3,3,3,3,3,3,3,3,3,3,3,3,3,3,3,3,5,3,3,3
181,2,3,3,3,3,3,3,3,3,3,3,3,3,7,3,3,3,3,3,3,3,3,3,3,3,3,3,3,3,3,3,7,3
182,2,3,3,3,3,3,3,3,2,3,3,3,3,3,3,3,3,3,3,3,3,3,3,3,3,3,3,3,3,3,3,3,3
183,2,3,3,3,3,3,3,3,5,3,3,3,3,3,3,3,3,3,3,3,3,3,3,3,3,3,3,3,3,3,5,3,3
184,2,3,3,3,3,3,3,3,3,3,3,3,3,3,3,3,3,3,3,3,3,3,3,3,3,3,3,3,3,3,3,3,3
185,2,3,3,3,3,3,3,3,3,3,3,3,3,3,3,3,3,3,3,3,3,3,3,3,3,3,3,3,3,3,3,3,3
186,2,3,3,3,3,3,3,3,3,3,3,3,3,3,3,3,3,3,3,3,3,3,3,3,3,3,3,3,3,3,3,3,3
187,2,3,3,3,7,3,3,7,3,3,3,3,3,3,3,3,3,7,3,3,3,3,3,3,3,3,3,7,3,3,3,7,3
188,2,3,3,3,3,3,3,3,3,3,3,3,3,3,3,3,3,3,3,3,3,3,3,3,3,3,3,3,3,3,3,3,3
189,2,3,3,3,3,3,3,3,3,3,3,3,3,3,3,3,3,3,3,3,3,3,3,3,3,3,7,3,3,3,3,3,3
190,2,3,3,3,3,3,3,3,3,3,3,3,3,3,3,3,3,3,3,3,3,3,3,3,3,3,3,3,3,3,3,3,3
191,2,3,3,3,3,3,3,3,3,3,3,3,3,3,3,3,3,3,3,3,3,3,3,3,3,3,3,3,3,3,3,3,3
192,2,3,3,3,3,3,3,3,3,3,3,3,3,3,3,3,3,3,3,3,3,3,3,3,3,3,3,3,3,3,3,3,3
193,2,3,3,3,3,3,3,3,3,3,3,7,3,3,3,3,3,3,7,3,3,3,3,3,3,3,3,3,3,3,3,3,3
194,2,3,3,3,3,3,3,3,7,3,3,3,3,3,3,3,3,7,3,3,3,3,3,3,3,3,3,3,3,3,3,3,3
195,2,3,3,3,3,3,3,3,3,7,3,3,3,3,3,3,3,3,3,3,3,3,3,3,7,5,3,3,7,3,3,3,3
0,3,3,3,3,3,3,3,3,3,3,3,3,3,3,3,3,3,3,3,3,3,7,3,3,3,3,3,7,7,5,3,3,7
1,3,3,3,3,7,3,5,3,7,3,3,3,3,3,3,3,3,3,3,3,3,3,3,7,7,3,3,3,3,3,3,3,3
2,3,3,3,3,3,3,3,3,3,7,3,7,5,3,7,3,7,7,7,3,3,3,7,7,3,3,3,7,7,7,3,3,3
3,3,3,3,3,7,3,3,3,3,7,7,3,3,7,3,3,3,7,7,3,7,7,3,3,3,3,3,3,3,3,3,3,3
4,3,7,3,3,3,5,3,3,7,3,7,3,7,3,7,3,3,3,7,3,3,3,7,3,3,3,3,3,7,3,7,7,3
5,3,7,7,3,7,7,3,3,7,7,3,3,7,7,7,7,7,7,7,7,7,3,3,7,3,7,3,7,7,3,7,7,7
6,3,7,3,3,7,3,7,7,7,7,7,3,7,3,7,7,3,7,7,7,7,7,7,7,7,3,7,7,3,3,7,3,7
7,3,7,7,7,7,7,7,7,7,7,3,7,7,3,7,7,7,7,7,7,7,7,3,7,7,7,3,7,7,3,7,7,7
8,3,7,3,7,7,7,7,7,7,3,3,7,5,7,3,3,7,3,3,7,7,7,3,3,7,3,7,7,7,7,3,3,7
9,3,7,3,7,3,7,7,3,3,3,3,3,7,3,7,7,3,7,7,3,7,7,3,7,7,9,7,7,7,7,3,7,7
10,3,7,3,3,3,7,3,3,3,3,3,3,3,3,3,7,3,7,3,3,3,7,7,7,7,7,3,3,3,3,7,7,3
11,3,7,3,7,7,3,3,3,7,3,7,7,3,7,3,7,7,3,3,7,7,7,7,3,3,7,7,7,7,3,7,7,7
12,3,7,3,3,7,3,3,3,7,3,3,7,7,7,3,7,3,7,7,3,3,7,7,3,3,7,7,7,7,7,7,7,7
13,3,7,3,7,7,3,7,7,3,7,7,3,7,7,3,7,7,7,7,7,7,7,7,2,7,7,7,7,7,7,7,7,3
14,3,7,3,7,7,7,7,7,7,7,3,7,7,3,7,7,7,3,7,7,7,7,7,3,3,3,7,3,7,3,7,3,7
15,3,7,7,7,7,7,3,7,3,3,7,7,7,3,3,7,7,7,3,7,7,7,7,7,7,7,7,7,7,7,7,3,7
16,3,7,7,7,7,7,7,7,7,7,7,7,7,3,7,7,7,7,7,7,7,3,7,3,3,3,7,3,7,7,7,3,7
17,3,7,7,7,7,3,7,7,7,7,3,7,7,3,7,7,7,3,7,3,7,7,7,7,7,7,7,7,7,7,7,3,7
18,3,7,7,7,7,7,7,7,3,7,7,3,7,7,7,3,7,7,7,7,3,7,7,3,7,7,7,7,7,7,3,7,7
19,3,7,7,7,3,3,3,7,7,7,7,7,3,3,3,7,7,7,7,7,7,7,7,7,7,7,3,2,3,7,7,7,7
20,3,7,7,3,7,3,7,7,7,7,3,3,3,3,7,7,3,7,7,7,3,7,3,3,7,7,3,3,3,3,3,7,7
21,3,7,3,7,7,3,7,7,7,3,7,7,7,3,7,7,7,7,7,3,3,3,7,7,7,7,3,7,7,3,3,3,7
22,3,7,3,7,3,3,7,3,3,7,7,3,7,7,3,3,7,7,7,3,3,7,5,7,3,3,3,3,7,7,3,3,3
23,3,7,7,7,7,3,7,3,7,3,3,3,7,7,7,7,3,3,3,7,3,7,7,7,3,7,7,3,3,7,3,7,3
24,3,7,3,7,7,7,3,7,7,3,3,3,3,7,7,7,7,7,7,3,7,7,7,7,3,7,7,3,7,7,7,7,3
25,3,7,3,7,7,7,7,7,3,7,3,3,3,3,7,3,3,3,7,7,3,3,3,7,3,3,3,7,7,7,7,3,7
26,3,7,3,7,7,7,7,7,7,3,3,7,7,3,7,7,3,3,7,7,7,3,7,3,7,3,7,7,3,7,3,7,7
27,3,3,3,3,3,3,3,3,3,3,3,3,3,3,3,3,3,3,3,3,2,3,3,3,3,3,3,3,3,3,3,3,3
28,3,3,3,2,3,3,3,3,3,3,3,2,3,3,3,3,3,3,3,3,3,3,3,3,3,3,3,3,3,3,3,3,3
29,3,3,3,3,3,3,3,3,3,3,3,3,3,3,3,3,3,3,3,3,3,3,3,3,3,3,3,3,3,3,3,3,3
30,3,3,3,3,7,7,7,3,3,7,3,7,7,7,3,7,3,7,3,3,3,3,7,3,3,7,7,7,7,3,7,3,3
31,3,3,3,3,3,3,3,3,3,3,3,3,3,3,3,3,3,3,3,3,3,3,3,3,3,3,3,3,3,3,3,3,3
32,3,3,3,3,3,3,3,3,3,3,3,3,3,3,3,3,3,3,3,3,3,3,3,3,3,3,3,3,3,3,3,3,3
33,3,3,3,3,3,3,3,3,3,3,3,3,3,3,3,3,3,3,3,3,3,3,3,3,3,3,3,3,3,3,3,3,3
34,3,3,3,3,3,3,3,3,3,3,3,3,3,3,3,3,3,3,3,3,3,3,3,3,3,3,3,3,3,3,3,3,3
35,3,3,3,3,3,3,3,3,3,3,3,3,3,3,3,3,3,3,3,3,3,3,3,3,3,3,3,3,3,3,3,3,3
36,3,3,3,3,3,3,3,3,3,3,3,3,3,3,3,3,3,3,3,3,3,3,3,3,3,3,3,3,3,3,3,3,3
37,3,3,3,3,3,3,3,3,3,3,3,3,3,3,3,3,3,3,3,7,3,3,3,3,3,3,3,3,3,7,3,3,3
38,3,3,3,3,3,3,3,3,3,3,3,3,3,3,3,3,3,3,3,3,3,3,3,3,3,3,3,3,3,3,3,3,3
39,3,7,7,7,7,7,7,3,3,3,3,7,7,3,7,3,3,7,7,7,3,3,7,3,7,7,7,7,7,7,3,7,3
40,3,7,7,7,3,3,3,7,7,7,3,7,7,3,7,3,7,3,7,7,7,7,7,3,7,7,3,3,7,3,3,7,7
41,3,7,7,7,7,7,3,7,7,7,7,7,7,7,7,7,3,7,7,7,3,7,7,7,7,7,7,3,7,7,7,7,7
42,3,7,7,7,3,7,7,7,7,7,7,3,7,7,7,7,7,3,7,7,7,7,7,7,7,7,7,2,7,7,7,7,7
43,3,7,7,7,3,7,7,7,7,7,7,7,7,7,7,7,7,7,7,7,3,7,7,3,7,7,7,7,7,7,7,7,7
44,3,7,7,7,7,3,7,7,7,7,7,7,7,2,7,7,7,7,7,7,7,7,7,7,7,7,7,7,7,7,7,7,7
45,3,7,3,7,7,7,7,7,7,7,7,7,3,7,7,7,7,3,7,7,7,7,7,3,7,7,7,7,7,3,3,7,7
46,3,7,7,7,7,3,7,3,7,7,7,7,7,3,3,7,7,7,7,7,3,7,7,7,3,7,7,3,3,7,7,2,7
47,3,7,7,7,7,7,7,3,7,7,7,7,7,7,7,3,7,7,7,7,7,3,7,7,7,7,3,3,7,7,7,7,3
48,3,7,7,7,3,3,7,7,7,3,3,7,7,7,7,7,3,7,3,3,7,3,7,7,7,7,3,3,7,7,7,7,7
49,3,7,7,7,3,7,7,7,3,7,7,3,7,7,7,7,7,7,7,7,7,7,3,3,7,7,3,7,7,7,3,7,7
50,3,7,7,3,3,7,7,3,7,7,7,7,7,7,7,7,7,5,7,7,3,7,7,7,7,7,3,7,7,7,7,7,7
51,3,7,7,7,7,7,7,7,7,7,3,3,7,7,7,7,7,7,3,7,7,7,7,7,7,7,7,7,7,7,7,7,7
52,3,7,3,7,7,7,7,7,7,7,7,7,7,7,3,7,7,3,7,7,3,7,7,7,7,7,7,7,7,7,7,7,7
53,3,7,7,3,3,3,3,2,3,7,3,3,7,3,7,3,3,7,3,3,3,3,3,3,7,3,7,3,7,3,3,7,3
54,3,7,7,7,7,7,7,7,3,7,7,7,7,7,7,7,3,3,3,7,7,3,3,7,7,3,7,3,3,7,7,7,3
55,3,7,3,3,3,7,7,7,7,3,7,7,3,7,3,7,3,3,3,7,7,3,7,7,7,3,3,3,7,7,3,7,3
56,3,3,7,3,3,3,7,3,3,3,7,3,3,3,3,3,3,3,3,3,3,3,3,3,3,3,3,3,7,3,3,7,3
57,3,3,3,3,3,3,3,3,3,3,3,3,3,3,3,3,3,3,3,3,3,3,3,7,3,3,3,3,3,3,3,3,3
58,3,3,7,3,3,3,3,3,3,3,3,3,3,3,3,3,3,3,3,5,3,3,3,3,3,3,7,3,3,7,3,3,3
59,3,3,3,3,3,3,3,3,3,3,3,3,3,3,3,3,3,3,3,3,7,3,3,3,3,3,3,3,3,3,3,3,3
60,3,3,3,3,3,3,5,3,3,3,3,3,3,3,3,3,3,3,3,3,3,3,3,3,3,3,3,3,3,3,3,3,3
61,3,3,3,3,3,3,3,3,3,3,3,3,3,3,3,3,3,3,3,3,3,3,3,3,3,3,3,3,3,3,3,3,3
62,3,3,3,3,3,3,3,3,3,3,3,3,3,3,3,3,3,3,3,3,3,3,3,3,3,3,3,3,3,3,3,3,3
63,3,3,3,3,3,3,3,3,3,3,3,3,3,3,3,3,3,3,3,3,3,3,3,3,3,3,3,3,3,3,3,3,3
64,3,3,3,3,3,3,3,3,3,3,7,3,3,3,3,3,3,3,3,3,3,3,3,3,3,3,3,3,3,3,3,3,3
65,3,3,3,3,3,3,3,3,3,3,3,3,3,3,3,3,3,3,3,3,3,3,3,3,3,3,3,3,3,3,3,3,3
66,3,3,3,3,3,3,3,3,3,3,3,3,3,3,3,3,3,3,3,3,3,3,3,3,3,3,3,3,3,3,3,3,3
67,3,3,3,3,3,3,3,3,3,3,3,3,3,3,3,3,3,3,3,3,3,3,3,3,3,3,3,3,3,3,3,3,3
68,3,3,3,3,3,3,3,3,3,3,3,3,3,3,3,3,3,3,3,3,3,3,3,3,3,3,3,3,3,3,3,3,3
69,3,3,3,3,3,3,3,3,3,3,3,3,3,3,3,3,3,3,3,3,3,3,3,3,3,3,3,3,3,3,2,3,3
70,3,3,3,3,3,3,3,3,3,3,3,3,3,3,3,3,3,3,3,3,3,3,3,3,3,3,3,3,3,3,3,3,3
71,3,3,3,3,3,3,3,3,3,3,3,3,3,3,3,3,3,3,3,3,2,3,3,3,3,3,3,3,3,3,3,3,3
72,3,3,3,3,3,3,3,3,3,3,3,3,3,3,3,3,3,3,3,3,3,3,3,3,3,3,3,3,3,3,3,3,3
73,3,3,3,3,3,3,3,3,3,3,3,3,3,3,3,3,3,3,3,3,3,3,3,3,3,3,3,3,3,3,3,3,3
74,3,3,3,3,3,3,3,3,3,3,3,3,3,3,3,3,3,3,3,3,3,3,3,3,3,3,3,3,3,3,3,3,3
75,3,3,3,3,3,3,3,3,3,3,3,3,3,3,3,3,3,3,3,3,3,3,3,3,3,3,3,3,3,3,3,3,3
76,3,3,3,3,3,3,3,3,3,3,3,3,3,3,3,3,3,3,3,3,3,3,3,3,3,3,3,3,3,3,3,3,3
77,3,3,3,3,3,3,3,3,3,3,3,3,3,3,3,3,3,3,3,3,3,3,3,3,3,3,3,3,3,3,3,3,3
78,3,3,3,3,3,3,3,3,3,3,3,3,3,3,3,3,3,3,3,7,3,3,3,3,3,3,3,3,3,3,3,3,3
79,3,3,3,3,3,3,3,3,3,3,3,3,3,3,3,3,3,3,3,3,3,3,3,3,3,3,3,3,3,3,3,3,3
80,3,3,3,3,3,3,3,3,3,3,3,3,3,2,3,3,7,3,3,3,3,3,3,3,3,3,3,3,3,3,3,3,3
81,3,3,8,3,3,3,3,3,3,3,3,3,3,3,3,3,3,3,3,3,3,3,3,3,3,3,3,3,3,3,3,3,3
82,3,3,3,3,3,3,3,3,3,3,3,3,3,3,3,3,3,3,3,3,3,3,3,3,3,3,3,3,3,3,3,3,3
83,3,3,7,3,3,7,7,3,7,3,3,3,3,3,3,3,3,3,3,7,3,3,3,3,3,3,3,3,3,3,3,3,3
84,3,3,3,3,3,3,3,3,3,3,3,2,3,3,3,3,3,3,3,3,3,3,3,3,3,3,3,3,3,3,7,3,3
85,3,3,3,3,3,7,3,3,3,3,3,3,3,3,3,3,3,3,3,3,3,3,3,7,3,3,3,7,7,3,3,7,3
86,3,3,3,3,3,3,3,3,3,3,3,3,3,3,3,7,3,3,3,3,3,3,3,3,3,3,3,3,3,3,3,3,3
87,3,3,3,3,3,3,3,3,3,3,3,3,3,3,3,7,3,3,3,3,3,7,3,3,3,3,3,3,3,3,3,3,3
88,3,3,3,3,3,3,3,3,3,3,3,3,3,7,3,3,7,3,3,7,3,3,3,3,3,7,3,3,3,3,5,3,5
89,3,3,3,3,3,3,3,3,3,3,3,3,3,3,3,3,3,3,3,3,3,3,3,3,3,3,3,3,3,3,3,7,3
90,3,3,3,3,3,7,3,3,3,3,3,3,7,3,3,3,3,3,7,3,7,3,3,3,3,3,7,3,3,7,3,3,3
91,3,3,3,3,3,3,3,3,3,3,3,7,3,3,3,3,3,3,3,3,3,3,3,3,3,3,3,3,3,3,3,3,3
92,3,3,3,3,3,3,3,3,3,3,3,3,3,7,3,7,3,3,3,3,3,3,3,3,3,3,3,3,3,3,3,3,3
93,3,3,3,3,3,3,3,3,7,3,3,3,3,3,3,3,3,3,3,3,7,7,3,3,3,3,3,7,3,3,3,3,7
94,3,3,3,3,3,3,3,3,3,3,3,3,3,3,3,3,3,3,3,3,3,3,3,3,3,3,3,3,3,3,3,3,3
95,3,3,3,3,3,3,3,3,3,3,3,3,3,3,3,3,3,3,3,3,3,3,3,3,3,3,3,3,3,3,3,3,3
96,3,7,3,3,7,3,3,7,7,3,3,3,3,7,3,7,7,3,3,3,3,3,3,3,3,7,3,3,3,3,3,3,3
97,3,7,7,7,3,7,7,3,3,3,7,3,3,3,7,7,3,3,3,3,3,3,3,7,3,3,3,3,3,3,7,3,3
98,3,3,3,3,3,3,3,3,3,3,3,3,3,3,3,3,3,3,7,3,3,3,7,3,3,3,3,3,3,7,3,3,3
99,3,3,7,3,3,3,7,7,3,3,7,7,7,3,3,3,3,3,3,3,3,3,3,3,3,3,3,3,3,3,7,3,3
100,3,7,7,3,3,3,3,3,3,7,3,3,7,7,3,7,3,7,3,3,3,3,3,7,7,7,3,7,7,7,3,3,3
101,3,7,7,3,3,7,3,7,3,3,3,7,3,7,3,3,3,3,3,3,3,7,3,3,3,3,3,7,7,7,3,3,3
102,3,3,3,3,3,3,3,3,7,3,3,3,7,3,7,3,3,3,3,3,7,3,3,3,3,3,7,3,3,3,3,7,7
103,3,3,3,3,3,3,3,3,3,3,3,3,3,3,7,3,3,3,3,3,3,3,3,3,3,3,3,3,3,3,3,7,3
104,3,3,3,7,3,7,7,3,3,3,3,7,3,7,3,3,3,3,3,7,7,3,3,3,3,7,3,3,3,3,3,3,3
105,3,3,3,3,3,3,3,3,3,3,7,3,3,3,3,3,3,3,3,3,3,3,3,3,3,3,7,3,7,7,7,3,3
106,3,3,3,3,3,7,3,3,3,3,3,7,3,3,3,3,3,3,3,3,3,3,3,3,7,3,3,3,3,3,3,3,3
107,3,3,3,3,3,3,3,3,3,3,3,3,3,3,3,3,3,3,3,3,7,3,3,3,3,3,3,3,3,3,3,3,3
108,3,7,3,7,7,3,7,7,3,7,7,7,7,3,7,3,7,3,3,7,3,7,7,3,3,7,3,7,7,7,3,3,3
109,3,3,3,3,3,3,3,3,3,3,3,3,3,3,3,3,3,3,3,3,3,3,3,3,3,3,3,3,3,3,3,3,3
110,3,7,3,3,3,7,7,7,3,3,7,7,7,3,3,3,7,3,3,7,7,3,7,3,7,7,7,3,7,7,7,7,3
111,3,3,3,3,3,3,3,3,3,3,3,3,3,3,3,3,3,3,3,3,3,3,3,3,3,3,3,3,3,3,3,3,3
112,3,3,3,3,3,3,3,7,3,3,3,3,3,3,3,3,3,3,3,3,3,3,3,3,3,3,3,3,3,3,3,3,3
113,3,3,3,3,3,3,3,3,3,3,3,7,3,3,7,3,3,3,3,3,7,3,3,3,3,3,3,3,7,3,3,3,3
114,3,3,3,3,3,7,3,3,3,3,7,3,3,3,3,3,3,3,3,3,3,3,3,3,3,3,3,3,3,3,3,3,3
115,3,3,3,7,3,3,3,3,3,3,3,3,3,3,3,3,3,3,7,3,3,3,7,3,3,3,7,7,3,3,3,3,3
116,3,3,3,3,7,3,3,3,7,3,3,3,3,3,3,7,3,3,3,3,3,3,3,3,3,3,3,7,3,3,3,3,3
117,3,3,3,3,3,3,7,3,3,3,3,3,3,7,3,3,3,3,3,7,3,3,3,3,3,3,3,7,3,3,3,3,3
118,3,3,3,3,3,3,3,3,3,3,7,3,3,3,3,3,3,3,3,3,3,7,3,3,3,3,3,3,3,3,3,3,3
119,3,3,3,3,3,3,3,7,3,3,3,3,3,3,3,3,3,3,3,7,7,3,3,3,3,7,3,3,3,3,3,3,3
120,3,3,3,3,3,3,3,3,3,3,3,3,3,3,3,3,3,3,3,3,3,3,3,3,3,3,3,3,3,3,3,3,3
121,3,7,7,3,7,7,7,7,7,7,7,7,3,7,3,7,3,3,3,7,7,7,7,3,7,3,3,7,7,3,7,7,7
122,3,7,7,7,7,7,7,7,7,3,7,7,3,7,7,3,7,7,3,7,7,2,3,7,7,7,7,7,7,7,3,7,3
123,3,7,7,7,3,7,5,7,7,3,7,7,7,7,3,7,7,7,3,7,7,7,7,7,7,7,3,7,7,5,7,7,7
124,3,7,7,7,7,7,7,7,7,7,7,7,7,7,7,7,7,7,3,7,7,7,7,7,7,3,7,3,7,7,7,7,7
125,3,7,7,3,7,7,7,7,7,7,7,7,7,3,7,7,7,7,7,7,7,7,7,7,7,7,7,7,3,3,3,7,7
126,3,7,7,7,7,7,7,7,7,7,7,7,7,7,7,7,3,7,7,7,3,7,7,3,3,7,7,7,7,7,7,7,7
127,3,7,7,7,7,7,7,7,7,3,7,7,7,7,7,3,7,3,7,7,7,7,7,7,3,2,7,7,7,7,7,7,7
128,3,7,7,7,7,7,7,7,7,7,7,7,7,7,7,7,7,7,7,7,7,3,7,7,7,7,3,7,7,3,7,7,7
129,3,7,7,7,3,7,7,7,7,7,7,3,7,7,7,7,7,7,7,7,7,7,7,7,7,7,7,7,7,3,7,7,7
130,3,7,3,7,3,7,7,7,7,7,7,7,7,7,7,7,7,7,7,7,7,7,3,7,7,7,7,3,3,7,7,7,7
131,3,7,7,7,7,7,7,7,7,7,7,7,7,7,3,3,7,7,3,7,7,7,7,7,7,7,7,7,7,7,7,7,7
132,3,7,3,3,7,7,7,7,7,7,7,7,7,7,7,7,3,3,7,7,7,7,7,7,3,7,3,7,7,7,7,3,3
133,3,7,7,7,7,7,7,7,7,7,7,7,7,7,7,7,7,7,7,7,7,7,7,7,7,7,7,7,7,7,3,7,7
134,3,7,7,7,7,3,7,7,7,7,7,7,7,7,7,7,3,7,7,7,7,3,7,7,7,7,3,7,7,7,7,7,7
135,3,7,3,7,7,7,7,3,7,7,7,7,7,7,7,7,7,7,3,7,7,7,7,7,7,7,7,7,7,7,3,7,7
136,3,7,7,3,7,7,7,7,7,7,7,7,7,7,7,7,7,7,7,7,7,7,7,7,7,7,7,7,7,3,7,7,7
137,3,7,7,7,7,3,7,3,7,7,7,7,7,7,3,7,7,7,3,7,7,7,7,7,3,3,3,7,7,7,7,7,7
138,3,7,7,3,7,7,7,3,7,3,7,7,3,7,7,7,7,7,7,7,7,3,7,7,7,7,7,7,7,7,7,7,3
139,3,7,7,7,7,7,7,7,7,7,7,7,7,7,7,3,7,7,7,7,3,7,7,7,7,7,7,7,7,7,3,7,7
140,3,7,7,7,7,7,7,7,7,7,3,7,7,3,7,7,7,7,7,3,3,7,7,7,3,7,7,7,3,7,7,7,7
141,3,7,7,7,7,7,3,7,7,7,7,7,7,7,7,7,7,7,7,7,7,7,7,7,7,7,7,7,7,7,7,7,7
142,3,7,7,7,7,7,7,7,7,7,3,7,7,7,7,7,7,7,7,7,7,7,7,7,7,7,7,7,7,7,7,7,7
143,3,7,7,7,7,7,7,7,3,7,7,7,7,7,7,7,7,7,7,7,7,7,7,7,7,7,7,3,7,7,7,7,7
144,3,7,7,7,7,7,7,7,7,7,7,7,7,7,7,3,7,7,7,7,7,7,7,7,7,7,7,7,7,7,7,7,7
145,3,7,7,7,7,7,7,7,7,7,7,3,7,7,3,7,7,7,7,7,7,7,7,7,7,7,7,7,7,7,7,7,7
146,3,7,7,7,7,7,7,7,7,7,5,3,7,7,7,7,7,3,7,7,7,7,7,7,7,7,7,7,7,7,7,7,7
147,3,7,7,7,7,7,7,7,7,7,7,7,7,7,7,7,7,7,7,7,7,7,7,7,7,7,7,7,7,7,7,7,7
148,3,7,7,7,7,7,7,7,7,5,7,7,7,7,3,7,7,7,7,7,7,7,7,7,7,7,7,7,7,7,7,7,7
149,3,7,7,7,7,7,7,7,7,7,7,7,7,7,7,7,7,7,7,7,7,7,7,3,7,7,7,7,7,7,7,7,5
150,3,7,7,5,7,7,7,7,7,7,3,7,7,7,5,7,7,7,7,7,7,7,7,5,7,7,7,7,7,7,7,3,7
151,3,7,7,7,7,7,7,7,7,7,7,7,7,7,7,7,7,7,7,7,7,7,7,7,7,7,7,7,7,7,7,7,7
152,3,7,7,7,7,7,7,7,7,7,7,7,7,7,7,7,7,7,7,3,7,7,7,7,7,7,7,7,7,7,3,7,7
153,3,7,3,7,7,7,7,7,7,7,7,7,3,7,7,7,7,7,7,7,7,7,7,7,7,3,7,7,3,7,7,7,7
154,3,7,7,7,7,7,7,3,7,3,7,7,7,7,7,7,7,7,7,7,7,7,7,7,5,7,7,7,3,7,3,7,7
155,3,7,7,7,7,7,7,7,7,3,7,7,7,7,7,5,7,7,7,7,7,3,7,7,7,7,7,7,7,3,7,3,7
156,3,7,7,7,7,5,3,7,7,3,7,7,7,7,7,7,7,7,7,7,7,7,7,7,7,7,7,7,7,7,7,3,7
157,3,7,7,7,3,7,7,7,7,7,7,7,3,3,3,7,7,3,7,3,7,7,5,7,7,3,3,7,7,7,3,3,7
158,3,7,3,7,3,3,3,7,3,3,7,7,7,3,7,3,3,7,7,3,3,7,7,7,7,3,7,7,3,3,7,7,7
159,3,7,3,3,3,7,7,3,5,3,7,3,3,3,7,7,3,3,3,3,3,7,3,3,3,3,7,7,7,7,3,3,7
160,3,7,7,7,7,3,3,3,3,7,3,7,7,7,7,3,7,7,3,3,7,3,7,3,3,7,3,7,7,3,3,3,3
161,3,7,7,7,3,3,3,3,7,7,3,3,7,7,7,3,7,3,7,7,3,7,7,7,1,7,7,3,3,3,7,7,7
162,3,7,7,3,3,7,3,7,3,7,3,3,3,3,3,7,3,5,3,7,7,3,7,3,3,3,7,3,7,3,3,7,7
163,3,7,7,3,7,3,3,3,3,3,7,3,3,7,3,7,3,7,7,7,3,3,3,7,7,3,7,3,7,3,3,7,3
164,3,7,3,7,3,7,3,7,3,7,3,3,3,7,3,3,3,3,3,7,3,3,3,7,7,7,7,7,3,7,7,3,7
165,3,7,5,7,3,3,7,3,3,7,3,3,3,3,7,5,3,3,3,7,7,7,7,7,7,7,7,3,7,3,5,7,7
166,3,7,3,3,7,3,7,7,7,7,7,7,7,3,3,3,7,3,3,3,7,7,3,7,7,7,3,7,3,3,7,7,7
167,3,7,3,3,3,7,7,7,3,3,7,3,7,3,7,7,3,7,3,3,7,7,7,7,3,3,7,7,7,7,7,7,7
168,3,7,3,7,3,3,3,7,7,7,7,3,3,3,7,7,7,7,7,7,3,3,7,3,7,7,7,7,3,7,7,3,7
169,3,7,3,7,3,7,3,3,3,3,7,3,3,3,3,3,3,7,3,7,3,3,3,3,7,3,7,3,3,3,3,3,7
170,3,7,3,3,3,3,7,7,3,3,7,7,7,3,7,3,7,7,7,3,7,7,3,3,7,7,7,7,3,3,3,7,3
171,3,7,3,3,3,3,7,3,7,3,3,7,3,3,3,7,3,7,7,7,7,3,3,3,3,3,3,3,7,7,7,3,3
172,3,7,7,3,7,2,7,3,3,7,3,3,3,7,3,3,7,3,3,3,7,7,3,7,7,7,3,3,7,3,7,3,7
173,3,7,7,7,3,7,7,7,7,3,3,7,3,7,3,3,3,3,3,7,7,7,3,3,3,7,3,7,3,7,7,7,3
174,3,7,7,7,7,3,7,3,3,3,3,7,3,7,7,7,3,3,3,7,7,3,3,3,7,3,7,3,3,7,3,7,3
175,3,7,3,7,3,3,7,7,7,7,3,3,7,3,7,7,3,3,3,3,3,7,3,7,3,7,3,3,7,7,3,7,7
176,3,7,3,7,7,3,7,7,3,7,7,7,3,3,7,7,7,3,3,7,3,3,7,3,3,3,7,7,3,3,3,7,7
177,3,3,3,3,3,3,3,3,3,7,3,3,3,3,3,7,3,3,3,3,3,3,3,3,3,3,3,3,3,7,3,3,3
178,3,3,3,3,3,3,7,7,3,3,3,7,7,3,3,7,7,3,7,3,3,3,3,3,3,3,7,3,3,3,3,3,7
179,3,3,3,3,3,3,3,3,3,3,3,3,3,3,3,3,3,3,3,3,3,3,3,3,3,3,3,3,3,3,7,3,3
180,3,3,3,3,3,3,3,3,3,3,7,3,3,7,3,3,3,7,7,7,3,3,3,3,3,3,3,3,7,3,3,3,3
181,3,3,3,7,3,3,3,3,3,3,3,3,3,3,7,3,3,3,3,3,7,3,3,3,3,3,3,3,3,3,3,3,7
182,3,3,3,3,3,3,3,3,7,3,3,3,3,7,3,7,7,3,3,3,3,3,7,3,3,3,7,3,3,3,3,3,3
183,3,3,3,3,3,3,7,3,3,3,3,3,3,3,3,3,3,3,3,7,3,3,3,3,3,3,3,3,3,3,3,3,3
184,3,3,3,7,3,7,3,3,3,3,3,3,3,3,3,3,3,7,7,3,3,3,3,7,3,3,3,3,3,3,3,3,3
185,3,7,3,3,3,7,7,7,7,7,7,7,3,3,7,7,7,7,7,7,7,7,3,3,7,7,7,3,3,7,7,7,7
186,3,7,3,3,7,7,7,7,7,7,7,3,3,7,7,7,7,3,7,7,7,3,7,7,3,7,7,3,7,7,7,7,7
187,3,7,7,7,3,3,3,7,7,7,3,7,7,3,7,7,3,3,7,7,7,7,7,7,3,7,7,3,7,7,3,7,7
188,3,3,3,3,3,3,7,3,3,1,7,3,3,7,3,3,3,3,3,3,3,3,3,3,3,3,3,3,7,3,3,3,3
189,3,3,3,3,3,3,3,3,3,3,3,3,7,3,3,3,3,3,3,3,3,3,7,3,3,3,3,3,3,3,3,3,3
190,3,3,7,3,3,3,3,3,3,5,3,3,3,3,3,3,3,7,3,3,3,3,3,3,3,3,3,3,3,3,3,3,3
191,3,7,3,3,7,3,3,3,3,3,3,3,3,3,7,7,3,7,3,7,3,3,3,3,3,3,3,3,3,3,3,3,3
192,3,7,7,3,7,3,7,3,3,7,7,7,7,7,3,7,5,3,7,7,7,7,3,7,3,7,3,3,3,3,3,3,7
193,3,7,3,7,3,3,7,7,7,7,7,3,7,7,7,7,3,7,7,7,7,3,7,7,3,7,3,3,7,7,7,7,5
194,3,7,3,3,7,7,7,7,7,7,7,7,7,7,7,3,7,3,3,3,7,7,7,7,3,7,3,3,3,7,7,3,7
195,3,7,7,3,3,3,7,3,3,7,7,3,7,3,3,7,7,3,7,3,3,7,7,3,3,7,7,7,7,7,7,7,3
0,4,7,3,7,7,3,3,7,7,7,3,3,7,7,7,3,7,3,7,7,7,7,7,7,8,7,3,2,3,7,7,7,7
1,4,7,3,7,7,3,7,7,7,3,3,7,3,7,3,7,3,7,7,7,3,3,3,7,7,3,7,3,3,3,7,3,3
2,4,7,3,3,7,7,3,3,7,7,7,7,7,3,3,7,7,7,7,7,7,7,7,3,7,3,3,7,7,3,3,3,3
3,4,7,7,7,7,7,7,7,7,7,7,7,7,3,7,7,3,3,3,7,7,3,7,7,7,7,3,3,3,3,7,3,7
4,4,7,7,7,3,7,7,3,7,3,7,3,7,7,3,7,7,7,7,7,7,7,3,3,7,5,3,7,7,7,7,7,7
5,4,7,7,3,3,7,7,7,7,7,5,3,3,3,7,7,3,3,7,7,7,7,3,7,7,7,7,3,7,3,7,7,7
6,4,7,7,3,3,7,7,3,5,5,7,3,7,7,7,3,7,7,7,7,7,2,3,7,7,3,7,7,7,3,3,3,7
7,4,7,7,7,7,3,7,7,5,7,7,3,7,7,7,7,7,7,5,7,7,7,7,7,7,3,7,7,7,7,7,7,7
8,4,7,3,7,7,7,3,7,7,7,7,7,3,7,7,7,7,7,3,7,7,7,7,7,7,3,7,3,7,7,7,7,7
9,4,7,7,7,7,7,7,7,7,7,1,7,7,7,7,7,7,7,7,5,7,7,7,7,7,3,5,7,7,7,7,7,7
10,4,7,3,7,7,7,7,7,7,7,7,7,7,5,7,7,7,3,7,3,7,7,7,7,7,7,7,7,7,7,7,7,7
11,4,7,7,7,7,7,7,7,7,7,7,7,7,7,7,7,7,3,7,7,7,3,3,3,7,7,3,7,7,3,7,7,7
12,4,7,7,3,7,7,7,7,7,7,7,7,7,7,7,7,7,5,7,7,7,7,7,7,7,7,7,7,7,5,5,5,7
13,4,7,7,7,7,7,7,7,7,7,7,3,7,7,3,3,7,3,7,7,7,7,5,7,7,7,7,7,7,7,7,7,7
14,4,7,7,7,7,7,7,7,7,3,7,3,7,7,7,7,3,7,7,7,7,7,7,7,7,7,7,3,7,7,3,7,7
15,4,7,7,7,7,7,7,7,7,7,3,7,7,7,7,7,7,7,7,3,7,7,7,7,7,7,7,7,7,7,7,7,7
16,4,7,7,7,7,7,7,7,7,7,7,7,7,7,7,7,7,7,7,7,7,7,7,7,7,7,7,7,7,7,7,7,7
17,4,7,7,7,7,7,7,7,7,7,7,3,7,7,3,3,7,7,7,7,7,7,3,7,7,7,3,3,3,7,7,7,7
18,4,7,7,3,7,7,3,7,7,3,7,7,3,7,7,7,3,3,7,3,7,7,7,3,7,3,3,7,7,7,7,7,7
19,4,7,7,3,7,7,7,7,7,7,7,7,7,3,7,7,7,7,7,3,7,7,7,7,7,7,7,7,7,7,7,7,7
20,4,7,3,7,7,7,7,3,7,7,7,7,7,7,3,7,7,7,7,7,7,3,7,7,7,7,7,7,7,7,7,7,7
21,4,7,3,7,7,7,7,7,7,7,7,3,7,7,7,7,7,7,7,7,7,7,7,3,7,7,7,7,7,2,7,7,7
22,4,7,7,7,7,7,7,7,7,3,7,7,7,7,7,3,2,3,7,7,7,7,3,3,7,7,7,7,7,7,3,7,7
23,4,7,7,7,7,7,7,7,7,7,7,7,3,7,3,7,7,7,7,7,7,3,7,7,7,7,7,7,7,7,7,3,7
24,4,7,3,7,7,7,7,7,7,7,7,7,3,3,7,7,7,7,7,7,7,7,7,7,7,7,7,7,7,7,7,3,7
25,4,7,7,7,7,7,7,7,7,7,7,7,7,7,7,7,7,7,3,7,7,7,7,7,7,7,7,7,7,7,7,2,7
26,4,7,7,7,7,7,7,7,7,7,7,7,7,7,7,7,7,7,7,7,7,7,7,7,7,7,7,3,7,7,7,7,3
27,4,7,7,7,7,7,7,7,7,7,7,7,7,7,7,7,7,7,7,3,7,7,7,7,7,7,7,7,3,7,7,3,7
28,4,7,7,7,7,3,7,3,3,7,7,7,7,7,7,7,7,7,7,7,3,7,7,3,7,7,7,7,3,7,7,7,7
29,4,7,3,7,7,7,7,7,7,7,7,7,7,7,7,3,7,7,7,7,7,7,7,7,3,7,7,7,7,7,7,7,7
30,4,7,7,7,7,7,3,7,7,7,3,3,7,7,7,3,3,7,3,7,7,3,7,3,7,7,7,3,7,3,7,7,7
31,4,7,7,7,7,7,7,7,7,7,7,7,7,7,7,7,3,7,7,7,7,3,7,7,3,7,7,7,7,7,7,7,7
32,4,7,3,7,7,7,3,7,7,7,7,3,7,3,7,7,7,3,7,7,7,7,7,7,7,3,7,7,7,7,7,7,7
33,4,7,3,7,7,7,7,7,7,7,3,3,7,7,7,7,7,3,3,7,7,7,3,7,7,7,3,7,7,7,3,7,7
34,4,7,7,7,7,7,7,7,7,7,7,7,7,3,3,3,3,7,7,7,7,3,3,7,7,3,7,3,3,7,7,7,3
35,4,7,3,7,3,7,3,7,7,7,7,7,7,7,7,7,7,7,7,7,7,7,7,7,7,7,3,7,7,3,7,7,7
36,4,7,7,7,7,7,7,7,7,7,7,7,3,7,7,7,7,7,7,7,7,7,7,7,7,7,7,7,7,7,7,3,7
37,4,7,7,7,7,7,7,7,7,7,7,3,7,7,7,7,7,7,7,7,7,3,7,7,7,7,7,7,7,7,7,7,7
38,4,3,3,3,3,3,3,3,3,3,3,3,3,3,3,3,3,3,3,3,3,3,3,3,3,3,3,7,3,3,3,3,3
39,4,3,3,3,3,3,3,3,3,3,3,3,3,3,3,3,3,3,3,3,3,3,3,3,3,3,3,3,3,3,3,7,3
40,4,7,7,7,3,3,3,3,3,3,3,7,3,3,7,3,3,7,3,7,3,7,7,3,3,3,3,3,3,7,7,7,7
41,4,7,7,3,7,7,3,7,7,7,7,3,7,7,7,7,7,7,7,7,7,7,7,7,3,3,7,7,7,7,7,7,7
42,4,7,7,3,7,7,7,7,7,7,7,3,7,7,7,7,7,7,7,7,7,7,7,7,7,7,7,7,7,7,7,7,7
43,4,7,7,7,7,7,7,7,7,3,7,7,7,7,7,7,7,7,7,7,7,7,7,7,7,7,7,7,7,7,7,7,7
44,4,7,7,7,7,7,7,7,7,7,7,7,7,7,7,7,7,7,7,7,3,7,7,7,7,3,7,7,7,7,7,7,7
45,4,7,7,7,7,7,7,7,7,7,7,7,7,7,7,7,7,7,7,7,7,7,7,7,7,7,7,7,7,7,7,7,7
46,4,7,3,7,7,7,7,7,7,3,7,7,5,7,7,7,7,7,3,7,7,7,7,7,7,7,7,7,7,7,7,7,7
47,4,7,7,7,7,7,7,7,7,7,7,7,7,7,7,7,7,7,7,7,7,7,7,7,7,7,7,7,7,7,7,7,7
48,4,7,7,7,7,7,7,7,7,7,7,7,7,7,7,7,7,7,7,7,7,7,7,7,7,7,7,7,7,7,7,3,7
49,4,7,3,7,7,7,3,7,3,7,7,7,7,7,7,7,7,7,3,7,7,7,7,3,3,7,7,7,7,7,7,3,7
50,4,7,7,7,7,7,7,7,7,7,7,7,7,7,7,7,7,3,7,7,7,7,3,3,7,7,7,7,7,7,7,7,7
51,4,7,7,7,7,7,7,3,7,7,7,7,7,3,7,7,7,3,7,7,7,7,7,7,7,7,7,7,7,7,7,7,7
52,4,7,7,7,7,7,7,7,7,7,7,7,7,1,7,3,3,7,7,7,3,7,7,7,3,7,7,7,3,7,7,7,7
53,4,7,7,7,7,7,7,7,7,7,7,7,7,7,7,7,7,3,7,7,7,7,7,7,3,7,7,7,7,7,7,7,3
54,4,7,3,7,7,7,3,7,3,7,7,7,7,7,7,7,7,7,7,7,7,7,7,7,7,7,7,7,7,7,7,7,7
55,4,7,7,7,7,7,5,7,7,7,7,7,7,7,7,7,7,7,7,7,3,7,7,7,7,7,7,7,7,7,5,3,7
56,4,7,3,7,7,7,7,7,7,7,3,7,3,7,7,7,7,7,7,3,3,3,7,7,7,7,7,7,7,7,7,7,7
57,4,7,7,7,7,7,7,7,3,3,7,3,7,7,7,7,7,7,7,7,5,3,7,3,7,7,7,7,7,7,7,7,7
58,4,7,7,5,3,3,7,3,7,3,3,7,5,7,7,7,7,3,7,7,7,7,3,7,7,7,7,7,3,7,7,7,7
59,4,7,7,3,3,7,3,7,7,7,7,7,7,7,7,7,7,7,7,7,7,3,7,7,7,7,7,7,7,7,7,7,7
60,4,7,3,7,7,7,7,7,3,7,7,7,3,7,7,7,7,7,7,3,3,7,7,7,7,2,7,7,7,7,7,7,7
61,4,7,3,7,3,7,3,7,7,7,7,3,7,7,7,7,7,3,7,3,7,3,7,7,7,7,7,7,7,7,7,7,3
62,4,7,7,7,7,3,7,7,7,7,7,7,7,7,3,7,7,5,7,7,7,7,7,7,7,3,7,7,7,7,7,7,7
63,4,7,7,3,7,7,7,7,7,7,7,3,7,7,3,7,7,3,7,7,7,7,7,7,7,3,7,7,7,7,7,7,7
64,4,7,5,7,7,7,7,3,7,7,7,7,3,7,7,7,7,3,7,7,7,7,3,7,7,7,7,7,7,7,7,7,7
65,4,7,7,7,7,7,7,7,7,7,7,7,3,3,7,7,7,7,3,7,3,7,7,3,7,7,7,7,7,5,7,7,7
66,4,7,3,7,7,7,7,7,7,7,7,3,7,7,7,7,7,3,7,7,7,7,7,7,7,7,7,3,7,7,7,7,3
67,4,7,3,7,7,7,7,7,7,7,7,7,7,3,3,7,7,7,7,7,7,7,7,7,7,7,7,7,7,7,7,7,7
68,4,7,7,7,7,7,7,7,7,7,3,7,7,7,7,7,7,7,7,7,7,3,7,7,7,7,7,3,7,7,3,7,7
69,4,7,7,7,7,7,7,3,3,5,7,7,7,3,7,7,3,7,7,7,7,7,3,7,7,7,7,7,3,7,7,7,7
70,4,7,3,3,7,7,7,7,3,7,7,7,3,7,3,5,7,7,7,7,7,7,7,3,3,3,5,7,7,7,3,3,7
71,4,7,7,7,7,7,7,7,7,7,7,7,7,7,7,7,7,7,7,3,7,7,7,7,7,3,7,3,3,7,7,7,7
72,4,7,7,7,3,7,3,7,7,7,7,7,7,7,7,7,7,7,7,7,7,7,7,3,7,7,7,3,7,3,7,7,7
73,4,7,7,7,7,7,7,7,7,7,7,7,7,7,7,7,7,7,7,7,3,7,7,7,3,7,7,7,3,7,7,7,3
74,4,3,3,7,3,3,3,3,3,7,3,7,3,7,3,3,3,3,3,3,3,3,3,3,3,3,3,3,7,3,3,3,3
75,4,7,7,7,7,7,7,7,7,7,7,7,7,7,7,7,7,7,7,7,3,7,7,7,7,3,7,7,7,7,7,7,7
76,4,7,7,7,7,3,7,7,3,3,7,7,7,7,7,3,7,7,7,7,3,7,7,3,7,7,7,7,7,7,7,7,7
77,4,7,7,3,3,7,7,7,7,7,7,7,3,3,7,7,7,7,7,7,7,7,3,7,7,7,7,7,3,7,7,7,7
78,4,7,7,7,7,7,7,7,7,7,7,7,7,7,3,7,7,3,7,7,3,7,3,7,3,3,7,7,7,7,3,3,7
79,4,7,7,7,7,3,7,7,7,7,7,7,7,7,7,7,3,3,7,7,7,7,7,7,3,7,3,7,7,7,7,3,7
80,4,7,7,7,7,7,7,7,7,7,3,7,7,7,3,7,7,7,7,7,3,3,7,3,3,7,7,7,7,7,7,7,3
81,4,7,7,3,7,7,3,3,3,7,7,7,7,7,7,7,3,7,7,7,3,7,7,7,3,3,7,7,7,3,7,3,7
82,4,7,3,7,7,3,7,3,7,3,7,7,3,3,7,7,3,7,7,7,7,3,3,7,3,3,7,3,7,7,7,3,7
83,4,7,3,7,7,3,7,3,3,3,3,3,3,7,3,7,3,7,3,3,3,3,3,3,3,3,7,3,3,7,7,3,3
84,4,7,7,7,3,7,7,7,7,7,7,7,3,3,7,7,3,7,3,7,7,7,3,7,7,7,3,3,3,3,7,7,7
85,4,3,7,7,7,3,3,3,3,3,3,3,7,3,3,3,3,7,3,3,3,3,3,3,3,7,7,7,7,7,7,7,3
86,4,3,3,7,3,7,3,3,3,3,3,3,3,3,3,3,3,7,3,3,3,2,3,3,3,3,3,3,7,3,7,3,3
87,4,7,7,7,7,7,7,7,3,7,3,7,3,7,3,7,7,7,7,7,7,7,7,7,3,7,7,7,7,3,3,3,7
88,4,7,7,3,3,7,7,7,3,3,7,7,3,7,7,3,3,7,7,7,7,3,7,3,7,3,3,3,3,3,7,3,7
89,4,7,7,3,7,7,7,7,7,3,7,7,7,7,7,7,7,7,7,3,8,3,7,7,7,3,7,7,7,7,7,7,7
90,4,7,7,7,7,7,7,7,7,7,7,7,3,3,7,7,7,7,7,5,7,7,7,7,7,7,3,7,7,3,3,7,7
91,4,7,7,7,7,3,7,7,7,2,7,7,7,7,3,7,1,7,7,7,7,7,7,7,7,2,7,7,3,7,7,7,7
92,4,7,3,7,7,5,7,7,7,7,5,7,3,7,7,7,7,7,7,7,7,7,7,7,3,7,7,7,3,7,7,7,7
93,4,7,7,7,7,7,7,7,7,7,7,3,7,3,7,7,7,7,7,7,7,7,7,7,7,7,7,7,3,7,7,7,7
94,4,7,7,3,7,7,7,7,7,7,7,7,7,7,7,3,7,7,7,7,7,7,3,7,7,7,3,7,3,3,3,7,7
95,4,7,7,7,7,7,7,7,7,7,7,7,7,7,7,7,7,7,7,7,3,7,7,7,7,7,7,7,7,7,7,7,7
96,4,7,3,7,3,7,7,7,3,7,7,7,7,7,7,7,7,2,7,7,7,7,7,7,7,7,7,7,7,7,7,3,7
97,4,7,3,7,7,7,7,7,3,7,7,7,7,7,7,7,7,3,7,7,7,7,7,7,7,7,7,3,7,7,7,7,7
98,4,7,7,7,7,7,7,7,7,7,7,7,7,7,7,7,7,7,7,7,7,3,3,3,7,7,7,7,7,7,7,7,7
99,4,7,7,7,3,3,7,7,7,7,7,7,7,7,3,3,7,7,7,3,7,3,3,7,7,7,7,7,7,7,7,3,7
100,4,7,7,7,7,3,3,7,7,7,7,7,7,7,3,7,7,7,7,7,3,7,7,7,7,3,7,7,3,7,7,7,3
101,4,7,7,7,7,7,7,7,7,7,7,3,7,7,7,7,7,7,7,7,7,3,7,7,7,7,3,7,7,7,7,7,7
102,4,3,3,3,3,7,3,3,3,2,3,3,3,3,3,3,7,3,3,3,3,3,3,3,3,3,3,3,7,3,3,3,7
103,4,3,5,3,3,3,3,3,3,3,5,3,3,3,3,3,3,3,3,3,3,3,3,3,3,3,3,3,7,3,3,3,3
104,4,3,3,7,3,3,3,3,3,3,3,3,3,3,3,7,3,3,3,3,3,3,3,3,3,3,3,3,3,7,3,3,7
105,4,3,3,3,3,3,3,3,3,3,3,3,3,3,3,3,3,3,3,3,3,3,7,3,3,3,3,3,3,3,3,3,3
106,4,3,7,3,3,3,3,3,3,3,3,3,3,3,3,3,3,3,3,3,3,3,3,3,3,3,3,3,3,3,3,3,3
107,4,3,3,3,3,3,3,3,3,3,3,5,3,8,3,3,3,3,3,3,3,3,3,3,3,3,3,3,3,3,3,3,3
108,4,3,3,3,8,3,3,3,3,3,3,3,3,3,3,3,3,3,3,3,3,3,3,3,3,3,3,3,3,3,3,3,3
109,4,3,3,3,3,3,2,3,3,3,3,3,7,3,3,3,3,3,3,3,3,3,3,3,3,3,3,3,3,5,7,3,3
110,4,3,3,3,3,3,3,3,3,3,3,3,3,3,3,3,3,3,3,3,3,3,7,3,3,3,3,3,3,3,3,3,3
111,4,3,3,3,3,3,3,3,3,3,7,3,3,3,3,3,3,7,3,3,3,3,3,3,3,3,3,3,3,3,3,3,3
112,4,7,7,7,3,7,7,7,7,7,7,7,3,7,7,7,3,7,7,3,3,3,7,3,3,7,3,3,3,3,7,3,7
113,4,7,7,3,7,7,7,7,7,7,7,7,3,3,7,7,7,7,7,7,7,7,7,7,7,3,7,7,7,3,7,7,7
114,4,7,7,7,7,7,7,7,5,7,7,7,7,7,7,3,7,1,7,7,7,7,7,3,7,7,7,7,7,7,3,7,3
115,4,7,7,7,7,7,7,7,7,7,7,7,7,7,7,3,7,3,3,3,7,7,7,7,3,3,7,7,3,5,7,1,3
116,4,7,7,7,7,7,3,7,7,3,3,3,5,7,7,7,3,3,7,7,3,7,3,3,7,7,7,3,7,7,3,7,3
117,4,7,7,3,7,7,7,7,7,7,7,3,3,7,7,7,7,7,3,3,7,7,3,7,7,7,7,3,7,7,3,7,7
118,4,7,3,7,7,7,7,7,7,3,1,7,7,7,7,3,7,7,7,7,3,7,7,7,7,7,7,7,7,7,7,3,3
119,4,7,3,7,3,7,7,7,3,7,7,7,3,7,7,3,7,7,7,7,7,3,1,7,3,7,7,3,7,7,3,7,7
120,4,7,7,3,7,3,7,7,7,7,7,7,7,3,7,7,7,7,7,7,3,7,7,7,1,7,7,7,7,7,7,3,7
121,4,7,7,7,7,7,3,7,7,7,7,7,7,7,7,7,7,7,7,7,3,7,7,7,7,7,7,7,7,5,7,7,1
122,4,3,7,7,7,7,7,7,3,7,7,3,3,3,5,7,5,7,3,7,7,3,7,3,7,7,7,3,7,7,7,3,3
123,4,3,3,3,3,3,3,3,3,3,3,3,7,3,3,3,5,3,3,3,7,3,3,7,3,3,3,3,3,3,3,3,3
124,4,7,7,7,7,7,7,7,3,7,7,7,7,5,7,7,3,7,7,7,7,7,7,7,7,3,7,7,7,7,7,7,3
125,4,7,7,7,7,7,7,7,7,7,7,3,7,7,3,7,7,3,7,7,7,7,7,7,7,7,7,7,7,7,3,7,7
126,4,7,3,7,7,3,7,7,7,7,7,3,7,7,7,7,7,7,7,7,7,3,7,7,3,7,7,7,7,3,7,3,3
127,4,7,7,7,7,7,3,7,7,7,3,3,7,7,7,7,7,7,7,7,7,7,3,7,1,7,7,7,7,7,1,3,7
128,4,7,7,7,7,7,7,7,7,7,7,7,7,7,7,7,7,7,7,7,7,7,7,7,7,7,7,7,7,7,7,7,7
129,4,7,7,7,7,7,7,7,7,7,7,7,7,7,7,7,7,7,7,7,7,7,7,7,7,7,7,7,7,7,7,7,7
130,4,7,7,7,7,7,3,7,5,7,7,7,7,7,4,7,3,7,7,7,7,7,7,7,7,7,7,7,7,7,7,7,7
131,4,7,7,7,7,7,7,8,7,7,7,7,7,7,7,7,7,3,7,7,7,7,7,7,7,7,7,7,7,7,7,7,3
132,4,7,7,7,7,7,7,7,7,7,7,7,7,7,7,7,7,7,7,7,7,7,7,7,7,7,7,7,7,7,7,7,7
133,4,7,7,7,7,7,7,7,7,7,3,7,7,7,7,7,7,7,7,7,7,7,7,7,7,7,7,7,7,7,7,7,7
134,4,7,7,7,7,7,7,7,7,7,7,7,7,7,7,7,7,7,7,7,7,7,7,7,7,7,7,7,7,7,7,7,7
135,4,7,7,7,7,7,7,7,7,7,7,7,7,3,7,7,7,7,7,7,7,7,3,7,3,7,7,7,7,7,7,3,7
136,4,7,7,7,3,7,7,7,7,7,7,7,3,7,7,7,7,5,5,7,7,3,7,7,7,7,7,7,3,7,7,7,7
137,4,7,7,7,7,7,7,3,7,3,7,7,7,7,7,7,3,7,7,7,7,7,3,7,7,7,3,3,7,3,7,7,3
138,4,3,3,3,3,7,7,7,3,3,3,3,3,3,7,3,7,5,7,3,3,3,3,7,7,3,3,7,3,7,7,3,7
139,4,3,7,3,3,7,5,7,7,7,3,7,7,3,7,7,3,3,3,3,7,7,3,7,3,3,3,3,7,7,7,3,3
140,4,3,3,7,7,3,3,3,3,3,3,3,3,3,3,3,3,3,7,3,7,3,3,7,3,7,3,3,7,3,3,3,7
141,4,3,3,3,3,3,3,7,7,7,3,7,3,7,7,3,3,3,3,3,3,7,7,7,7,7,7,3,3,7,3,3,3
142,4,3,7,7,7,3,3,3,7,7,3,3,3,7,3,3,7,3,3,7,7,3,3,3,3,3,3,3,3,3,3,3,3
143,4,3,3,3,3,7,3,3,3,3,3,3,7,7,3,3,7,3,3,7,3,3,3,3,7,7,3,3,7,7,7,3,7
144,4,3,3,3,7,7,3,3,3,3,3,3,3,3,3,3,3,7,3,3,3,7,3,3,3,3,3,7,3,3,3,3,3
145,4,3,7,7,3,3,3,3,3,3,7,3,7,3,7,7,3,3,3,3,3,3,7,3,7,3,3,7,3,3,3,7,3
146,4,3,3,3,3,3,3,3,3,5,3,3,3,3,7,7,3,3,3,7,3,3,3,3,7,3,3,3,3,3,3,3,3
147,4,3,7,3,7,3,3,7,3,3,3,7,7,3,3,3,3,3,7,3,7,3,3,3,3,3,3,7,3,3,3,3,3
148,4,3,7,7,3,7,3,7,7,3,7,7,3,3,3,7,3,3,3,7,3,3,3,3,3,3,3,7,3,7,3,7,3
149,4,7,3,3,3,3,3,7,7,7,7,3,7,3,3,3,7,7,7,3,3,3,7,7,7,7,3,3,7,7,3,7,7
150,4,7,7,3,7,3,7,7,7,7,3,7,7,7,3,7,7,7,3,7,7,7,3,3,3,7,7,7,7,7,3,7,7
151,4,7,3,7,3,7,7,7,3,3,7,7,7,7,7,7,7,7,3,3,7,7,7,3,7,7,7,7,7,3,3,3,7
152,4,7,7,7,7,3,3,3,3,7,3,3,7,3,3,7,3,7,3,3,3,7,7,3,7,7,3,7,7,7,3,7,5
153,4,7,3,7,3,7,7,7,7,3,3,7,7,3,3,3,3,3,3,7,7,3,7,7,3,3,7,7,7,7,3,7,7
154,4,3,3,3,3,3,3,3,3,3,3,3,3,3,3,3,3,3,3,3,3,3,3,3,3,3,7,3,3,3,3,3,3
155,4,3,3,3,3,3,3,3,3,3,3,3,7,3,3,7,3,3,3,3,3,3,3,3,3,3,3,7,3,3,3,3,3
156,4,3,3,3,3,7,3,7,3,3,3,3,3,3,3,3,3,7,3,3,3,3,3,3,3,3,3,3,3,3,3,3,3
157,4,3,3,3,3,7,3,3,7,3,3,3,3,7,3,3,3,3,7,3,3,3,3,7,3,3,3,3,3,3,7,3,3
158,4,3,3,3,3,3,3,3,3,7,3,3,3,3,3,3,5,3,3,3,3,3,3,3,3,3,3,7,3,3,3,3,3
159,4,3,3,3,3,3,3,3,3,3,3,3,3,3,3,3,3,3,3,3,3,3,3,3,3,3,3,3,3,3,3,3,3
160,4,3,7,7,3,3,3,3,3,3,3,3,3,3,3,3,7,3,3,3,3,3,3,3,7,3,3,3,3,3,3,3,3
161,4,3,3,3,3,3,3,7,3,3,7,3,3,3,3,7,3,7,3,3,3,3,3,3,3,3,3,3,3,7,3,3,3
162,4,3,3,3,3,3,3,3,3,3,3,3,3,3,3,3,3,3,3,3,7,3,3,3,3,3,3,3,3,3,3,3,3
163,4,3,3,3,3,3,3,3,3,3,3,3,3,3,3,3,3,3,3,3,3,3,3,3,3,3,3,3,3,3,3,3,3
164,4,3,7,7,3,3,3,3,3,3,3,3,3,3,7,3,3,3,3,3,3,3,3,3,3,7,3,3,3,3,3,3,3
165,4,3,3,3,7,3,7,3,3,3,3,3,7,3,3,3,3,3,3,7,3,3,3,3,3,3,3,3,3,3,3,7,3
166,4,3,3,3,3,3,3,3,3,3,3,3,3,3,3,3,7,3,3,3,3,3,3,3,3,3,3,3,3,3,3,3,3
167,4,3,3,3,3,3,3,3,3,3,3,3,3,3,3,3,3,3,7,3,3,3,3,3,3,3,3,3,3,7,7,3,3
168,4,3,3,3,7,3,3,3,3,3,3,3,3,3,3,3,3,3,3,3,3,3,3,3,3,3,3,3,3,3,3,3,3
169,4,3,3,3,3,3,3,3,3,3,3,3,3,3,7,3,3,3,3,7,3,3,7,3,3,3,3,3,3,7,3,3,3
170,4,3,3,7,3,3,3,3,3,3,3,3,3,3,2,3,3,3,3,3,3,3,3,7,3,3,3,3,3,7,3,3,3
171,4,7,3,3,3,3,3,7,3,7,3,3,7,3,3,7,7,7,3,3,3,3,7,7,7,3,3,7,3,7,3,7,7
172,4,3,3,3,3,3,3,3,3,3,3,3,3,7,3,7,3,3,7,3,3,3,3,3,3,3,3,3,3,3,3,3,3
173,4,3,3,3,3,3,7,3,3,3,3,3,3,3,3,3,3,3,3,3,3,3,3,7,3,3,3,3,3,3,3,3,3
174,4,3,3,5,3,3,3,3,3,3,3,3,3,3,3,3,3,3,3,3,3,7,3,3,3,3,3,3,3,3,3,3,3
175,4,3,3,3,3,3,3,3,3,3,3,3,3,3,3,3,3,3,3,3,3,3,3,3,3,7,3,3,3,3,3,3,3
176,4,3,3,7,3,3,3,3,3,3,3,3,3,3,3,3,3,3,3,3,3,3,3,3,3,3,3,3,3,3,3,5,3
177,4,3,7,3,3,3,7,3,3,3,3,3,3,3,3,3,3,3,7,3,3,3,3,3,3,7,3,3,3,3,3,7,3
178,4,3,3,3,3,3,3,3,3,3,3,3,3,3,3,3,3,3,3,3,3,3,7,3,3,3,3,3,7,3,3,3,3
179,4,3,3,3,3,3,3,3,3,7,3,3,3,3,3,3,3,3,3,3,3,3,7,7,3,7,3,7,3,3,7,3,3
180,4,3,3,3,3,3,3,3,3,7,3,3,3,3,3,3,3,3,3,3,3,3,3,5,3,7,3,3,3,7,3,3,7
181,4,3,3,3,3,3,7,3,7,3,3,3,7,3,3,3,3,3,7,3,3,3,3,3,3,3,3,3,3,7,3,3,3
182,4,3,7,3,3,3,3,3,3,3,7,3,3,7,3,3,3,3,3,3,3,3,3,7,3,3,3,3,3,3,3,7,3
183,4,3,3,3,3,3,3,7,3,3,3,3,3,3,3,7,3,7,3,3,3,3,7,7,3,3,3,3,3,3,3,7,3
184,4,3,3,3,3,3,3,3,3,7,3,3,3,3,3,7,7,3,3,3,3,3,3,3,3,3,3,3,3,3,3,3,3
185,4,3,3,3,3,7,3,3,3,3,3,3,3,3,3,3,3,3,3,3,3,3,3,3,3,3,3,3,3,3,3,3,3
186,4,3,3,3,3,3,3,3,3,3,3,3,3,3,3,3,7,3,3,3,3,3,3,3,3,3,3,3,3,3,7,3,3
187,4,3,3,3,3,3,3,3,3,3,3,3,3,3,3,7,7,7,3,3,3,3,3,3,3,3,3,3,3,3,7,3,3
188,4,3,3,3,3,3,3,3,3,3,3,7,3,3,3,7,3,3,3,7,3,3,3,3,3,3,3,3,3,3,3,3,3
189,4,7,7,7,7,7,7,7,7,3,3,7,7,7,7,3,7,7,7,7,7,7,7,7,7,7,7,7,3,3,7,7,7
190,4,7,3,7,3,7,7,7,7,7,7,3,7,7,7,7,3,7,7,7,7,7,7,7,7,3,3,7,7,7,7,7,7
191,4,7,7,7,7,7,7,3,7,7,7,3,7,7,3,7,7,7,7,7,7,7,7,7,7,7,7,7,3,7,7,7,7
192,4,7,7,7,7,7,7,7,7,7,7,7,3,7,7,7,7,3,7,7,3,7,7,7,5,7,7,7,7,7,7,7,7
193,4,7,7,7,7,7,7,7,3,7,7,7,7,7,7,7,7,7,7,7,7,7,7,7,7,7,7,7,7,7,7,7,7
194,4,7,7,3,7,7,7,7,7,7,7,7,7,3,7,3,7,7,7,7,7,7,7,7,7,7,7,7,7,7,7,7,7
195,4,7,7,7,7,7,7,7,7,7,7,7,7,7,7,7,7,7,7,7,7,7,3,7,7,7,7,7,7,7,3,7,7
