[step, epoch, max]
0,0,5,3,3,3,3,5,5,3,3,3,3,5,3,3,3,3,3,3,3,3,5,3,5,3,5,3,5,3,3,3,3,3
1,0,1,4,7,1,5,1,3,1,1,1,3,1,1,1,1,1,1,1,7,4,7,1,3,5,7,7,3,1,1,5,3,3
2,0,5,5,4,5,6,5,4,5,5,5,1,6,1,5,5,1,5,5,5,5,5,5,6,1,7,6,5,1,5,6,1,6
3,0,1,5,4,1,3,1,1,1,1,5,5,5,1,5,1,1,1,4,1,1,1,5,5,1,4,1,1,1,1,1,1,1
4,0,1,2,5,1,8,5,2,1,8,1,2,5,5,8,1,1,8,1,8,2,2,8,5,8,1,2,6,5,1,3,8,2
5,0,3,3,3,2,3,3,3,3,3,4,3,3,3,1,3,3,3,3,3,2,3,2,3,3,3,3,2,3,7,1,4,3
6,0,2,4,1,3,3,4,3,1,3,4,3,4,1,2,4,3,3,5,4,2,3,4,1,7,1,7,7,3,4,1,1,1
7,0,7,7,7,7,7,1,7,2,3,3,3,3,4,1,3,2,3,2,2,3,4,7,1,4,4,3,1,4,7,7,1,7
8,0,1,7,2,3,3,1,4,3,7,7,4,4,7,1,2,1,3,4,2,3,1,1,1,1,7,3,7,1,2,1,3,3
9,0,3,3,3,3,3,3,3,1,3,3,1,3,3,3,3,3,3,3,3,3,3,3,3,7,3,3,3,3,3,3,3,3
10,0,3,3,3,3,3,3,3,3,3,3,3,3,3,8,3,5,3,3,5,3,3,3,3,3,3,3,3,3,3,3,3,3
11,0,3,3,3,3,3,3,5,3,3,3,3,3,3,3,3,3,3,3,3,3,2,3,3,3,3,5,3,3,3,5,3,3
12,0,3,3,3,3,3,3,5,3,3,3,3,3,3,3,3,3,3,3,3,7,3,3,3,3,3,3,3,3,3,3,3,3
13,0,3,3,5,3,8,5,3,5,3,3,3,3,3,3,3,3,3,3,3,3,3,3,3,3,3,3,3,3,3,3,5,5
14,0,3,3,5,3,3,3,3,3,8,3,3,3,3,3,3,3,3,3,5,3,3,3,3,3,3,3,3,3,3,3,3,3
15,0,2,2,2,2,3,2,2,2,2,2,3,2,2,2,3,2,3,3,3,2,2,2,2,8,2,2,2,5,3,3,2,3
16,0,2,2,2,2,2,2,2,2,2,2,2,2,2,2,2,2,2,2,2,2,2,2,2,2,2,2,2,2,2,2,2,2
17,0,2,2,4,2,2,2,2,2,2,2,2,2,4,2,2,2,2,3,2,2,2,3,2,2,2,2,2,2,2,2,2,2
18,0,2,2,2,8,8,3,2,2,2,5,2,2,2,2,3,2,2,2,8,3,2,2,2,2,2,2,2,2,2,2,2,8
19,0,2,3,3,2,2,2,2,2,2,2,2,2,2,3,2,2,2,2,2,2,2,2,2,2,2,2,2,2,2,2,2,2
20,0,2,2,3,2,3,2,3,2,2,2,3,2,3,2,2,3,3,2,2,3,2,3,2,2,2,2,3,3,2,2,2,3
21,0,2,2,3,2,2,2,2,8,2,2,2,2,3,2,2,2,2,2,2,2,3,3,2,2,2,2,2,2,2,2,2,2
22,0,2,2,2,2,3,2,2,2,3,3,3,3,2,2,3,2,2,2,2,8,2,2,2,5,2,3,2,2,2,3,2,2
23,0,2,2,2,2,3,3,3,2,2,2,2,2,2,2,3,3,2,2,2,3,2,2,2,2,2,2,2,8,2,2,3,3
24,0,2,2,2,2,3,2,2,2,2,2,3,3,2,2,2,2,2,3,3,2,3,3,2,2,2,2,3,2,2,2,2,2
25,0,2,2,2,2,2,2,2,3,2,2,2,3,2,2,2,2,2,3,2,2,2,2,2,2,2,2,2,2,2,2,2,2
26,0,2,2,2,2,2,2,2,3,2,2,2,3,2,3,2,2,2,2,2,2,2,2,2,2,3,2,2,5,2,2,2,2
27,0,2,2,2,2,2,2,2,2,2,2,2,3,2,2,2,2,2,2,2,2,2,2,2,2,3,3,2,2,2,2,2,2
28,0,2,2,2,2,2,2,2,2,2,5,2,2,3,3,2,2,2,3,3,3,3,5,2,3,2,3,2,3,2,2,2,3
29,0,2,3,2,3,3,3,2,3,3,2,2,3,2,2,3,3,3,3,3,3,3,3,2,3,2,3,3,2,3,2,3,2
30,0,3,3,3,3,3,2,3,3,3,3,3,3,2,3,3,3,3,3,2,3,2,3,3,2,3,3,3,2,3,3,2,5
31,0,3,3,3,2,3,3,3,3,3,3,3,3,3,3,3,3,3,2,3,3,3,2,2,3,3,3,3,3,2,3,3,2
32,0,3,3,2,2,2,3,3,3,2,3,3,3,3,3,3,3,3,3,3,3,3,3,2,3,3,2,2,3,3,3,3,3
33,0,3,2,2,2,2,2,3,3,3,2,3,3,2,3,2,3,3,3,3,2,2,3,2,2,3,2,3,2,3,3,3,2
34,0,3,3,3,3,3,5,2,3,3,2,3,3,3,3,2,2,3,3,3,3,3,3,3,3,2,3,3,3,3,2,3,3
35,0,3,3,3,3,3,3,3,3,3,3,3,3,3,3,3,3,3,2,3,3,3,3,3,3,3,3,3,3,3,3,3,3
36,0,3,3,3,3,3,3,3,3,3,3,3,3,2,3,2,3,3,3,3,3,3,3,2,3,2,3,3,3,3,3,3,3
37,0,3,3,3,3,3,3,3,3,3,3,3,3,3,3,3,3,3,3,3,3,3,3,3,3,3,3,3,3,3,3,3,3
38,0,3,3,2,3,3,3,3,3,3,3,3,3,3,3,3,3,3,3,3,3,3,3,3,3,3,3,3,3,3,3,3,3
39,0,3,3,3,3,3,3,3,3,3,3,3,3,3,3,3,3,3,2,3,3,3,3,3,3,2,3,3,3,3,3,3,3
40,0,3,3,3,3,3,3,3,3,3,3,3,3,3,3,3,3,3,3,3,3,3,3,3,3,3,3,3,3,3,3,3,3
41,0,3,3,3,3,3,3,3,3,3,3,3,3,3,3,3,3,3,3,3,3,3,3,3,3,3,3,3,3,3,3,3,3
42,0,3,3,3,3,3,3,3,3,3,3,3,3,3,3,3,3,3,3,3,3,3,3,3,3,3,3,3,3,3,3,3,3
43,0,3,3,3,3,3,3,3,3,3,3,3,3,3,3,3,3,3,3,2,3,3,3,5,3,3,3,3,3,3,3,7,3
44,0,3,5,3,3,3,3,3,2,5,4,2,7,3,3,2,3,3,3,7,7,7,3,7,3,3,3,3,3,3,7,3,2
45,0,3,3,3,7,3,2,3,3,3,3,3,7,3,3,7,3,3,7,3,3,3,3,7,3,3,7,3,2,2,2,3,3
46,0,2,3,3,3,3,3,3,7,2,7,7,3,7,7,7,2,3,7,2,7,7,3,7,7,2,2,2,3,3,3,7,3
47,0,3,7,3,3,2,3,3,3,3,7,3,3,2,7,2,3,3,3,3,7,3,3,2,3,3,2,3,7,3,7,3,2
48,0,3,3,3,3,3,3,2,3,7,7,2,2,3,3,3,3,7,2,3,3,7,3,3,3,3,3,3,2,3,7,3,3
49,0,3,3,2,7,7,2,7,2,2,3,7,2,3,3,3,3,2,3,3,2,2,3,3,3,3,7,3,3,2,2,7,3
50,0,3,3,3,2,7,2,3,2,3,3,3,3,3,3,3,2,3,3,3,3,3,2,2,3,3,5,3,3,1,3,2,3
51,0,7,2,2,1,2,7,3,2,3,2,7,7,3,5,2,3,3,2,3,7,5,2,3,3,2,3,3,3,2,5,3,2
52,0,2,2,2,3,3,1,3,3,3,3,2,2,3,2,2,2,2,2,2,2,2,2,2,2,2,7,3,7,2,2,3,3
53,0,7,7,3,7,7,7,3,7,3,3,3,2,2,2,7,3,2,3,7,3,2,3,7,3,7,3,7,7,2,3,7,7
54,0,7,7,7,7,7,7,3,3,3,7,3,7,7,7,2,7,3,3,3,7,2,7,3,2,7,3,7,2,3,7,7,7
55,0,2,5,7,2,3,3,3,2,3,2,7,3,7,3,3,2,3,5,1,7,3,7,3,7,2,3,2,2,2,7,2,3
56,0,2,2,2,5,2,2,3,2,2,7,2,2,2,2,2,2,2,2,2,2,3,2,2,2,7,7,2,2,7,2,7,1
57,0,2,3,3,2,7,2,3,3,7,3,3,3,2,3,7,7,7,3,3,2,7,7,7,3,3,3,7,2,3,7,3,2
58,0,2,2,3,7,7,7,5,4,7,2,3,2,2,2,2,2,7,7,2,2,8,2,3,7,3,2,2,2,2,2,3,3
59,0,2,2,2,7,2,7,2,7,7,7,2,2,5,7,2,7,2,2,2,2,2,2,2,7,2,5,7,2,3,2,3,7
60,0,3,3,3,3,5,2,7,7,3,2,5,3,3,2,3,7,3,3,3,3,3,7,3,2,3,2,5,7,3,3,5,3
61,0,3,2,3,2,1,3,1,5,2,3,2,2,3,2,3,5,3,1,3,5,7,2,3,3,3,3,7,2,8,3,7,3
62,0,5,5,5,5,5,5,3,5,5,5,3,3,5,2,5,5,5,5,5,5,5,5,5,5,5,5,5,5,5,2,5,2
63,0,5,3,2,5,5,2,2,5,5,5,5,5,5,5,5,3,5,5,5,5,5,5,5,2,3,5,5,5,5,5,5,5
64,0,5,3,5,5,5,5,5,5,5,5,5,5,5,5,5,5,5,5,5,5,3,5,5,5,3,5,5,5,5,5,5,3
65,0,5,3,5,5,5,5,5,3,5,3,5,5,5,5,3,5,5,3,5,2,3,5,5,5,5,3,2,3,5,5,5,5
66,0,5,5,5,3,5,5,5,5,5,5,5,5,5,3,3,5,5,5,5,3,5,5,5,3,5,5,5,3,5,5,5,5
67,0,5,5,5,5,3,5,5,5,5,5,5,5,5,5,5,5,5,5,5,5,5,5,5,5,5,5,5,5,5,5,5,2
68,0,5,5,5,5,5,5,2,5,5,5,5,5,5,5,5,5,3,5,5,5,5,5,5,5,5,3,5,3,5,5,5,5
69,0,5,3,5,5,5,5,5,5,5,5,5,3,5,5,5,5,3,5,5,5,5,5,5,2,5,5,5,5,5,5,5,3
70,0,5,3,5,5,5,5,5,5,5,3,5,5,5,3,5,5,3,5,2,5,5,5,5,2,5,5,5,5,5,5,5,5
71,0,5,5,5,3,3,5,5,5,5,5,5,5,5,5,5,5,5,5,5,5,5,5,5,5,5,5,2,5,5,5,5,5
72,0,3,3,2,2,3,2,3,5,2,5,5,5,3,3,3,5,5,5,3,3,3,5,3,5,3,3,3,3,3,2,3,3
73,0,3,2,5,2,2,2,5,5,3,5,2,5,2,3,3,3,5,3,3,3,3,5,2,5,5,5,5,5,3,5,5,3
74,0,2,2,2,2,2,2,2,3,3,2,2,2,3,2,2,2,2,3,2,2,3,3,3,2,2,3,3,3,2,3,2,2
75,0,2,3,3,3,3,3,3,3,3,3,2,3,2,3,5,2,3,3,2,3,3,3,3,3,2,3,3,3,3,2,2,3
76,0,2,3,2,2,2,2,2,3,2,2,2,2,2,2,2,3,3,2,2,2,2,2,2,2,3,2,2,3,2,2,2,2
77,0,2,3,3,2,2,3,2,3,2,3,2,2,2,2,3,2,2,2,2,2,3,3,2,3,2,5,2,2,3,2,2,2
78,0,2,2,3,3,2,2,3,2,3,2,3,2,2,2,3,2,2,3,2,3,3,2,2,2,2,2,2,2,2,2,2,2
79,0,2,2,2,2,2,2,2,3,2,2,2,2,3,3,2,2,2,2,3,3,2,2,2,2,2,2,2,2,2,2,3,2
80,0,2,2,2,2,2,2,3,3,3,2,2,2,2,3,3,2,2,2,3,2,3,3,2,3,3,2,2,2,3,2,2,3
81,0,2,3,2,3,2,2,2,3,2,2,3,2,2,2,3,2,3,2,3,2,2,2,2,2,2,3,2,2,2,2,2,3
82,0,3,3,3,3,2,3,2,3,3,3,2,2,3,3,3,3,3,3,2,3,2,2,2,3,2,3,3,3,2,3,3,2
83,0,2,2,3,3,2,2,7,2,3,2,2,2,3,2,3,2,2,3,2,2,2,2,2,2,2,3,2,2,2,3,2,2
84,0,2,2,2,2,2,2,2,2,2,3,2,3,3,2,2,2,2,2,2,2,2,2,2,2,3,2,3,2,2,2,3,2
85,0,2,2,2,2,2,2,2,2,2,3,2,2,2,2,2,2,3,2,3,2,3,2,3,2,2,2,2,2,2,2,2,2
86,0,2,2,3,2,3,2,3,2,2,2,3,2,3,2,2,3,2,3,2,3,3,3,2,2,3,2,3,2,2,3,2,2
87,0,2,3,2,3,2,2,2,3,2,3,3,2,2,2,3,2,2,2,2,2,2,2,2,3,3,3,2,2,2,3,2,2
88,0,2,2,3,2,2,3,2,3,3,2,2,2,3,3,2,2,3,2,2,2,2,2,3,2,3,2,2,3,3,3,2,3
89,0,2,2,2,2,2,2,2,2,2,2,2,2,2,2,2,2,2,2,2,2,2,2,2,2,2,2,2,3,2,3,2,3
90,0,2,3,2,2,3,2,2,3,2,2,2,3,2,2,3,2,2,2,2,2,2,3,3,3,3,2,2,2,2,3,2,2
91,0,3,3,3,7,3,3,3,5,7,3,2,3,5,3,3,7,5,3,3,3,3,3,2,3,3,5,3,5,5,7,5,3
92,0,2,7,7,3,5,2,7,3,2,5,1,2,2,2,3,2,5,3,3,5,5,2,3,2,7,2,2,2,3,2,3,2
93,0,2,3,2,3,3,5,3,2,2,2,2,2,2,2,2,2,5,2,2,5,2,1,3,2,7,5,3,2,5,2,7,2
94,0,2,7,2,2,2,2,2,2,2,3,5,7,2,2,7,7,2,2,2,7,7,2,3,7,2,2,2,7,2,2,2,7
95,0,2,3,2,5,5,3,3,3,2,2,3,2,2,2,3,2,3,3,5,2,2,2,5,3,2,2,2,2,2,5,2,2
96,0,2,2,2,2,2,2,2,2,2,2,3,1,2,2,2,3,2,3,3,3,3,3,3,7,2,3,2,5,2,7,3,2
97,0,2,3,2,2,2,2,3,3,2,2,2,2,3,2,3,3,3,2,3,3,2,3,3,5,2,3,3,3,2,5,3,3
98,0,3,3,2,2,7,7,3,3,2,2,2,2,3,2,7,1,3,2,3,7,2,3,3,3,2,2,3,3,3,2,2,7
99,0,3,5,3,3,3,3,3,3,3,3,3,3,3,3,3,3,3,3,3,3,3,3,3,3,3,3,3,3,3,3,3,3
100,0,3,3,3,3,3,3,3,3,3,3,3,3,3,3,3,3,3,3,3,3,3,3,3,3,3,3,3,3,3,3,3,3
101,0,3,2,3,3,3,3,3,2,3,3,3,3,2,3,3,3,3,2,3,3,3,3,2,3,2,3,3,3,3,3,3,3
102,0,3,3,3,3,3,3,3,3,3,3,3,3,3,3,3,3,3,3,3,3,3,3,3,3,3,3,3,3,3,3,3,3
103,0,3,3,3,3,3,3,3,3,3,3,3,3,3,3,3,3,3,3,3,3,3,3,3,3,3,3,3,3,3,3,3,3
104,0,3,3,3,3,3,3,3,3,3,3,3,3,3,3,3,3,3,3,3,3,3,3,3,3,3,3,3,3,3,3,3,3
105,0,3,3,3,3,3,3,3,3,3,3,3,3,3,3,3,3,3,3,3,3,3,3,3,3,3,3,3,3,3,3,3,3
106,0,3,3,3,3,3,3,3,3,3,3,3,3,3,3,3,3,3,3,3,3,3,3,3,3,3,3,3,3,3,3,3,3
107,0,3,3,3,3,3,3,3,3,3,3,3,3,3,3,3,3,3,3,3,3,3,3,3,3,3,3,3,3,3,3,3,3
108,0,3,3,3,3,3,3,3,3,3,3,3,3,3,3,3,3,3,3,3,3,3,3,3,3,3,3,3,3,3,3,3,3
109,0,3,3,3,3,3,3,3,3,3,3,3,3,3,3,3,3,3,3,3,3,3,3,3,3,3,3,3,3,3,3,3,3
110,0,3,3,3,3,3,3,3,3,3,3,3,3,3,3,3,3,3,3,3,3,3,3,3,3,3,3,3,3,3,3,3,3
111,0,3,3,3,3,3,3,3,3,3,3,3,3,3,3,3,3,3,3,3,3,3,3,3,3,3,3,3,3,3,3,3,3
112,0,3,3,3,3,3,3,3,3,3,3,3,3,3,3,3,3,3,3,3,3,3,3,3,3,3,3,3,3,5,3,3,3
113,0,3,3,3,3,3,3,3,3,3,3,3,3,3,3,3,3,3,3,3,3,3,3,3,3,3,3,3,3,3,3,3,3
114,0,3,3,3,3,3,3,3,3,3,3,3,3,3,3,3,3,3,3,3,3,3,3,3,3,3,3,3,3,3,3,3,3
115,0,3,3,3,3,3,3,3,3,3,3,3,3,3,3,3,3,3,3,3,3,3,3,3,3,3,3,3,3,3,3,3,3
116,0,3,3,3,3,3,3,3,3,3,3,3,3,3,3,3,3,3,3,3,3,3,3,3,3,3,3,3,3,3,3,3,3
117,0,3,3,3,3,3,3,3,3,3,3,3,3,3,3,3,3,3,3,3,3,3,3,3,3,3,3,3,3,3,3,3,3
118,0,3,3,3,3,3,3,3,3,3,3,3,3,3,3,3,3,3,3,3,3,3,3,3,3,3,3,3,3,3,3,3,3
119,0,3,3,3,3,3,3,3,3,3,3,3,3,3,3,3,3,3,3,3,3,3,3,3,3,3,3,3,3,3,3,3,3
120,0,3,3,3,3,3,3,3,3,3,3,3,3,3,3,3,3,3,3,3,3,3,2,3,3,3,3,2,3,3,3,2,3
121,0,3,3,3,3,3,3,3,3,3,3,3,3,3,3,3,3,3,3,3,3,3,3,3,3,3,3,3,3,3,3,3,3
122,0,3,3,3,3,3,3,3,3,3,3,3,3,3,3,3,3,3,3,3,3,3,3,3,3,2,3,3,3,3,3,3,3
123,0,3,3,3,3,3,3,3,2,3,3,3,2,2,3,3,3,2,3,3,3,3,3,3,2,3,2,3,3,2,3,2,3
124,0,3,3,3,3,3,3,3,2,3,3,5,3,3,3,3,3,3,3,3,3,3,3,3,3,3,3,3,3,3,3,3,3
125,0,3,3,3,3,3,3,3,3,2,3,3,3,3,3,3,3,3,3,3,3,3,2,3,3,3,3,3,3,3,3,3,3
126,0,3,3,3,3,3,3,3,3,3,3,3,3,3,3,3,5,3,3,3,3,3,3,3,3,3,3,3,3,3,2,3,3
127,0,3,3,3,3,3,3,3,3,3,3,3,3,3,3,3,3,3,3,3,3,3,3,3,3,3,3,3,3,3,3,3,3
128,0,5,5,5,3,5,3,5,3,3,3,5,5,5,3,5,5,3,5,5,3,5,5,3,5,3,3,5,5,3,3,3,5
129,0,3,3,3,5,3,3,5,5,3,3,5,2,3,5,5,5,5,3,5,3,3,3,3,5,3,5,3,5,5,5,3,5
130,0,3,3,3,3,3,3,3,5,3,3,3,5,3,3,3,3,3,3,3,3,3,3,5,3,5,3,5,3,5,3,3,3
131,0,3,3,3,5,5,5,3,5,3,5,5,5,5,3,3,3,3,3,3,3,3,3,3,3,3,3,5,3,3,3,3,3
132,0,3,3,3,3,3,3,3,3,3,3,5,3,3,3,5,5,3,3,3,3,3,3,3,3,3,3,3,3,3,3,3,3
133,0,3,3,3,3,3,3,3,3,3,5,3,3,3,3,3,3,3,3,3,3,3,3,3,3,3,3,3,3,3,3,3,3
134,0,3,3,5,3,5,5,3,3,3,3,3,3,3,3,3,3,3,3,5,5,3,5,3,3,3,3,5,3,3,3,3,5
135,0,3,3,3,3,5,5,3,3,3,3,3,3,3,3,5,3,5,3,3,5,3,3,3,5,5,5,3,3,3,3,3,3
136,0,5,3,3,3,3,5,3,3,5,5,3,3,3,5,5,3,3,5,5,5,3,3,5,3,3,3,5,5,3,5,5,5
137,0,5,3,3,3,5,3,3,3,3,5,5,3,3,3,3,3,5,3,3,3,3,3,5,3,5,3,3,3,3,5,3,3
138,0,5,5,5,3,3,3,3,5,3,3,3,3,3,5,5,3,3,5,5,5,5,5,3,3,5,3,3,5,3,5,3,5
139,0,5,5,3,5,5,5,5,3,5,5,5,3,5,2,3,3,5,3,3,3,5,5,3,5,5,3,3,5,3,3,5,3
140,0,5,3,5,3,5,5,3,5,5,5,3,3,3,5,5,3,3,3,3,5,3,3,5,3,3,3,3,3,5,5,5,3
141,0,5,2,2,5,5,5,5,2,5,5,3,5,5,3,3,5,5,3,5,5,5,3,5,5,5,3,2,5,2,5,5,5
142,0,5,5,5,5,3,5,3,5,5,3,5,5,5,3,5,5,5,5,5,5,3,5,5,5,5,2,5,5,5,5,5,3
143,0,5,3,5,5,5,5,5,3,5,5,5,5,5,3,5,5,5,5,5,5,5,5,3,5,5,5,5,5,2,5,5,5
144,0,5,5,3,5,3,3,5,3,5,5,3,3,3,5,5,3,5,5,5,3,5,5,3,5,5,5,5,3,3,5,3,5
145,0,5,5,5,5,3,5,5,3,3,3,5,5,3,5,3,5,3,2,3,5,2,5,5,3,3,5,5,3,5,3,3,3
146,0,3,3,3,3,3,2,3,3,3,3,3,3,3,3,3,3,3,3,3,3,3,3,3,3,3,3,3,3,3,3,3,3
147,0,3,3,3,3,3,3,3,3,3,3,3,3,3,3,3,3,3,3,5,3,3,3,3,3,3,3,3,3,3,3,3,3
148,0,3,2,3,3,3,3,2,3,3,3,3,3,3,3,3,3,2,3,3,2,3,3,3,3,3,3,3,3,3,3,3,3
149,0,3,3,3,3,3,3,5,3,3,3,3,3,5,3,2,3,3,3,3,3,3,5,3,5,3,3,3,5,3,3,3,3
150,0,3,3,3,3,3,3,3,3,2,3,3,3,3,3,3,3,3,3,3,3,3,2,3,3,3,3,3,3,3,3,3,3
151,0,3,3,3,2,3,3,3,3,3,3,3,3,3,3,3,3,3,3,3,3,3,3,3,3,3,3,3,3,3,3,3,3
152,0,2,3,3,3,3,3,3,3,3,3,3,3,3,2,3,3,3,3,3,3,2,2,3,2,3,2,3,3,3,3,3,2
153,0,2,2,2,3,2,2,2,2,3,2,3,2,2,2,3,2,2,2,2,2,2,2,3,2,2,2,2,2,2,2,3,2
154,0,2,3,2,3,3,3,2,3,2,3,3,2,3,2,2,2,3,3,3,3,2,3,3,3,3,3,2,2,3,2,2,3
155,0,3,3,3,3,2,3,3,2,3,2,3,3,2,3,3,3,3,2,3,2,3,2,3,3,2,2,2,3,3,3,3,3
156,0,2,2,2,2,2,3,2,2,2,2,2,2,2,2,3,3,2,3,2,2,3,2,2,2,2,2,3,2,2,2,3,2
157,0,2,3,3,2,3,2,2,2,3,2,3,3,2,2,2,3,3,3,2,3,2,2,2,3,2,2,2,3,2,2,3,2
158,0,3,2,2,3,2,3,3,3,3,3,3,3,3,3,2,3,3,2,3,3,3,2,3,3,3,3,3,3,2,2,3,3
159,0,3,3,3,3,3,2,2,3,3,3,3,3,3,3,3,3,3,3,3,3,3,3,3,3,3,3,3,3,3,3,3,3
160,0,3,3,2,3,3,3,3,3,3,3,3,3,3,3,3,3,3,3,3,3,5,3,3,3,3,2,3,3,3,3,3,3
161,0,3,3,3,3,3,3,3,3,3,3,3,3,3,3,3,3,3,3,3,3,3,3,3,7,2,3,3,3,3,3,3,3
162,0,3,3,3,3,3,3,3,3,3,3,3,3,3,3,3,3,3,3,3,3,3,3,3,3,3,3,3,3,3,3,3,3
163,0,3,3,3,3,3,3,3,3,3,3,3,3,3,3,3,3,3,3,3,3,3,3,3,3,3,3,3,3,3,3,3,3
164,0,3,3,3,3,3,3,3,3,3,3,3,3,3,3,3,3,3,3,3,3,3,3,3,3,3,3,3,3,3,3,3,3
165,0,3,3,3,3,3,3,3,3,3,3,3,3,3,3,3,3,3,3,3,3,3,3,3,3,3,3,3,3,3,3,3,3
166,0,3,3,3,2,3,3,3,3,3,3,3,3,3,3,3,3,3,3,3,3,3,3,3,3,3,3,3,3,3,3,3,3
167,0,3,3,3,5,3,3,3,3,3,3,3,3,3,3,3,5,3,3,3,2,3,3,3,3,3,3,3,3,3,3,3,3
168,0,3,3,3,5,3,3,3,3,3,3,3,3,3,3,2,3,3,3,3,5,3,3,3,3,5,3,3,3,3,3,3,3
169,0,3,3,3,5,3,3,5,3,3,3,3,3,3,3,5,3,3,3,3,3,3,3,3,5,3,3,3,3,3,3,3,3
170,0,3,3,3,3,3,5,3,3,3,3,3,3,3,3,3,3,3,3,3,3,3,3,5,3,3,5,3,3,3,3,3,3
171,0,3,3,3,3,3,3,3,3,5,3,3,3,3,3,3,3,3,3,3,5,5,3,3,3,3,3,2,3,3,3,3,3
172,0,3,3,3,3,3,3,3,3,3,3,3,3,3,5,3,5,3,3,3,3,3,3,3,3,3,3,3,3,5,3,3,3
173,0,3,3,3,3,3,3,3,3,3,3,3,5,5,3,3,3,3,3,3,3,3,3,3,3,3,3,3,3,3,3,3,3
174,0,3,3,3,3,3,3,3,3,3,3,3,5,3,3,3,3,3,3,3,3,3,3,3,3,3,3,3,3,3,3,3,5
175,0,5,3,3,2,3,3,3,3,3,2,3,5,2,3,3,3,5,5,2,5,3,3,3,3,3,3,5,5,3,3,5,2
176,0,5,5,3,5,5,3,5,3,5,5,5,3,5,3,5,3,5,3,3,5,3,3,5,2,2,5,5,3,5,2,5,2
177,0,3,2,3,3,5,3,3,3,2,3,3,5,2,2,3,3,2,3,5,3,3,2,2,2,3,3,3,3,3,3,3,5
178,0,3,3,3,3,3,3,3,3,3,3,3,3,3,3,2,3,3,3,3,2,3,5,3,3,3,3,3,2,3,3,3,3
179,0,3,3,5,3,5,3,3,3,3,3,3,3,2,3,3,2,3,5,3,3,3,3,3,3,2,3,2,3,3,3,5,3
180,0,3,2,5,3,3,3,3,3,5,3,3,2,3,3,3,3,3,3,3,2,3,2,3,3,3,3,2,3,3,3,2,3
181,0,3,3,3,2,5,3,3,3,3,2,3,3,5,2,3,3,3,3,2,2,2,2,3,3,3,3,3,3,2,3,3,3
182,0,5,3,3,3,5,3,3,3,3,5,3,5,3,3,3,5,3,5,2,3,5,2,5,3,5,5,3,5,3,5,3,2
183,0,3,2,3,3,3,3,3,3,3,3,3,3,3,3,3,3,3,3,3,3,3,3,3,3,3,3,3,3,3,3,3,3
184,0,3,3,3,3,2,3,5,3,3,3,3,5,2,3,3,3,3,3,3,3,3,5,3,3,3,3,3,3,3,3,3,3
0,1,3,3,3,3,3,3,5,3,3,3,3,3,3,3,3,3,3,3,3,3,3,3,3,5,3,3,3,3,3,3,3,3
1,1,3,3,3,3,3,3,3,3,3,2,3,3,3,3,3,3,5,3,3,3,3,3,3,2,3,3,3,3,3,3,3,2
2,1,3,3,3,3,3,3,3,3,3,3,3,3,3,3,3,3,3,3,3,3,3,3,3,3,3,3,3,3,3,3,3,3
3,1,3,3,3,3,3,3,3,3,3,3,3,3,3,3,3,3,3,3,3,3,3,3,3,3,3,3,3,3,3,3,3,3
4,1,3,3,3,3,3,3,3,3,3,3,3,3,3,3,3,3,3,3,3,3,3,3,3,3,3,3,3,3,3,3,3,3
5,1,3,3,3,3,3,3,3,3,3,3,3,3,3,3,3,3,3,3,3,3,3,3,3,3,3,3,3,3,3,3,3,3
6,1,3,3,3,3,3,3,3,3,3,3,3,3,3,3,3,3,3,3,3,3,3,3,3,3,3,3,3,3,3,3,3,3
7,1,3,3,3,3,3,3,3,3,3,3,3,3,3,3,3,3,3,3,3,3,3,3,3,3,3,3,3,3,3,3,3,3
8,1,3,3,3,3,3,3,3,3,3,3,3,3,3,3,3,3,3,3,3,3,5,3,3,3,3,3,3,3,3,3,3,3
9,1,3,3,3,3,3,3,3,3,3,3,3,3,3,3,3,3,3,3,3,3,3,3,3,3,3,3,3,3,3,3,3,3
10,1,3,3,3,3,3,3,3,3,3,3,3,3,3,3,3,3,3,3,3,3,3,5,3,3,3,3,3,3,5,3,3,3
11,1,3,3,3,3,3,3,3,3,3,3,3,3,3,3,3,3,3,3,3,3,3,3,3,3,3,3,3,3,3,3,3,8
12,1,3,3,3,3,3,3,3,3,3,3,3,3,3,3,3,3,3,3,3,3,3,3,3,3,3,3,3,3,3,3,3,3
13,1,3,3,3,3,3,3,3,3,3,3,3,3,3,3,3,3,3,3,3,3,3,3,3,3,3,3,3,3,3,3,3,3
14,1,3,3,3,3,3,3,3,3,3,3,3,3,3,3,3,3,3,3,3,3,3,3,3,3,3,3,3,3,3,3,3,3
15,1,3,3,3,3,3,3,3,3,3,3,3,3,3,3,3,3,3,3,3,3,7,3,3,3,3,3,3,3,3,3,3,3
16,1,3,3,3,3,5,5,3,3,3,3,3,3,3,3,5,3,3,3,3,3,3,3,3,3,3,3,3,3,3,3,3,3
17,1,3,3,3,3,3,3,3,3,3,3,3,3,3,3,3,3,3,5,3,3,3,3,3,3,3,3,3,3,3,3,3,3
18,1,3,3,3,5,3,3,3,3,3,3,5,3,3,5,3,5,3,3,5,3,3,3,5,3,3,3,3,3,3,3,3,3
19,1,3,3,3,3,3,3,3,3,3,3,3,3,5,3,3,3,3,3,3,3,3,3,3,3,3,3,3,3,3,3,3,3
20,1,3,3,3,3,3,3,3,3,3,3,3,3,3,3,3,3,3,3,3,3,3,3,3,3,3,3,3,3,3,3,3,5
21,1,3,3,3,3,3,3,3,3,3,3,3,3,3,3,3,5,3,3,3,3,3,3,3,3,3,3,3,3,3,3,3,3
22,1,3,3,3,3,3,3,3,3,3,3,3,3,3,3,3,3,3,3,3,3,3,3,3,3,3,3,3,3,3,3,3,3
23,1,3,3,3,3,3,3,3,3,3,3,3,3,3,3,3,3,3,3,3,3,3,3,3,3,3,3,3,3,3,3,3,3
24,1,3,3,3,3,3,3,3,3,3,3,3,3,3,3,3,3,3,3,3,3,3,3,3,3,3,3,3,3,3,5,3,3
25,1,3,3,3,3,3,3,3,3,3,3,3,3,5,3,3,3,3,3,3,3,3,5,3,3,3,3,3,3,5,3,3,3
26,1,3,3,3,3,3,3,3,3,3,3,5,3,3,3,3,3,3,3,3,3,3,3,3,3,3,3,3,3,3,3,3,3
27,1,3,3,3,3,3,3,3,3,3,3,3,3,3,3,3,3,3,3,5,3,3,3,3,3,3,3,3,3,3,3,3,3
28,1,3,3,3,3,3,3,5,3,5,3,3,5,3,2,3,3,3,3,3,3,3,3,2,3,3,3,3,3,3,3,3,3
29,1,3,3,3,3,3,3,3,3,3,2,3,3,2,5,3,3,3,3,2,2,3,3,2,3,2,3,3,3,3,3,3,2
30,1,3,3,3,3,3,3,3,3,3,3,3,3,3,5,2,3,3,3,3,3,2,2,3,3,3,3,3,3,3,3,3,5
31,1,2,2,2,2,2,3,3,2,2,3,3,2,3,3,2,2,3,3,2,3,2,3,2,3,3,2,2,2,3,3,3,3
32,1,2,2,2,2,2,2,2,2,2,2,2,2,2,2,2,2,3,2,2,2,2,2,2,3,3,2,2,2,3,2,3,3
33,1,3,3,3,3,2,2,2,3,2,3,2,3,2,2,3,2,3,2,2,3,2,2,3,2,3,3,3,3,2,3,2,3
34,1,2,3,2,2,2,2,2,2,3,2,2,3,3,2,2,2,3,2,3,2,2,2,2,3,2,2,3,2,3,3,2,2
35,1,2,2,3,2,2,2,3,3,3,2,2,2,3,2,3,2,3,2,2,2,2,3,3,2,2,3,2,3,2,3,2,2
36,1,2,2,2,3,3,2,3,3,2,3,2,3,3,2,3,3,3,3,2,3,3,3,3,3,3,2,2,3,3,3,2,2
37,1,2,2,3,2,2,3,2,3,2,2,2,2,3,3,2,2,2,2,3,2,3,2,2,3,2,2,2,2,3,2,2,2
38,1,2,2,2,2,3,3,3,3,2,2,2,3,2,3,3,2,3,3,2,3,2,3,3,3,2,3,3,3,2,2,2,3
39,1,3,3,3,3,3,2,3,3,3,3,3,3,3,2,2,3,3,3,3,2,2,3,3,3,2,2,3,2,3,2,3,3
40,1,3,3,3,2,2,2,2,3,2,3,3,3,3,2,2,2,2,3,2,3,3,3,3,2,3,2,3,2,3,3,2,3
41,1,2,2,3,2,2,2,2,2,3,2,2,2,2,2,2,2,2,2,2,3,2,3,2,2,2,2,2,2,2,2,2,3
42,1,2,3,3,2,2,3,2,2,2,3,3,3,2,2,2,3,3,2,3,2,2,3,3,3,3,2,3,2,3,2,5,2
43,1,2,3,3,3,2,2,3,7,3,3,2,7,3,3,7,3,3,3,2,2,3,3,3,2,3,2,3,5,3,3,7,3
44,1,2,2,2,3,3,2,2,2,2,2,2,3,2,2,2,2,7,5,2,3,2,2,3,2,2,2,2,2,3,2,2,5
45,1,2,2,3,3,3,2,3,7,3,3,3,3,3,2,3,2,3,2,2,3,3,3,3,3,3,2,3,2,3,2,3,3
46,1,2,3,3,3,2,2,3,2,3,2,7,2,2,3,2,2,2,3,3,2,7,3,2,2,7,2,5,2,2,2,3,2
47,1,2,2,2,2,3,2,2,2,2,2,2,2,2,2,2,2,3,2,2,2,2,2,3,2,2,2,3,2,2,2,2,2
48,1,2,2,2,2,3,2,2,2,2,3,2,2,3,2,2,3,2,2,2,2,2,3,2,3,5,2,2,2,2,2,3,2
49,1,2,2,2,2,2,2,2,2,2,2,2,2,2,3,2,3,2,2,3,2,2,2,2,2,2,2,2,3,2,2,3,2
50,1,2,7,2,3,2,2,2,2,3,3,2,3,2,3,2,2,2,2,2,2,2,2,2,2,3,3,3,2,2,3,2,3
51,1,2,2,2,2,3,2,3,2,2,2,3,3,3,2,2,2,2,2,3,2,2,2,2,2,2,2,2,2,3,2,2,3
52,1,2,2,2,2,3,2,2,2,2,2,2,3,3,2,2,2,2,2,3,3,3,2,2,2,2,2,3,2,3,2,3,2
53,1,2,2,3,2,3,3,3,2,3,2,2,3,3,3,3,2,2,3,2,2,3,3,2,2,2,2,2,2,3,2,3,2
54,1,2,3,2,3,3,2,2,2,2,2,2,2,2,2,2,3,2,3,2,2,2,2,3,2,2,3,3,2,3,2,2,2
55,1,2,3,2,2,2,3,3,2,2,3,2,2,3,2,3,5,2,2,2,2,2,5,2,3,2,3,3,2,2,3,2,2
56,1,2,2,5,2,2,3,2,2,2,2,3,3,2,2,2,2,2,3,5,2,5,2,2,2,2,3,3,3,3,2,5,2
57,1,5,3,5,5,3,3,3,3,5,3,5,3,3,5,5,3,3,5,3,3,5,5,5,3,2,3,3,3,3,3,3,3
58,1,2,3,5,2,3,2,3,2,2,2,5,2,3,2,2,2,2,3,3,2,2,5,5,2,2,3,5,3,3,2,2,2
59,1,2,2,2,3,3,2,2,5,2,2,3,2,2,2,3,2,2,2,2,2,2,3,2,3,5,2,2,3,2,2,5,3
60,1,2,5,5,3,2,5,2,3,3,5,2,3,3,2,2,2,3,2,2,2,3,2,5,2,3,3,2,5,5,3,2,2
61,1,5,3,3,3,5,3,5,3,3,3,5,3,5,2,3,3,3,2,5,3,2,5,2,3,3,3,3,3,3,5,5,5
62,1,3,3,3,3,5,5,3,3,3,5,3,3,5,5,5,3,3,3,3,3,3,3,5,3,3,3,5,3,3,3,3,3
63,1,3,5,3,3,3,3,3,3,3,3,3,3,3,3,5,3,5,5,5,3,3,3,3,3,3,3,3,3,5,3,3,3
64,1,5,5,3,3,5,5,3,3,3,3,5,3,5,3,3,3,3,3,5,5,5,3,3,5,5,3,3,5,5,2,3,3
65,1,3,3,3,5,3,5,5,3,3,3,3,3,5,3,5,5,3,2,3,3,3,3,3,3,3,2,2,2,2,3,3,3
66,1,2,3,3,3,2,3,2,3,2,2,2,2,3,2,2,2,2,2,2,5,2,2,3,2,2,2,2,2,2,2,2,2
67,1,3,3,3,3,3,3,3,3,3,3,3,3,3,3,3,3,3,3,2,3,3,3,3,3,3,3,3,3,3,3,3,3
68,1,3,3,3,3,3,3,3,3,3,3,3,3,3,3,3,3,3,3,3,3,3,3,3,3,3,3,3,3,3,3,3,3
69,1,3,3,3,3,3,3,3,3,3,3,3,3,3,3,3,3,3,3,3,3,3,3,3,3,3,3,3,3,3,3,3,3
70,1,3,3,3,3,3,3,3,3,3,3,3,3,3,3,3,3,3,3,3,3,3,3,3,3,3,3,3,3,3,3,3,3
71,1,3,3,3,3,3,3,3,3,3,3,3,3,3,3,3,3,3,3,3,3,3,3,3,3,3,3,3,3,3,3,3,3
72,1,3,3,3,3,3,3,3,3,3,3,3,3,3,3,3,3,3,3,3,3,3,3,3,3,3,3,3,3,3,3,3,3
73,1,3,3,3,3,3,3,3,3,3,3,3,3,3,3,3,3,3,3,3,3,3,3,3,3,3,3,3,3,3,3,3,3
74,1,3,3,3,3,3,3,3,3,3,3,7,3,3,3,3,3,3,3,3,3,3,3,3,3,3,3,3,3,3,3,3,3
75,1,3,3,3,3,3,3,3,3,3,3,3,3,3,3,3,3,3,3,3,3,3,3,3,3,3,3,3,3,3,3,3,3
76,1,3,3,5,3,3,3,5,3,3,3,3,3,3,3,3,3,3,3,3,3,3,3,3,3,3,3,3,3,3,3,3,3
77,1,3,3,3,3,3,3,3,3,3,3,3,3,3,3,3,3,3,3,3,3,3,3,3,3,3,3,3,3,3,3,3,3
78,1,3,3,3,3,3,3,3,3,3,3,3,3,3,3,3,3,3,3,3,3,3,3,3,3,3,3,3,3,3,5,3,3
79,1,3,3,3,3,3,3,3,3,3,3,3,3,3,3,3,3,3,3,3,3,3,3,3,3,3,3,3,3,3,3,3,3
80,1,3,3,3,3,3,3,3,3,3,3,3,3,3,3,3,3,3,3,3,3,3,3,3,3,3,3,3,3,3,3,3,3
81,1,3,3,3,3,3,3,3,3,3,3,3,3,3,3,3,3,3,3,3,3,3,3,3,3,3,3,3,3,3,3,3,3
82,1,3,3,3,3,2,3,3,2,3,3,3,3,3,3,2,3,3,3,3,3,2,3,3,3,3,3,3,3,3,3,3,3
83,1,3,3,3,3,3,3,3,3,3,3,3,3,3,3,3,3,3,3,3,3,3,3,3,2,3,3,3,3,3,3,3,3
84,1,3,3,3,3,3,3,3,3,3,3,3,3,3,3,3,3,3,3,3,3,3,3,3,3,3,3,3,3,3,3,3,3
85,1,3,3,3,3,3,3,3,3,3,3,3,3,3,3,3,3,3,3,3,3,3,3,3,3,3,5,3,3,3,3,3,3
86,1,3,3,3,3,3,3,3,3,3,3,3,3,3,3,3,3,3,3,3,3,3,3,3,3,3,3,3,3,3,3,3,3
87,1,3,3,3,3,3,3,3,3,3,3,3,3,3,3,3,3,3,3,3,3,3,3,3,3,3,3,3,3,3,3,3,3
88,1,3,3,3,3,3,3,3,3,3,3,3,3,3,3,3,7,8,3,3,3,3,3,3,3,3,3,3,3,3,3,3,3
89,1,3,5,3,3,3,3,5,3,3,3,3,3,5,5,3,5,3,5,3,5,3,3,3,5,3,3,5,3,3,3,3,3
90,1,3,3,3,3,3,3,3,3,3,3,3,3,3,3,3,3,3,3,3,3,3,3,3,3,3,3,3,3,3,3,3,3
91,1,3,3,3,3,3,3,3,3,3,3,3,3,3,3,3,3,3,3,3,3,3,3,3,3,3,3,3,3,3,3,3,3
92,1,3,3,3,3,3,3,3,3,3,3,3,3,3,3,3,3,3,3,3,3,3,3,3,3,3,3,3,3,3,3,3,3
93,1,3,3,3,3,3,3,3,3,3,3,3,3,3,3,3,3,3,3,3,3,3,3,3,3,3,3,3,3,3,3,3,3
94,1,3,3,3,3,5,3,3,2,3,3,3,3,3,3,3,3,3,3,3,3,3,5,3,3,2,3,3,3,3,3,3,3
95,1,3,3,3,3,3,3,3,3,3,3,3,3,3,3,3,3,3,3,3,3,3,3,3,3,3,3,3,3,3,3,3,3
96,1,3,3,3,3,3,3,3,3,3,3,3,3,3,3,3,2,3,3,3,3,3,3,3,3,3,3,3,3,3,3,3,3
97,1,2,2,3,2,2,3,2,2,2,2,2,2,3,2,2,3,2,2,2,2,2,3,3,3,2,2,2,2,2,3,3,2
98,1,2,3,2,2,2,2,2,3,3,3,2,2,3,2,2,2,3,2,2,2,2,3,3,3,2,2,2,2,2,2,3,2
99,1,2,2,3,3,2,2,2,2,2,2,2,2,2,3,2,2,2,3,3,3,2,2,2,2,2,2,2,2,2,2,2,2
100,1,2,3,2,2,2,2,3,2,2,2,2,3,2,2,3,2,2,3,3,2,2,2,2,2,3,2,2,2,3,2,2,2
101,1,2,2,2,2,3,2,2,2,2,2,2,2,3,2,2,2,2,2,2,2,2,2,2,2,2,3,2,3,3,2,2,3
102,1,2,3,2,2,2,2,2,2,2,2,2,2,2,2,3,2,2,2,2,2,2,2,2,2,3,2,2,2,2,2,2,2
103,1,2,3,2,2,2,2,2,2,2,2,2,2,3,2,2,2,2,2,2,2,2,2,2,2,2,2,3,2,2,2,2,3
104,1,2,2,2,2,2,2,2,2,2,2,2,2,2,2,2,2,2,2,2,2,2,2,2,2,2,2,2,2,2,2,2,2
105,1,2,2,3,2,2,3,2,2,3,3,2,2,2,2,3,2,2,2,3,2,2,3,2,3,2,2,3,2,2,2,2,3
106,1,2,2,2,2,2,2,2,2,2,2,2,3,2,2,2,2,2,2,2,2,2,2,2,2,2,2,2,3,2,2,2,2
107,1,2,2,2,2,2,2,2,2,2,2,2,2,3,2,2,2,2,3,2,2,5,3,2,2,2,3,2,2,2,3,3,2
108,1,5,5,2,5,5,2,5,3,2,3,3,3,3,2,2,3,2,2,2,5,2,3,2,2,3,2,2,2,3,5,3,3
109,1,2,2,3,2,2,5,3,2,5,3,3,2,3,3,3,5,2,2,2,2,3,3,3,3,3,2,5,2,2,2,2,3
110,1,2,2,2,2,2,2,2,2,2,2,3,2,2,2,2,2,2,2,2,2,2,5,2,2,5,2,5,2,2,2,2,2
111,1,2,2,2,2,2,2,2,2,2,5,3,2,2,2,2,2,2,2,2,2,2,3,2,2,2,3,2,2,2,2,2,2
112,1,2,2,2,3,3,2,3,3,2,3,2,3,3,2,3,2,2,2,2,2,2,3,2,3,3,3,2,2,3,2,3,2
113,1,2,2,2,3,2,3,3,2,2,2,2,5,2,2,5,2,2,2,3,5,2,2,2,2,2,2,2,2,2,2,3,2
114,1,2,2,3,3,2,2,2,2,3,2,3,3,2,2,2,3,3,3,2,2,2,2,3,5,2,3,3,3,2,2,3,2
115,1,2,2,3,2,3,3,2,3,3,2,2,2,3,2,3,1,2,2,3,3,3,2,2,2,2,3,2,2,2,2,3,2
116,1,2,2,3,5,2,2,3,2,2,3,3,3,3,2,3,2,3,3,2,3,3,2,2,2,2,3,2,3,2,2,2,2
117,1,2,3,2,3,3,2,2,3,2,2,2,2,3,2,2,2,2,2,3,3,2,2,2,2,2,2,2,2,3,3,2,2
118,1,2,2,2,2,2,2,3,2,3,3,2,3,2,2,2,3,2,2,2,3,2,2,2,2,2,2,2,2,2,3,2,2
119,1,2,3,3,3,3,2,3,3,2,3,3,3,3,2,2,2,3,3,2,2,3,2,3,2,3,2,2,3,2,5,2,3
120,1,2,3,3,3,3,2,3,3,2,3,3,3,3,3,2,3,3,2,3,3,3,3,2,5,3,3,3,2,2,3,2,3
121,1,2,3,2,3,3,3,3,3,2,3,3,2,3,3,2,2,2,3,2,3,3,2,3,3,3,3,3,3,3,3,3,3
122,1,2,2,2,3,2,3,3,2,3,2,2,2,2,2,2,2,3,2,2,3,2,3,2,2,2,2,2,2,3,2,3,2
123,1,2,3,2,3,3,3,2,3,3,3,2,2,3,3,3,3,2,3,3,2,2,3,2,3,3,3,3,3,2,3,3,3
124,1,3,3,3,3,3,3,2,3,3,3,3,3,3,2,3,3,3,3,3,3,3,2,3,3,3,3,3,3,3,3,3,2
125,1,3,3,3,3,3,3,3,2,3,3,3,3,3,3,3,3,3,3,3,2,3,3,3,3,3,3,3,3,3,3,3,3
126,1,3,3,3,3,3,3,3,3,3,3,3,3,3,3,3,3,3,8,3,3,3,3,3,3,3,3,3,3,3,3,3,3
127,1,3,3,3,3,3,3,3,3,3,3,3,3,3,3,3,3,3,3,3,3,3,3,3,3,3,3,3,3,3,3,3,3
128,1,3,3,3,3,3,3,3,3,3,3,3,3,3,3,3,3,3,3,3,3,3,3,3,3,3,3,3,3,3,3,3,3
129,1,3,3,3,3,3,3,3,3,3,3,3,3,3,3,3,3,3,3,3,3,3,3,3,3,3,3,3,3,3,3,3,3
130,1,3,3,3,3,3,3,3,3,3,3,3,3,3,3,3,3,3,3,3,3,3,3,3,3,3,3,3,3,3,3,3,3
131,1,3,3,3,3,3,3,3,3,3,3,3,3,3,3,3,3,3,3,3,3,3,3,3,3,3,3,3,3,3,3,3,3
132,1,3,3,3,3,3,3,3,3,3,3,3,3,3,3,3,3,3,3,3,3,3,3,3,3,3,3,3,3,3,3,3,3
133,1,3,3,3,3,3,3,3,3,3,3,3,3,3,3,3,3,3,3,3,3,3,3,3,3,3,3,3,3,3,3,3,3
134,1,3,3,3,3,3,3,3,3,3,3,3,3,3,3,3,3,3,3,3,3,3,3,3,3,3,3,3,3,3,3,3,3
135,1,3,3,3,3,3,3,3,3,3,3,3,3,3,3,3,3,3,3,3,3,3,3,3,3,3,3,3,3,3,3,2,3
136,1,3,3,3,3,3,3,3,3,3,3,3,3,3,3,3,3,3,3,3,3,3,3,3,3,3,3,3,3,3,3,3,3
137,1,3,3,3,3,3,3,3,3,3,3,3,3,3,3,3,3,3,3,3,3,3,3,3,3,3,3,3,3,3,3,3,3
138,1,3,3,3,3,3,3,3,3,3,3,3,3,3,3,3,3,3,3,3,3,3,3,3,3,3,3,3,3,3,3,3,3
139,1,3,3,3,3,3,3,3,3,5,3,3,3,3,3,3,3,3,3,3,3,3,3,3,3,3,3,3,3,3,3,3,3
140,1,3,3,3,3,3,3,3,3,3,3,3,3,3,3,3,3,3,3,3,3,3,3,3,3,3,3,3,3,3,3,3,3
141,1,3,3,3,3,3,3,3,3,3,3,3,3,3,3,3,3,3,3,3,3,3,3,3,3,3,3,3,3,3,3,3,3
142,1,3,3,3,3,3,3,3,3,3,3,5,3,3,3,3,3,3,3,3,3,3,3,3,3,3,3,3,3,3,3,3,3
143,1,5,3,3,5,3,5,5,3,3,3,3,3,3,2,5,3,3,3,3,3,3,3,3,3,3,3,3,3,3,3,3,3
144,1,3,3,5,3,3,3,3,3,5,3,7,5,3,3,3,3,5,5,5,3,5,5,5,3,5,5,3,7,3,5,3,3
145,1,5,5,5,5,3,5,3,5,5,3,5,5,5,5,5,5,3,5,5,5,5,2,3,5,5,5,5,5,5,5,5,5
146,1,5,5,3,5,5,5,5,5,5,5,5,5,5,5,5,5,5,5,5,5,5,5,5,5,5,5,5,5,5,5,5,5
147,1,5,5,5,5,5,5,5,5,5,5,5,5,5,5,5,5,5,7,5,5,5,5,5,5,5,4,3,5,5,3,5,5
148,1,5,3,5,3,3,5,5,5,3,5,3,5,5,5,3,2,5,5,3,3,5,5,3,2,5,5,5,5,3,3,3,5
149,1,5,3,5,2,5,5,3,3,5,2,2,5,5,5,5,5,5,5,3,3,3,5,3,5,2,3,3,7,3,5,5,3
150,1,5,5,5,5,5,5,3,5,3,5,5,5,2,5,3,3,5,5,5,5,5,3,5,5,5,5,5,3,5,5,5,2
151,1,5,3,3,5,5,5,5,5,5,5,5,5,5,5,5,5,4,5,5,5,5,5,3,5,5,5,2,5,8,5,5,3
152,1,5,5,5,3,5,3,5,5,2,3,5,3,5,3,5,3,2,5,5,2,5,2,5,5,3,2,5,5,5,5,5,2
153,1,5,2,5,3,5,5,5,5,5,3,5,5,5,5,5,5,5,5,2,4,5,5,5,3,3,5,2,5,5,3,5,5
154,1,5,5,5,5,5,5,5,5,5,5,5,5,5,5,5,5,5,5,5,5,5,2,5,2,5,0,3,5,5,5,5,3
155,1,5,5,5,5,5,5,5,3,5,5,5,5,5,5,3,5,5,5,5,5,5,5,3,5,5,5,5,5,5,5,3,5
156,1,5,5,5,5,5,5,5,5,5,3,5,3,5,5,2,5,5,5,2,5,5,2,5,5,5,5,5,5,5,5,5,5
157,1,2,2,2,5,5,5,5,5,5,2,5,5,2,2,5,3,5,3,2,3,5,5,5,5,5,5,3,5,5,2,3,2
158,1,2,5,2,2,2,5,5,2,2,2,2,2,3,2,5,2,5,2,3,2,2,2,2,2,2,2,2,2,5,2,2,5
159,1,2,2,2,2,2,5,2,2,2,2,2,5,2,3,5,3,3,2,2,3,2,2,2,2,5,5,3,2,5,3,2,2
160,1,5,2,3,2,5,5,5,2,5,5,5,3,5,3,7,5,3,2,2,3,2,3,5,5,3,5,5,5,5,2,5,3
161,1,2,2,2,2,2,2,3,2,2,2,3,2,2,2,2,3,2,3,2,2,5,2,2,2,5,2,2,2,2,3,2,2
162,1,2,2,5,5,2,3,2,2,3,2,3,5,2,5,3,3,5,2,2,2,5,5,3,2,2,2,3,5,2,2,7,2
163,1,2,5,3,3,5,2,3,5,3,3,2,3,2,5,2,5,5,5,2,2,5,3,3,5,5,3,3,3,5,5,2,5
164,1,5,2,5,5,5,5,5,5,2,5,5,5,5,3,2,3,5,5,5,3,2,2,5,3,5,2,3,5,3,5,2,5
165,1,5,2,3,2,5,5,5,5,3,5,5,5,2,5,5,5,3,5,5,2,2,2,2,5,5,2,5,5,2,5,2,5
166,1,5,5,3,5,2,2,5,5,5,5,5,5,5,2,2,5,2,2,2,5,5,5,2,5,2,5,5,3,3,5,5,5
167,1,2,2,5,2,3,5,2,5,2,5,5,5,2,5,2,5,2,5,3,5,5,2,2,2,2,2,2,5,5,3,2,2
168,1,5,5,5,5,3,5,5,5,3,3,5,5,5,5,5,3,3,5,5,5,3,5,5,5,2,5,5,5,2,5,5,5
169,1,2,2,3,2,2,5,3,2,3,2,2,2,5,2,5,2,2,2,2,2,2,2,5,2,2,2,2,5,2,5,5,2
170,1,2,2,2,2,2,2,2,2,5,2,2,5,5,2,2,2,2,5,3,2,3,5,2,5,2,2,2,2,5,2,2,5
171,1,2,2,2,2,2,2,2,2,2,2,2,2,3,2,2,2,2,2,2,2,2,2,2,2,2,2,2,2,2,2,2,5
172,1,2,2,2,2,2,2,2,2,2,3,2,2,5,2,2,2,2,2,2,2,2,2,2,2,2,2,2,2,2,2,2,2
173,1,2,2,2,5,2,2,2,2,2,2,2,2,2,2,2,2,2,2,2,2,5,2,3,3,2,2,2,2,2,2,2,3
174,1,3,3,3,3,3,3,2,2,5,3,3,3,3,3,3,2,2,5,2,2,3,5,5,3,2,3,3,3,5,3,3,3
175,1,3,5,3,3,5,3,2,2,2,2,5,3,5,5,3,3,3,3,5,3,3,5,2,3,5,3,2,3,3,2,3,5
176,1,3,3,3,3,3,3,3,5,3,3,5,3,3,3,3,5,3,5,3,3,3,3,3,5,3,5,2,2,3,3,3,3
177,1,5,5,3,2,5,3,5,3,2,3,5,5,5,3,5,2,5,5,3,5,5,2,2,5,3,5,2,3,5,2,2,3
178,1,2,2,2,5,2,2,2,5,2,2,2,5,2,3,2,2,2,2,3,2,2,2,3,2,2,2,2,3,2,2,3,2
179,1,2,2,3,3,2,2,3,2,3,2,2,5,2,3,2,2,5,2,2,2,2,2,2,3,2,2,3,5,5,2,5,2
180,1,2,2,3,2,3,2,2,3,2,2,3,2,3,2,2,2,2,3,2,2,2,2,2,2,3,3,3,2,3,2,2,3
181,1,2,3,2,3,2,2,3,2,3,2,3,3,2,3,2,2,5,2,2,2,3,5,2,2,2,2,2,2,2,2,2,2
182,1,2,2,3,2,2,2,2,2,2,2,2,2,2,3,3,2,5,2,2,2,2,5,2,2,2,2,3,2,3,2,2,2
183,1,2,3,2,2,2,2,2,2,3,3,2,2,3,2,2,3,2,3,3,2,5,2,5,2,2,2,2,3,2,2,2,2
184,1,2,2,2,2,2,2,3,2,2,5,2,2,2,2,2,3,2,2,2,2,2,2,2,2,2,5,2,2,2,2,2,5
0,2,2,2,2,3,2,2,2,2,2,2,2,2,2,2,2,2,2,2,2,2,2,2,2,2,2,2,2,2,2,2,2,2
1,2,2,2,5,2,2,2,3,2,2,2,2,3,2,2,3,2,3,2,5,2,3,2,2,2,2,2,2,3,2,2,2,2
2,2,2,2,2,2,2,2,5,2,3,2,2,2,2,2,2,2,2,5,2,5,2,2,3,5,2,2,2,2,2,2,2,2
3,2,2,2,2,2,2,2,2,2,2,2,2,3,2,2,2,2,2,8,2,2,2,2,2,2,2,2,2,2,5,2,2,2
4,2,2,2,2,2,3,2,2,2,2,2,2,2,2,2,2,2,2,2,2,2,2,2,2,2,2,2,2,3,2,2,2,2
5,2,2,2,1,5,2,2,2,2,3,2,2,2,2,2,2,3,2,2,2,2,2,2,2,2,2,2,2,2,2,2,2,2
6,2,2,2,3,2,2,2,2,3,3,2,3,2,2,2,2,2,2,2,5,2,2,2,2,3,2,2,2,2,2,3,3,2
7,2,2,3,2,3,2,2,1,3,2,2,2,2,2,2,2,2,2,2,2,3,2,2,3,2,3,3,2,2,2,2,2,2
8,2,2,2,2,2,3,3,2,2,2,2,2,3,3,3,3,3,2,2,2,2,2,3,2,2,3,2,1,3,2,2,2,2
9,2,2,3,2,2,5,2,2,2,2,2,2,3,2,2,2,2,2,2,2,2,2,2,2,3,5,2,2,2,2,2,2,2
10,2,2,2,2,2,2,2,2,3,2,5,5,2,2,1,2,3,2,2,2,2,2,2,2,3,2,2,3,2,3,3,2,2
11,2,2,2,2,2,2,3,2,2,3,3,2,2,5,3,2,2,2,2,2,2,2,3,2,2,3,2,2,2,2,2,5,2
12,2,2,2,3,2,2,2,2,2,2,2,2,3,2,2,2,1,2,2,2,2,2,2,2,2,2,2,2,2,2,2,2,2
13,2,2,2,2,2,3,2,2,2,2,2,2,2,2,2,3,2,2,2,2,3,2,3,2,2,2,2,2,2,2,3,2,2
14,2,2,2,2,3,2,2,2,2,2,2,2,2,2,2,2,2,3,2,2,2,2,2,5,3,2,2,2,2,2,2,2,2
15,2,2,2,2,2,2,2,2,2,2,2,2,2,2,2,6,2,2,2,5,2,2,2,3,2,2,2,2,2,2,2,2,2
16,2,2,2,2,2,2,2,2,2,2,2,2,2,2,2,2,2,2,5,2,2,2,2,2,2,2,2,2,2,3,2,2,2
17,2,2,3,2,2,2,2,2,2,2,2,2,2,2,2,2,2,2,2,2,3,2,2,2,2,2,2,2,2,2,2,2,2
18,2,2,2,2,2,2,5,2,2,2,2,2,2,2,2,2,2,2,5,2,2,2,2,2,2,2,2,2,2,2,2,5,2
19,2,2,3,2,2,2,2,2,2,2,2,5,2,2,2,2,2,2,2,2,2,2,2,2,2,2,2,2,2,2,3,2,2
20,2,2,2,2,2,2,2,2,2,2,3,2,2,2,2,2,2,2,2,2,2,2,2,2,2,2,2,2,2,2,2,2,2
21,2,2,2,2,2,2,2,2,2,2,2,2,2,2,2,2,2,2,2,2,2,8,2,2,2,2,2,2,2,5,2,2,2
22,2,3,3,2,3,3,3,3,3,3,3,3,3,3,3,3,5,3,3,3,3,3,3,2,5,3,3,3,3,3,3,5,3
23,2,3,3,3,3,5,5,5,3,3,3,3,3,3,3,3,3,3,3,3,3,3,3,3,3,3,3,3,3,3,3,3,3
24,2,5,5,5,2,5,5,3,5,5,5,5,5,5,5,2,5,5,5,5,5,5,5,5,5,5,5,5,2,5,3,5,3
25,2,5,5,5,5,5,5,5,5,5,5,3,5,5,5,5,5,5,5,5,5,3,5,5,5,5,3,3,5,2,5,3,5
26,2,5,5,3,3,3,2,3,3,3,5,5,5,3,3,3,2,3,5,3,3,5,5,3,3,5,3,3,3,5,3,5,5
27,2,3,3,3,3,2,3,3,3,3,3,5,5,3,3,5,3,3,5,3,3,3,5,2,3,3,5,3,3,2,5,3,3
28,2,5,5,5,5,5,3,5,3,5,5,5,5,5,5,5,5,3,5,5,5,3,5,5,5,3,3,5,3,3,3,5,5
29,2,3,8,5,5,3,5,5,3,3,5,5,5,3,3,3,5,3,3,3,3,5,3,3,3,5,5,5,3,5,3,5,5
30,2,3,3,3,3,3,5,3,3,3,3,3,3,3,3,3,3,3,3,3,3,3,3,5,3,3,5,3,3,3,3,3,3
31,2,3,3,5,3,3,5,3,3,3,3,3,3,3,3,3,3,3,3,3,3,3,3,3,3,3,3,3,3,3,5,3,3
32,2,3,3,3,3,5,3,3,3,3,3,3,3,3,3,3,3,3,3,3,3,3,3,3,3,3,3,3,3,3,3,3,3
33,2,3,3,2,3,3,3,3,3,3,3,3,3,3,3,3,3,3,3,3,3,3,3,3,3,3,3,3,3,3,3,3,3
34,2,3,3,3,3,3,3,3,3,3,3,3,3,3,3,3,3,3,3,3,3,3,3,3,3,3,2,3,2,3,3,3,3
35,2,3,3,3,3,5,3,5,3,3,3,5,5,5,5,3,5,5,5,3,3,3,5,3,5,5,3,5,3,3,3,5,3
36,2,5,3,5,5,3,5,3,3,3,3,2,3,3,3,3,3,2,2,2,3,5,3,3,3,3,3,3,5,3,3,5,5
37,2,5,5,5,5,3,2,3,3,3,5,5,3,5,5,3,5,5,5,5,5,5,3,5,5,3,5,3,3,3,5,5,5
38,2,5,3,5,5,5,5,2,3,3,3,5,3,5,3,5,3,2,5,5,5,3,5,5,3,3,5,3,2,2,5,5,3
39,2,3,5,3,5,3,5,5,3,3,5,3,3,5,3,3,3,3,3,5,5,3,5,5,5,3,3,5,3,3,3,3,3
40,2,3,3,3,3,5,3,5,3,3,5,3,3,3,5,2,3,2,2,5,5,3,2,5,3,3,3,5,3,5,3,3,5
41,2,3,3,3,3,3,3,3,2,3,3,5,2,3,3,3,3,3,3,3,2,3,3,3,3,2,3,3,3,5,3,3,3
42,2,3,2,3,5,3,3,3,3,3,3,3,3,2,3,3,5,2,3,3,3,3,3,3,3,3,3,2,3,3,3,2,3
43,2,3,3,2,3,2,5,2,2,3,3,3,3,3,3,2,3,5,3,3,3,2,2,3,3,3,3,2,2,3,3,5,3
44,2,3,3,3,3,3,3,3,3,3,3,3,3,3,3,3,3,3,3,3,3,3,3,2,3,3,2,3,3,3,3,3,3
45,2,2,2,2,2,2,3,2,3,3,3,2,2,3,3,3,2,3,3,3,2,2,2,2,2,3,3,3,2,2,2,2,3
46,2,2,3,3,2,2,3,7,2,2,3,3,2,3,2,2,2,3,2,3,3,3,2,2,3,3,2,3,3,3,2,2,2
47,2,3,2,3,3,3,3,5,2,3,3,3,2,3,3,3,5,5,2,2,2,2,2,2,3,3,3,2,2,3,3,3,3
48,2,3,3,2,3,3,3,2,3,5,2,3,3,3,2,3,7,2,3,3,2,3,7,2,3,3,3,3,3,3,3,3,3
49,2,2,2,2,2,2,2,3,2,2,2,2,2,3,5,3,3,2,3,2,3,5,2,3,5,2,2,2,2,2,3,2,3
50,2,3,2,3,3,2,3,3,3,3,3,3,2,3,2,3,3,3,3,2,2,3,3,3,2,2,3,3,3,3,3,3,2
51,2,3,3,3,3,5,3,3,2,3,3,3,3,3,3,2,3,3,3,2,3,3,3,3,3,3,3,3,2,3,3,3,2
52,2,3,3,3,3,3,3,3,3,3,3,3,3,3,3,3,3,3,5,3,3,3,3,3,3,3,3,3,3,3,3,3,3
53,2,3,3,3,3,3,3,3,3,3,3,3,3,3,3,3,3,3,3,3,3,3,3,3,1,3,3,3,3,3,3,3,3
54,2,3,3,3,3,3,3,3,3,3,3,3,3,3,3,3,3,3,3,3,3,3,3,3,3,3,3,3,3,3,3,3,3
55,2,3,3,3,3,3,3,3,3,2,3,3,3,3,3,3,3,3,3,3,3,3,3,3,3,3,3,3,3,3,3,3,3
56,2,3,3,3,3,3,3,3,3,3,3,3,3,3,3,3,3,3,3,3,3,3,3,3,3,3,3,3,3,3,3,3,3
57,2,3,3,3,3,3,3,3,3,3,3,3,3,3,3,3,2,3,3,3,2,3,3,3,3,3,3,3,3,3,3,3,3
58,2,3,3,3,2,3,3,3,3,3,3,3,3,3,3,3,3,3,3,3,3,3,3,3,3,2,3,3,3,3,2,2,3
59,2,2,3,3,3,3,3,3,2,2,2,2,2,2,3,2,2,3,2,2,2,2,3,2,2,2,2,3,3,2,3,3,2
60,2,2,3,2,2,3,3,2,2,3,2,3,2,3,2,2,2,3,2,2,2,2,2,2,2,2,2,2,2,3,3,2,2
61,2,2,2,2,2,2,2,2,2,2,2,2,3,3,2,2,2,3,2,2,2,2,2,2,2,2,2,2,2,3,3,3,3
62,2,2,3,2,3,2,3,2,2,3,2,3,2,3,2,2,2,3,3,3,2,3,3,2,3,2,3,2,3,2,3,3,2
63,2,2,3,3,3,5,2,3,3,3,3,3,3,3,3,3,3,3,3,3,3,2,3,3,2,3,3,3,2,3,2,3,3
64,2,3,3,3,3,3,3,3,3,2,3,3,3,3,3,3,3,3,2,3,3,3,2,2,3,3,3,3,3,3,3,2,3
65,2,3,3,3,3,3,3,3,2,3,2,3,3,3,3,3,3,2,3,3,3,3,3,3,2,2,3,3,3,3,2,2,3
66,2,2,3,2,2,2,2,3,3,3,2,2,3,3,3,3,3,3,2,2,3,2,3,2,3,2,3,2,3,3,5,3,3
67,2,3,2,3,3,3,3,3,2,3,3,2,3,3,3,3,2,3,3,3,3,2,3,3,2,2,3,2,2,3,3,3,2
68,2,3,3,3,3,3,3,3,3,5,3,3,3,3,3,3,3,3,3,3,5,7,3,3,5,3,5,3,3,3,3,5,3
69,2,3,3,3,3,3,3,3,3,3,3,3,3,3,3,3,3,3,5,3,3,3,3,3,3,3,3,3,3,3,3,3,3
70,2,3,3,3,3,3,3,3,3,3,3,3,3,3,3,3,3,5,5,3,3,5,3,3,5,3,3,3,3,5,3,5,3
71,2,3,3,5,3,5,3,3,3,3,3,3,3,3,3,3,3,3,1,3,3,3,3,3,3,3,3,3,3,3,3,3,3
72,2,3,3,5,3,3,3,3,3,3,3,3,3,3,3,5,3,3,3,3,3,3,5,3,3,3,3,3,3,3,3,3,3
73,2,3,3,5,3,3,3,3,3,3,3,3,3,3,3,3,3,3,3,3,3,3,5,3,3,3,3,3,3,3,3,3,3
74,2,3,3,3,3,3,3,3,3,3,3,3,3,3,5,3,3,3,3,3,3,3,3,3,3,3,3,3,3,3,3,3,3
75,2,3,3,3,3,3,3,3,3,3,3,3,3,3,3,3,3,3,3,3,3,3,3,3,3,3,3,3,3,3,3,3,3
76,2,3,3,3,3,5,3,3,3,3,3,3,3,3,3,3,3,3,3,3,3,5,5,3,3,2,3,5,3,3,3,5,5
77,2,3,3,3,3,3,3,2,5,3,3,3,2,3,3,2,3,5,5,3,5,3,3,3,5,5,5,3,3,3,3,3,3
78,2,5,3,3,5,2,5,5,3,3,3,3,5,3,5,5,3,5,3,5,3,3,3,3,5,5,3,2,3,3,3,5,5
79,2,5,5,5,3,2,5,5,5,2,5,5,2,5,5,5,5,3,5,2,3,2,3,3,2,5,3,3,5,5,5,2,5
80,2,5,3,5,3,2,5,5,3,5,5,2,5,5,2,2,2,2,5,3,5,2,5,2,2,5,5,3,2,5,5,2,2
81,2,2,3,2,2,2,2,2,2,2,2,3,3,2,2,2,2,2,2,2,2,5,2,2,2,3,2,2,2,3,2,2,3
82,2,2,5,5,2,2,5,5,2,3,5,2,2,3,2,5,2,2,5,2,5,3,2,3,3,2,2,3,3,3,2,5,5
83,2,2,3,5,3,5,2,3,2,3,3,5,3,2,3,5,2,5,2,5,3,2,2,5,2,2,2,2,5,3,5,2,5
84,2,5,3,2,5,5,2,3,2,2,5,2,2,2,3,5,3,2,2,3,3,2,2,5,5,5,2,5,3,5,2,5,2
85,2,5,2,5,5,5,2,5,5,5,5,5,5,2,2,5,5,2,5,2,5,5,5,5,5,2,2,2,5,3,5,5,5
86,2,5,5,2,5,3,2,5,3,3,2,5,2,5,3,5,5,5,2,5,2,2,5,3,5,3,5,3,1,2,5,3,3
87,2,3,2,3,2,3,3,5,5,3,3,3,2,2,5,3,3,3,3,3,3,3,5,3,5,3,3,3,3,3,2,3,3
88,2,5,5,3,5,5,5,5,5,2,3,2,5,5,8,5,3,5,5,5,5,3,3,5,5,3,5,5,5,5,5,3,5
89,2,2,2,3,2,2,5,2,2,5,2,2,2,3,2,5,2,3,2,5,2,2,2,2,5,2,3,5,2,5,2,5,2
90,2,5,2,5,2,5,3,5,2,5,5,2,5,5,2,5,5,5,2,5,5,5,2,5,5,5,3,2,2,5,5,5,3
91,2,2,5,2,2,2,2,2,2,2,5,3,5,2,3,5,3,2,2,2,2,2,2,2,2,2,2,2,2,5,2,3,5
92,2,5,5,5,5,5,5,5,5,5,5,5,5,5,3,5,5,5,5,5,5,5,5,5,3,5,5,5,5,5,5,5,5
93,2,5,3,3,5,2,5,5,3,5,5,5,2,5,5,5,2,3,5,5,3,5,3,3,5,5,3,3,3,5,5,5,5
94,2,5,3,5,5,5,2,5,5,5,5,3,5,2,5,5,5,2,5,5,3,5,5,5,5,2,2,5,5,5,5,5,2
95,2,5,2,3,2,3,5,5,5,2,5,5,3,5,5,2,5,5,2,5,5,2,5,3,2,3,5,2,5,5,5,2,5
96,2,5,5,5,5,3,5,5,3,5,5,5,5,3,5,5,3,3,5,5,5,5,5,5,5,5,5,5,5,5,3,5,5
97,2,5,5,5,5,5,5,5,5,3,5,5,5,5,5,5,5,5,5,5,5,5,5,5,5,2,5,5,3,5,5,3,5
98,2,5,5,5,3,5,5,5,5,5,5,2,5,5,5,5,5,5,5,5,5,5,5,3,5,5,5,5,5,5,5,5,2
99,2,5,5,5,5,5,5,5,5,5,5,5,5,5,5,5,5,5,5,5,5,5,3,5,5,5,3,3,5,5,5,3,5
100,2,5,5,5,3,5,5,5,5,3,5,5,5,5,5,3,5,5,5,5,5,5,5,5,5,5,5,5,5,5,5,5,3
101,2,5,5,5,5,5,5,5,3,5,5,5,3,5,5,5,5,5,5,5,5,5,5,5,5,5,5,5,5,5,5,5,3
102,2,5,5,5,5,5,5,2,5,5,5,5,2,5,5,5,5,5,5,5,5,5,5,5,3,5,5,5,5,2,5,5,5
103,2,5,5,5,5,5,5,5,3,3,5,5,5,5,5,3,5,5,2,5,5,5,5,5,5,5,5,2,5,5,3,5,5
104,2,5,5,5,5,5,5,5,5,3,5,5,5,5,5,5,5,2,5,3,5,5,2,3,5,5,5,5,5,5,5,3,5
105,2,5,3,5,5,5,5,5,3,3,5,5,5,5,5,5,2,5,5,5,5,5,3,5,5,3,5,5,5,5,3,5,3
106,2,5,5,5,5,5,5,5,5,5,3,3,5,5,5,5,5,5,5,3,5,5,5,5,5,5,5,5,5,5,5,5,5
107,2,5,5,5,5,3,5,5,5,5,5,5,5,5,5,5,3,5,5,3,5,5,5,5,5,3,3,5,5,5,5,5,5
108,2,5,5,5,5,3,8,5,3,3,5,5,5,5,3,3,5,3,5,3,3,3,5,3,5,5,5,5,3,5,5,3,5
109,2,5,5,2,5,5,3,5,5,3,5,5,5,5,5,5,5,5,5,5,5,5,5,5,3,5,5,2,5,5,5,5,5
110,2,5,5,5,3,5,5,5,5,5,5,5,5,5,3,3,5,5,5,3,5,3,5,5,5,3,5,5,5,3,3,5,5
111,2,5,5,5,5,5,5,5,5,5,5,5,5,5,5,5,5,5,5,3,5,2,5,8,3,5,5,5,5,3,3,5,5
112,2,5,5,5,3,5,5,5,5,7,5,5,5,5,5,5,5,5,5,5,5,5,5,5,5,5,5,5,5,5,5,5,3
113,2,5,5,5,5,5,5,5,2,5,5,5,5,5,5,5,5,5,3,5,5,5,5,5,5,5,5,5,5,5,5,5,5
114,2,5,5,5,5,5,5,5,5,5,5,5,5,5,5,5,5,5,5,5,5,3,5,5,5,5,5,5,3,5,5,5,5
115,2,5,5,5,5,5,5,5,5,5,5,5,5,5,5,5,5,5,3,2,5,5,3,2,3,5,5,5,3,5,5,7,5
116,2,5,5,5,5,5,5,5,5,5,5,5,5,5,5,5,5,5,5,5,5,5,5,5,5,5,5,5,5,5,5,5,3
117,2,5,5,3,5,5,5,5,3,5,5,5,5,3,5,5,5,5,5,3,5,5,5,5,5,5,5,5,2,5,5,5,5
118,2,5,5,5,3,5,5,5,5,5,5,5,5,5,5,5,5,5,5,2,5,5,5,5,5,3,5,5,5,5,5,5,5
119,2,5,5,5,5,5,5,5,2,5,5,5,5,5,5,5,3,5,3,5,5,5,5,5,5,5,5,5,3,5,5,3,5
120,2,5,5,5,2,5,5,5,5,5,2,5,5,5,5,5,5,5,5,5,5,5,5,5,5,5,5,5,5,5,5,5,5
121,2,5,5,3,2,5,2,5,5,5,5,5,3,5,5,5,5,5,2,2,5,2,5,5,5,5,5,5,2,5,2,5,5
122,2,2,2,2,3,3,3,2,3,5,2,5,5,5,5,2,2,5,2,2,2,2,2,3,5,2,2,3,2,5,2,3,5
123,2,2,2,2,5,2,3,2,3,5,2,5,5,5,3,2,3,5,5,2,2,5,2,2,2,2,2,2,5,2,5,5,1
124,2,2,2,2,2,3,5,3,5,2,2,5,2,2,2,5,2,2,2,5,5,2,5,2,2,3,2,2,2,2,3,5,2
125,2,3,3,2,3,2,2,3,2,3,2,3,3,3,5,2,2,2,3,3,3,3,3,3,3,2,2,2,3,2,2,5,3
126,2,3,3,3,3,3,3,3,2,2,3,3,3,2,3,2,3,3,3,2,3,3,3,2,3,5,2,2,2,3,3,3,3
127,2,2,2,3,2,2,3,3,2,3,3,2,3,3,3,2,3,3,2,3,2,3,3,2,2,2,3,3,2,2,5,2,2
128,2,3,3,3,3,3,3,3,3,3,3,3,3,3,3,3,3,3,3,3,3,3,3,3,3,3,3,2,3,3,3,3,3
129,2,3,3,3,3,2,3,3,3,3,3,3,2,3,3,3,3,3,3,3,3,3,3,3,3,3,3,3,3,3,3,3,3
130,2,3,3,3,3,3,3,3,3,3,3,3,3,3,3,3,3,3,3,3,3,3,3,3,3,3,3,3,3,3,3,3,3
131,2,3,3,3,3,3,3,3,3,3,3,3,3,3,3,3,3,3,3,3,3,3,3,3,3,3,3,3,3,3,3,3,3
132,2,3,3,3,3,3,3,3,3,3,3,3,3,3,3,3,3,3,3,3,3,3,3,2,3,3,3,3,3,3,3,3,3
133,2,3,3,3,3,3,3,3,3,3,3,3,3,3,3,3,3,3,3,3,3,3,3,3,3,3,3,3,3,3,3,3,3
134,2,3,3,3,3,3,3,3,3,3,3,3,3,3,2,3,3,3,3,3,3,3,3,3,3,3,3,3,3,3,3,3,3
135,2,3,3,3,3,3,3,3,3,3,3,3,3,5,3,3,3,3,3,3,3,3,3,3,3,3,5,3,3,3,3,3,3
136,2,3,3,3,3,3,3,3,3,3,3,3,3,3,3,3,3,3,3,3,3,3,3,3,3,3,3,3,3,3,3,3,3
137,2,3,3,3,3,3,3,3,3,3,3,3,3,3,3,3,3,3,3,3,3,3,3,3,3,3,3,3,3,3,3,3,3
138,2,3,3,3,3,3,3,3,3,3,3,3,3,3,3,3,3,3,3,3,3,3,3,3,3,3,3,3,3,3,3,3,3
139,2,3,3,3,3,3,3,3,3,3,3,3,3,3,3,3,3,3,3,3,3,3,3,3,3,3,3,3,3,3,3,3,3
140,2,3,3,3,3,3,3,3,3,3,3,3,3,3,3,3,2,3,3,3,3,3,3,3,3,3,3,3,3,3,3,7,3
141,2,3,3,3,3,3,3,3,3,3,3,3,3,3,3,3,3,3,3,3,3,3,3,3,3,3,3,3,3,3,3,2,3
142,2,3,3,3,3,2,3,3,3,3,3,3,3,3,3,3,3,3,3,2,3,3,3,3,3,3,3,3,3,3,3,3,3
143,2,2,2,2,3,2,2,2,2,2,2,2,2,2,2,2,2,2,2,2,2,2,3,3,2,2,2,2,2,2,2,2,2
144,2,3,3,3,3,3,3,3,3,3,3,3,3,3,3,3,3,3,3,3,3,3,3,3,3,3,3,3,3,3,3,3,3
145,2,3,3,3,3,3,3,3,3,3,3,3,3,3,3,3,3,3,3,3,3,3,3,3,3,3,3,3,3,3,3,3,3
146,2,3,3,3,3,3,3,3,3,3,3,3,3,3,3,3,3,3,3,3,3,3,3,3,3,3,3,3,3,3,5,3,3
147,2,3,3,3,3,3,3,3,5,3,3,3,3,3,3,3,3,3,3,3,3,3,3,3,3,3,3,3,3,3,3,3,3
148,2,3,3,3,3,3,3,3,3,3,3,3,3,3,3,3,3,3,3,3,3,3,3,3,3,3,3,3,3,3,3,3,3
149,2,3,3,3,3,3,3,3,3,3,3,3,3,3,3,3,3,3,3,3,3,3,3,3,3,3,3,3,3,3,3,3,3
150,2,3,3,3,3,3,3,3,3,3,3,3,3,3,3,3,3,3,3,3,3,3,3,3,3,3,3,3,3,3,3,3,3
151,2,3,3,3,3,3,3,3,3,3,3,3,3,3,3,3,3,3,3,3,3,3,3,3,3,3,3,3,3,3,3,3,3
152,2,3,3,3,3,3,3,3,3,3,3,3,3,3,3,3,3,3,3,3,3,3,3,3,3,3,3,3,3,3,3,3,3
153,2,3,3,3,3,3,2,3,3,3,3,3,3,3,3,3,3,3,3,3,3,3,3,3,3,3,3,3,3,3,3,3,3
154,2,3,3,3,3,3,3,3,3,3,3,3,3,3,3,3,3,3,3,3,3,3,3,3,3,3,3,3,3,3,3,3,3
155,2,3,3,3,3,3,3,3,3,3,3,3,3,3,3,3,3,3,3,3,3,3,3,2,2,3,3,3,3,3,3,3,3
156,2,3,3,3,3,3,3,3,3,3,3,3,3,3,3,3,3,3,3,3,3,3,3,3,3,3,3,3,3,3,3,3,3
157,2,3,2,3,3,2,3,2,2,3,3,2,3,2,3,3,3,3,2,5,2,2,3,2,3,2,5,2,3,3,3,3,2
158,2,3,2,2,2,3,2,2,2,3,2,2,2,2,3,3,2,3,2,5,2,3,2,3,3,2,3,3,3,3,2,3,3
159,2,3,2,2,3,3,2,2,2,2,3,3,3,3,3,3,2,2,3,3,6,3,3,3,3,3,3,2,3,2,2,3,3
160,2,3,3,3,3,3,3,3,3,2,3,3,3,2,2,3,2,3,3,3,3,3,3,3,3,3,3,3,3,3,2,3,2
161,2,2,3,3,3,3,2,2,2,3,3,3,3,3,2,3,3,3,2,3,2,3,2,3,3,3,3,2,3,3,3,3,2
162,2,3,2,2,2,3,3,3,2,2,2,3,3,3,3,3,3,2,3,3,2,3,2,3,3,2,3,3,2,3,3,3,3
163,2,3,3,2,2,2,2,2,3,3,3,2,2,2,2,2,2,3,5,3,2,2,2,3,3,2,3,2,2,3,3,3,3
164,2,2,3,3,2,2,3,2,2,3,2,2,2,2,2,2,2,2,3,2,2,2,2,3,2,5,2,2,3,2,2,2,2
165,2,2,2,2,2,2,2,2,2,2,2,3,2,2,3,3,2,2,2,2,2,2,2,2,2,2,2,2,5,2,2,2,2
166,2,2,2,2,3,2,2,2,2,2,2,2,2,2,2,3,2,2,2,3,2,5,2,2,3,2,2,2,2,2,3,2,2
167,2,2,3,2,2,2,2,3,3,2,2,2,3,2,2,3,2,3,2,2,2,2,2,2,2,2,3,3,2,2,3,3,3
168,2,2,2,2,2,2,2,2,2,2,2,2,2,2,2,2,2,2,2,2,2,2,2,2,2,2,2,2,2,3,2,2,2
169,2,2,2,2,2,2,2,2,2,2,2,3,2,2,3,2,2,2,2,2,2,2,2,3,2,2,2,2,2,2,2,2,2
170,2,2,2,2,2,2,2,2,2,2,5,2,2,2,2,2,2,2,3,2,2,2,2,2,2,2,2,3,2,3,2,2,2
171,2,2,2,2,2,2,2,2,2,2,2,2,2,5,2,2,2,2,5,2,2,2,2,2,2,2,2,2,2,2,2,2,2
172,2,2,2,2,2,2,2,2,2,2,2,2,2,2,2,2,2,2,2,2,2,2,2,2,2,2,2,2,2,2,3,2,2
173,2,2,2,3,2,2,3,2,3,3,3,2,2,2,3,5,2,2,5,2,2,3,3,2,3,2,2,2,2,2,2,3,5
174,2,2,3,2,2,2,3,3,2,3,2,3,2,2,2,2,2,2,2,2,2,2,2,2,2,2,2,3,2,2,2,2,2
175,2,2,2,2,2,2,2,2,2,3,2,2,2,2,2,2,2,2,2,2,2,2,2,2,2,2,3,2,2,2,2,2,2
176,2,2,2,2,2,2,2,2,2,2,2,3,2,2,3,2,2,2,2,3,2,2,2,2,2,2,2,2,2,2,2,3,2
177,2,2,2,2,2,2,2,2,2,2,2,2,2,2,2,2,3,2,2,2,2,2,2,2,2,2,2,3,2,2,2,2,2
178,2,2,2,2,2,2,2,2,2,3,2,2,2,2,2,2,2,2,2,2,2,2,2,2,2,2,2,2,2,2,2,2,2
179,2,2,2,2,2,2,2,2,2,2,2,2,2,2,2,2,2,2,2,2,3,2,2,2,2,2,2,2,2,2,2,3,2
180,2,2,2,2,2,2,3,2,2,2,2,2,2,2,2,2,2,2,2,2,3,2,3,2,2,2,2,2,2,2,2,2,3
181,2,2,2,2,2,2,2,2,2,2,2,2,2,2,2,2,2,2,2,2,2,2,2,2,2,2,2,2,2,2,2,2,2
182,2,2,2,2,2,3,2,3,2,2,2,2,3,2,2,2,2,3,2,2,2,2,2,2,2,2,2,2,2,2,2,2,2
183,2,2,2,2,2,2,2,2,2,2,2,2,2,2,2,2,2,2,2,2,2,2,2,2,2,2,2,2,2,2,2,2,2
184,2,2,2,2,2,2,2,2,2,2,3,2,2,2,2,2,2,3,2,2,2,3,2,2,2,2,2,2,2,2,2,2,2
0,3,5,2,5,5,5,5,2,5,5,5,3,5,5,5,5,5,5,5,5,5,2,5,5,5,5,5,5,5,2,5,5,3
1,3,5,5,5,5,5,5,5,5,5,5,5,5,5,5,5,5,5,5,5,5,5,5,5,5,3,3,5,5,5,5,5,5
2,3,5,5,5,2,5,5,5,5,5,5,5,5,5,5,5,5,5,5,5,5,5,5,3,3,5,5,5,5,5,5,5,5
3,3,5,3,3,5,5,5,5,5,5,5,5,5,5,5,5,5,5,5,5,5,5,5,5,5,5,5,5,5,5,5,5,5
4,3,5,5,5,3,5,5,5,5,5,5,5,2,5,5,2,5,5,5,5,5,5,5,5,5,5,5,5,5,5,2,5,5
5,3,5,5,5,5,5,5,5,5,5,5,5,5,5,5,5,5,5,5,5,5,5,5,5,5,5,5,5,5,2,5,5,5
6,3,5,5,5,5,5,5,5,2,5,5,5,5,5,5,5,5,5,5,5,5,5,5,5,5,5,2,5,5,5,5,5,3
7,3,2,3,5,5,5,5,5,3,2,3,2,2,5,5,3,2,5,2,5,2,5,2,5,5,5,5,5,5,2,5,5,5
8,3,5,5,5,2,5,5,5,5,5,5,2,5,5,5,2,2,2,3,2,5,5,5,5,3,5,5,5,5,2,2,2,5
9,3,5,5,5,5,5,5,2,5,5,5,5,5,5,5,5,5,5,5,5,5,5,5,5,5,5,5,5,5,5,5,5,5
10,3,5,5,5,5,5,5,5,5,5,5,5,5,5,5,5,5,5,5,5,5,5,5,5,5,5,5,3,5,3,5,5,5
11,3,5,5,5,5,5,5,5,5,5,5,5,5,5,5,5,3,5,5,5,5,5,5,5,5,5,5,5,5,5,5,5,5
12,3,5,5,5,3,3,5,5,3,5,5,5,5,3,5,3,5,3,3,5,5,5,5,3,5,5,5,5,3,5,3,3,5
13,3,5,5,5,5,3,5,5,3,3,5,3,5,5,5,5,1,5,3,5,5,3,3,5,3,5,5,3,3,5,5,3,5
14,3,5,5,5,3,5,5,5,3,3,3,3,5,3,5,5,5,3,3,5,5,5,5,5,5,5,5,3,5,3,3,5,5
15,3,3,3,3,3,3,3,3,3,3,3,3,3,3,3,3,3,3,3,3,3,3,3,5,3,3,3,3,3,3,3,3,3
16,3,3,3,3,3,3,3,3,3,5,3,3,3,3,3,3,3,3,3,3,3,3,3,3,3,3,3,5,3,3,3,3,3
17,3,3,3,3,3,3,5,5,3,3,3,3,5,3,3,3,5,3,3,3,5,3,3,3,3,3,3,3,3,3,5,3,3
18,3,3,3,3,3,3,3,3,3,3,3,3,3,3,3,3,3,3,3,3,3,3,3,3,3,3,3,3,3,3,3,3,3
19,3,3,3,3,3,3,3,3,3,3,3,3,3,3,3,3,3,3,3,3,3,3,3,3,3,3,3,5,3,3,3,3,3
20,3,3,3,3,3,3,3,3,3,3,3,3,3,3,3,3,3,3,3,3,3,3,3,3,3,3,3,3,3,3,3,3,3
21,3,3,3,3,3,3,3,3,3,3,3,3,3,5,3,3,3,3,3,3,3,3,3,3,3,3,3,3,3,3,3,3,3
22,3,5,5,5,5,3,5,3,5,3,5,3,5,5,3,5,3,3,3,5,5,5,3,3,3,3,3,5,3,5,3,5,3
23,3,3,2,3,3,3,3,3,3,3,3,3,3,3,2,3,3,3,2,3,3,5,5,3,5,3,5,3,3,5,5,3,3
24,3,3,3,3,3,2,3,3,3,3,3,3,3,3,3,3,3,3,3,3,3,3,3,3,3,3,3,3,3,3,3,3,3
25,3,3,2,3,3,3,3,3,3,3,3,3,3,3,3,3,3,3,3,3,2,3,2,3,3,3,3,3,2,3,3,3,3
26,3,3,3,3,3,5,3,3,3,3,5,3,3,3,3,2,3,3,3,5,3,5,3,3,3,5,3,3,3,3,2,5,3
27,3,3,3,3,3,3,3,3,3,5,3,3,3,3,3,3,3,3,3,3,3,3,3,3,3,3,3,3,3,3,3,3,3
28,3,2,3,2,3,3,3,2,3,2,3,2,2,3,3,3,3,3,3,3,3,2,3,3,3,3,2,2,3,2,3,2,2
29,3,3,3,3,3,3,3,3,3,3,3,3,3,3,3,3,3,3,3,3,3,3,3,3,3,3,3,3,3,3,3,3,3
30,3,3,3,3,3,3,3,3,3,3,3,3,3,3,3,3,3,3,3,3,3,3,3,3,3,3,3,3,3,3,3,3,3
31,3,3,3,3,3,3,3,3,3,3,3,3,3,3,3,3,3,3,3,3,3,3,3,3,3,3,3,3,3,3,3,3,3
32,3,3,3,3,3,3,3,3,3,3,3,3,3,3,3,3,3,3,3,3,3,3,3,3,3,3,3,3,3,3,3,3,3
33,3,3,3,3,3,3,3,3,3,3,3,3,3,3,3,3,3,3,3,3,3,2,3,3,3,3,3,3,3,3,3,3,3
34,3,3,3,3,3,3,3,3,3,3,3,3,3,3,3,3,3,3,3,3,2,3,3,3,3,3,3,3,3,3,3,3,3
35,3,3,3,3,3,3,3,3,3,3,3,3,3,2,3,3,3,2,3,3,3,3,3,3,2,3,3,3,3,3,3,3,3
36,3,3,3,3,3,3,3,3,3,3,3,3,3,3,3,3,3,3,3,2,3,3,3,3,3,3,3,3,3,3,3,3,3
37,3,3,2,3,3,3,2,2,2,2,2,2,3,3,3,3,2,3,3,3,2,2,2,3,2,3,3,2,3,3,3,3,3
38,3,3,3,3,3,3,3,3,3,3,3,3,3,3,3,3,3,3,3,3,3,3,3,3,3,3,3,3,3,3,3,3,5
39,3,3,3,3,3,3,3,3,3,3,3,3,3,3,3,3,3,3,3,3,3,3,3,3,3,3,3,3,3,3,3,3,3
40,3,3,3,3,3,3,3,3,3,3,3,3,3,3,3,3,3,3,3,3,5,3,3,3,3,3,3,3,3,3,3,3,3
41,3,3,3,3,3,3,3,3,3,3,3,3,3,3,3,3,3,3,3,3,3,3,3,3,3,3,3,3,3,3,3,3,3
42,3,3,3,3,3,3,3,3,3,3,3,3,3,3,3,3,3,3,3,3,3,3,3,3,3,3,3,3,3,3,3,3,3
43,3,3,3,3,3,3,3,3,3,3,3,3,3,3,3,3,3,3,3,3,3,2,3,3,3,3,3,3,3,3,3,3,3
44,3,3,3,3,3,3,3,3,3,3,3,3,3,3,2,3,3,3,3,3,3,3,3,3,3,2,3,3,3,3,3,3,3
45,3,3,3,3,3,3,3,3,3,3,3,3,3,3,3,3,3,3,3,3,3,3,3,3,3,3,3,3,3,3,3,3,3
46,3,3,3,3,3,3,3,3,3,3,3,3,3,3,3,3,3,3,3,3,3,3,3,3,3,3,3,3,3,3,3,3,3
47,3,3,3,3,3,3,3,3,3,3,3,3,3,3,3,3,3,3,3,5,5,3,3,3,3,3,3,3,3,3,3,3,3
48,3,3,3,3,3,3,3,3,3,3,3,3,3,3,3,3,3,3,3,3,3,3,3,3,3,3,3,2,3,3,3,3,3
49,3,3,3,3,3,3,3,3,3,3,3,3,3,3,3,3,3,3,3,3,3,3,3,3,3,3,3,3,3,3,3,3,3
50,3,3,3,3,3,3,3,3,3,3,3,3,3,3,3,3,3,3,3,3,3,3,3,3,3,3,3,3,3,3,3,3,3
51,3,3,3,3,3,3,3,3,3,3,3,3,3,3,3,3,3,3,3,3,3,3,3,3,3,3,3,3,3,3,3,3,3
52,3,3,3,3,3,3,3,3,3,3,3,3,3,3,3,3,3,3,3,3,3,3,3,3,3,3,3,3,3,3,3,3,3
53,3,5,3,3,5,3,5,5,5,5,5,5,3,5,3,3,5,3,5,3,5,5,5,3,5,5,5,3,5,3,3,3,5
54,3,5,3,3,3,3,3,3,3,3,3,3,3,3,3,3,5,3,5,3,3,3,3,3,5,5,3,3,5,5,5,3,3
55,3,5,5,3,5,3,3,3,5,3,5,5,5,5,5,5,3,5,3,3,5,5,5,5,5,3,3,3,5,3,3,3,5
56,3,5,5,3,5,3,5,5,3,3,5,5,5,5,3,3,5,5,5,5,3,3,3,3,5,3,5,3,5,5,5,5,5
57,3,5,5,5,5,3,5,5,5,3,5,5,5,5,5,5,5,3,3,5,5,5,3,3,5,5,3,3,5,3,5,5,3
58,3,5,5,5,3,5,5,3,5,5,3,3,5,3,3,5,5,5,3,5,5,5,5,5,5,3,3,5,3,3,5,3,5
59,3,3,3,3,3,3,3,3,3,3,3,5,3,5,3,3,3,5,5,3,3,2,3,3,3,3,5,3,3,3,3,3,3
60,3,3,3,3,3,5,3,3,3,3,5,3,5,3,3,3,3,5,3,3,5,3,3,3,5,5,3,3,3,3,3,3,5
61,3,3,5,3,3,3,3,3,3,5,3,3,3,3,3,3,3,3,3,3,5,3,3,3,3,5,3,3,3,3,5,3,3
62,3,3,3,3,5,3,5,3,3,3,3,3,3,3,3,5,3,5,5,3,3,3,5,5,3,5,5,5,3,5,3,5,3
63,3,3,3,3,3,3,5,3,3,5,5,5,5,3,3,3,3,3,5,3,5,5,3,3,3,3,3,5,3,3,5,3,3
64,3,5,5,5,5,5,5,3,5,5,5,3,5,5,5,3,5,5,5,3,5,5,5,5,5,5,5,5,5,3,5,5,5
65,3,5,5,3,5,5,3,5,5,5,5,3,5,5,5,5,5,3,5,3,3,3,3,5,3,5,5,3,3,5,3,5,5
66,3,5,5,3,3,5,5,5,5,5,5,3,5,5,5,5,5,5,5,3,5,5,5,3,5,5,5,5,5,5,5,5,5
67,3,5,5,3,3,3,5,5,5,5,5,5,5,5,5,5,5,5,5,3,3,5,3,5,5,5,5,5,5,5,5,3,5
68,3,5,5,5,5,3,5,5,5,5,5,5,5,5,5,5,5,5,5,5,5,5,5,5,5,3,5,3,5,5,5,5,3
69,3,5,5,3,5,5,5,5,5,5,5,5,3,3,5,5,5,3,3,3,5,3,5,3,5,5,5,5,5,5,5,5,5
70,3,5,3,5,2,3,2,5,5,3,5,3,5,3,5,5,3,5,3,3,5,5,5,5,3,5,5,3,2,5,5,5,3
71,3,3,2,3,2,2,3,2,3,2,2,2,2,3,2,2,2,2,2,2,2,2,3,2,2,3,2,3,5,3,2,5,3
72,3,2,2,2,2,3,2,2,2,2,2,2,5,2,2,2,3,2,3,2,2,2,2,3,3,2,2,2,2,3,2,3,2
73,3,2,2,3,2,2,2,2,2,2,2,2,2,2,2,3,2,2,2,2,2,2,2,5,2,3,2,3,3,2,3,3,2
74,3,2,6,2,3,2,2,2,2,2,2,2,2,3,2,2,2,2,2,5,3,3,3,2,2,3,2,3,3,2,3,2,3
75,3,3,3,2,3,3,2,2,2,3,2,2,2,2,3,2,2,2,2,3,2,3,2,2,2,5,2,3,3,5,2,2,2
76,3,3,5,2,5,2,5,2,3,5,5,5,3,3,2,3,2,3,5,3,5,3,3,3,3,3,3,2,3,3,3,3,2
77,3,3,3,3,3,5,3,3,2,3,3,3,5,3,3,2,2,3,2,5,3,2,3,3,5,5,2,3,2,3,3,3,3
78,3,3,3,3,3,3,2,3,2,2,2,3,3,2,3,3,3,3,2,3,3,2,3,2,3,3,3,3,2,3,3,3,2
79,3,3,2,3,2,2,3,2,3,3,2,3,3,2,3,3,3,3,3,3,3,3,3,3,3,3,3,2,3,3,3,3,2
80,3,2,2,2,2,2,2,2,2,2,2,3,2,2,2,2,2,2,2,3,3,3,3,2,2,5,2,2,2,2,2,2,2
81,3,2,3,2,2,2,2,3,2,2,2,2,2,2,3,2,2,2,2,2,2,2,2,2,2,2,2,2,2,2,2,2,2
82,3,2,2,2,2,2,2,2,2,3,5,2,2,2,2,2,5,3,2,2,2,2,2,2,5,2,2,2,2,2,2,2,2
83,3,2,2,2,2,2,3,2,2,2,3,2,7,2,2,2,2,2,2,2,2,3,2,2,2,2,2,5,2,2,2,2,2
84,3,2,2,2,2,5,5,3,2,2,2,2,2,3,2,2,2,2,3,2,3,2,2,2,3,2,2,2,3,2,2,5,2
85,3,2,2,2,5,2,2,2,2,2,2,2,2,2,3,2,2,2,3,3,2,2,2,3,2,2,2,3,2,2,2,2,2
86,3,2,3,2,2,2,2,2,2,2,2,2,3,2,2,3,2,2,2,3,2,2,2,2,2,3,3,2,2,2,2,2,2
87,3,2,2,2,2,2,2,2,2,2,2,2,2,3,2,2,2,2,2,2,3,2,2,2,2,2,2,2,2,2,2,2,2
88,3,2,3,2,2,2,5,2,2,3,5,5,3,2,2,2,2,3,2,2,5,2,2,2,2,2,2,2,2,2,5,2,2
89,3,2,2,2,2,2,2,2,2,2,2,2,2,2,3,2,2,2,2,2,2,3,2,3,2,2,2,2,2,2,3,2,2
90,3,2,2,2,2,2,5,2,2,2,5,2,2,5,2,3,2,3,2,2,5,2,3,2,2,2,2,2,5,3,3,2,2
91,3,2,2,2,3,2,2,2,2,2,2,2,2,2,2,2,2,2,2,2,2,2,2,2,2,2,2,2,3,2,2,2,5
92,3,2,2,2,2,3,2,3,2,2,2,2,2,2,2,2,2,2,2,2,2,2,2,2,2,2,2,2,2,2,2,2,2
93,3,2,2,2,2,2,2,2,2,2,2,2,2,2,2,2,2,2,2,2,2,2,2,2,2,2,2,2,2,2,2,2,2
94,3,2,2,2,2,2,3,2,2,2,2,2,2,2,5,2,2,2,2,5,2,2,3,2,2,2,2,2,2,2,2,2,2
95,3,2,2,2,3,2,2,2,2,5,2,2,2,2,2,2,2,2,2,2,2,2,2,2,2,2,2,2,2,2,2,2,2
96,3,2,2,2,2,2,2,2,2,2,2,5,2,2,2,5,2,2,2,5,2,2,2,2,2,2,2,2,2,2,2,2,2
97,3,2,2,2,2,2,2,2,2,2,2,2,2,2,2,2,2,2,2,2,2,2,2,2,2,2,2,2,2,2,2,2,2
98,3,2,2,2,2,2,2,2,2,2,2,2,2,2,2,2,2,2,2,2,2,2,2,2,2,2,2,2,2,2,2,2,2
99,3,2,2,2,3,2,2,2,2,2,2,2,2,2,2,2,7,2,2,2,2,2,2,2,2,5,2,2,2,2,2,2,2
100,3,2,2,2,2,2,2,5,2,2,2,2,2,2,2,2,2,2,2,2,2,2,2,2,2,2,2,2,2,2,2,2,2
101,3,2,2,2,2,2,3,2,2,2,2,2,3,2,2,2,2,3,2,2,3,3,2,2,2,2,3,3,3,3,2,2,2
102,3,3,3,3,3,3,3,3,3,3,3,3,3,3,3,3,3,3,3,3,3,3,3,3,3,1,3,3,3,3,3,3,3
103,3,3,3,3,3,3,3,3,3,3,3,3,3,3,3,3,3,3,3,3,3,3,3,3,3,3,3,3,3,3,3,5,3
104,3,3,7,3,2,2,3,3,3,3,3,3,3,3,3,3,3,3,3,3,3,3,3,3,3,3,3,3,3,3,3,3,3
105,3,3,3,3,3,3,3,3,3,3,3,3,3,3,5,3,3,3,3,8,3,3,3,3,3,3,3,3,3,3,3,3,3
106,3,3,3,8,3,3,3,3,3,3,3,3,3,3,3,3,3,3,3,3,3,3,3,5,3,3,3,3,3,3,3,3,3
107,3,3,3,3,3,3,3,3,3,3,3,3,3,3,3,3,3,3,3,3,3,3,3,3,3,3,3,3,3,3,3,3,3
108,3,3,3,3,3,3,3,3,7,3,3,4,3,3,3,3,3,3,3,3,3,3,3,3,3,3,3,3,3,3,3,3,3
109,3,3,3,3,3,3,3,3,3,3,3,3,3,3,3,3,3,2,3,3,3,3,3,3,3,3,3,3,3,3,3,3,3
110,3,3,3,3,3,3,4,3,3,3,3,3,3,3,3,3,3,3,3,3,3,3,3,3,3,3,3,3,3,3,3,3,3
111,3,3,3,3,3,3,3,3,3,3,3,3,3,3,3,3,3,3,3,3,3,3,3,3,3,3,3,3,3,3,3,3,3
112,3,3,3,3,3,3,3,3,3,3,3,3,3,3,3,3,3,3,3,3,3,3,3,3,3,3,3,3,3,3,3,3,3
113,3,3,5,3,5,2,2,3,3,2,5,5,3,3,3,5,3,3,2,2,3,5,3,3,3,3,3,2,5,2,3,3,5
114,3,3,3,3,3,3,5,3,3,3,3,3,3,3,3,3,3,3,3,2,3,3,3,3,2,3,3,3,3,3,3,3,3
115,3,5,5,5,5,5,5,5,5,5,5,5,5,5,5,5,5,5,5,5,5,5,5,5,5,5,2,5,5,3,5,5,5
116,3,5,5,5,5,5,5,5,5,5,5,5,5,5,2,5,5,5,5,5,5,5,5,2,5,5,5,5,5,2,5,5,3
117,3,5,5,5,5,3,6,5,3,3,5,6,5,5,5,5,5,5,5,5,5,5,5,5,5,5,5,5,5,5,5,5,5
118,3,5,5,5,5,5,5,3,5,5,5,3,5,5,5,5,5,5,5,5,5,5,5,5,5,5,5,5,3,5,3,5,3
119,3,5,5,5,5,5,5,5,5,5,5,5,5,5,5,5,5,5,2,5,5,5,5,5,5,5,5,5,5,5,5,5,5
120,3,5,3,5,5,5,5,5,5,5,5,5,5,5,5,5,5,5,5,5,3,5,5,5,5,5,3,5,5,5,5,5,6
121,3,5,5,6,5,5,5,6,5,6,5,5,5,5,5,5,5,6,5,5,5,5,5,5,5,5,5,5,5,5,5,6,5
122,3,5,2,5,5,5,6,5,5,2,5,6,5,6,2,5,6,2,5,5,5,2,5,5,5,5,5,6,5,5,5,6,5
123,3,2,2,2,2,2,2,2,2,3,2,2,2,2,2,2,2,2,2,2,3,2,2,2,2,2,2,2,3,3,3,2,2
124,3,2,2,1,2,2,2,3,2,2,2,3,2,2,2,2,2,2,3,3,2,2,2,2,2,2,3,3,2,2,2,3,3
125,3,2,3,2,2,3,3,2,2,2,2,3,3,3,3,2,3,3,5,3,3,3,3,3,3,2,2,3,3,2,2,2,3
126,3,2,2,2,2,2,2,2,2,2,2,2,2,2,2,2,2,2,2,2,2,2,2,2,2,2,3,3,2,2,2,3,3
127,3,2,2,2,2,2,3,2,2,2,2,2,2,2,2,2,2,2,2,2,2,2,2,2,2,2,2,2,2,2,2,2,2
128,3,2,3,2,3,2,2,2,2,2,2,2,2,2,2,2,2,2,2,2,3,2,2,3,3,2,3,2,2,2,2,2,3
129,3,2,2,3,2,2,2,2,2,2,3,2,3,2,3,2,2,2,2,2,3,2,2,3,2,2,3,2,2,2,2,2,2
130,3,2,2,2,2,2,2,2,2,2,2,2,2,2,2,2,2,2,2,2,2,2,2,2,2,2,2,2,3,2,2,2,2
131,3,2,2,2,2,3,2,2,2,2,2,2,2,2,2,2,2,2,2,2,2,2,2,2,2,2,2,2,2,2,2,2,2
132,3,2,2,2,2,2,2,3,2,5,2,2,2,2,2,2,3,2,2,2,2,2,2,2,2,2,2,2,2,2,2,2,2
133,3,2,2,2,2,2,2,2,2,2,2,2,2,2,2,2,2,2,2,3,2,2,2,2,2,2,2,5,2,2,2,2,2
134,3,2,2,2,2,2,3,2,2,2,3,2,2,2,2,2,2,3,2,2,2,2,2,2,2,2,2,2,2,2,3,2,2
135,3,2,2,2,2,2,2,2,2,2,2,2,2,2,2,2,2,5,2,2,2,2,2,2,2,2,2,2,2,2,2,2,2
136,3,2,2,2,2,2,2,2,2,2,2,2,2,2,2,2,2,2,2,2,2,2,2,2,2,3,2,2,3,2,2,3,2
137,3,2,2,3,2,2,2,2,2,2,2,2,1,2,3,2,2,2,2,2,2,2,2,2,2,2,2,2,2,2,2,2,2
138,3,2,2,2,2,2,2,2,2,2,2,2,2,2,2,2,2,2,2,2,2,2,2,2,2,2,2,2,2,3,5,2,2
139,3,2,2,2,2,2,2,2,2,2,2,2,2,2,2,2,2,2,2,2,2,2,2,3,5,3,2,2,2,3,2,3,2
140,3,2,2,2,3,2,2,2,2,2,2,5,2,2,2,2,2,2,2,2,2,2,2,2,2,5,3,2,2,2,2,2,2
141,3,2,2,2,2,2,2,2,2,2,2,2,2,2,3,2,2,3,2,2,2,2,2,2,3,2,2,2,2,2,2,2,2
142,3,2,3,2,2,2,2,2,2,2,2,5,2,2,3,2,3,2,2,2,3,3,2,2,2,2,3,2,2,3,2,3,2
143,3,2,2,2,2,2,2,2,3,2,2,2,2,2,2,2,2,2,2,2,3,2,2,2,2,2,2,2,2,2,2,3,3
144,3,2,2,2,2,3,2,3,2,3,2,2,2,3,3,2,2,2,2,2,2,2,3,2,2,2,2,2,2,3,2,2,3
145,3,2,2,2,2,2,2,2,2,2,2,2,3,2,2,2,2,3,2,2,2,2,2,2,2,2,3,2,2,2,2,2,2
146,3,3,3,2,2,2,2,2,2,2,3,2,3,3,2,2,2,3,5,3,2,2,2,3,2,2,3,3,2,3,2,2,3
147,3,3,3,3,3,3,3,2,3,3,5,3,3,3,2,2,5,2,3,3,3,3,3,5,3,3,3,2,3,3,2,3,3
148,3,3,3,3,3,3,3,3,3,3,3,3,3,2,3,3,3,3,3,3,3,2,3,3,3,3,2,3,3,3,3,3,3
149,3,3,3,3,3,3,3,2,3,3,3,3,2,2,3,3,2,3,5,3,3,3,3,3,7,3,3,3,3,3,3,3,3
150,3,3,3,3,3,3,3,3,3,3,3,3,3,3,3,3,3,3,3,3,3,3,3,3,3,3,3,3,3,3,3,3,3
151,3,3,3,3,3,3,3,3,7,3,3,3,3,3,3,3,3,3,3,3,3,3,3,3,3,3,3,3,3,3,3,3,3
152,3,3,3,2,3,5,3,3,3,3,3,3,3,3,3,3,3,3,3,3,3,3,3,3,3,5,3,3,3,3,3,3,3
153,3,3,3,3,5,3,3,3,3,3,3,3,3,3,3,3,3,3,3,3,3,3,3,3,3,5,3,3,3,3,3,3,3
154,3,3,3,5,3,5,3,3,3,3,3,3,3,5,3,3,3,5,2,3,3,3,5,5,3,3,3,3,2,5,3,3,3
155,3,3,3,3,3,3,3,3,3,3,3,3,5,5,3,3,3,2,3,3,3,3,3,2,3,3,3,5,3,3,3,3,2
156,3,3,3,3,3,2,3,2,2,3,2,2,2,5,3,3,3,3,3,3,3,3,2,3,3,3,2,5,3,3,2,3,2
157,3,3,3,3,3,3,3,3,3,3,3,3,3,3,3,3,3,2,3,3,3,3,3,3,3,3,3,3,3,3,3,3,3
158,3,3,3,5,3,3,3,3,3,3,3,3,3,5,3,3,5,2,5,3,3,3,3,3,3,5,3,3,3,3,3,3,5
159,3,3,2,3,3,3,3,3,3,3,3,3,3,3,3,3,3,3,3,5,3,3,3,3,3,3,2,3,5,3,3,3,3
160,3,3,3,3,3,3,3,5,3,5,3,3,2,3,5,3,5,7,3,3,3,3,3,3,3,3,3,3,3,3,3,3,3
161,3,3,3,3,3,7,5,2,3,3,3,3,3,3,3,3,3,3,3,3,3,3,5,3,3,3,3,3,3,3,3,5,3
162,3,3,3,3,3,5,3,5,3,3,3,5,5,5,3,3,5,5,3,3,3,5,3,3,3,3,5,3,5,3,5,3,3
163,3,3,3,3,3,2,2,5,3,3,3,3,3,2,3,3,3,3,3,2,2,3,3,3,3,3,3,3,2,3,3,3,3
164,3,3,3,3,3,3,3,3,3,5,3,3,3,3,3,3,3,2,5,3,3,3,3,3,3,3,3,3,3,3,3,5,3
165,3,3,3,3,3,3,3,3,3,3,3,3,3,3,3,3,3,3,3,3,3,3,3,3,3,3,7,3,3,3,3,3,3
166,3,3,3,3,3,3,3,3,3,2,3,3,3,3,3,3,3,3,3,3,3,3,3,3,3,3,3,3,3,3,3,3,3
167,3,3,3,5,3,3,3,3,3,3,3,3,3,3,3,3,3,3,3,3,3,3,3,3,3,3,3,3,3,3,3,3,3
168,3,3,3,3,3,3,3,3,3,3,3,3,3,3,3,3,3,3,7,3,2,5,3,3,3,3,3,5,3,3,3,3,3
169,3,3,3,3,3,3,3,3,3,3,3,2,3,3,3,3,3,3,3,3,3,3,3,3,3,3,3,3,3,3,3,3,3
170,3,3,3,3,3,3,3,3,3,3,3,3,3,3,3,3,3,3,3,5,3,3,3,3,3,3,3,3,3,3,3,3,3
171,3,3,3,3,5,3,3,3,3,3,3,5,3,3,3,3,5,3,3,3,3,3,3,3,3,3,3,2,3,3,3,3,3
172,3,3,2,5,3,3,3,3,3,3,3,3,5,3,3,3,3,3,3,3,3,2,3,2,3,3,3,3,3,3,3,3,3
173,3,3,3,3,5,3,3,3,3,3,3,3,3,3,3,3,3,3,3,3,3,3,3,3,3,3,3,3,3,3,2,3,3
174,3,3,3,3,3,3,3,3,3,3,3,2,3,2,3,3,3,3,3,3,3,3,5,3,2,3,3,3,3,2,3,3,3
175,3,3,3,3,3,3,3,3,3,3,3,2,5,5,3,5,3,3,3,3,2,3,3,3,3,3,3,3,3,3,3,3,3
176,3,3,3,3,3,3,3,3,3,3,3,3,3,3,3,3,3,3,3,3,3,3,3,3,3,3,3,3,3,3,3,3,3
177,3,3,3,3,3,3,3,3,3,3,3,3,3,3,3,3,3,3,3,3,2,3,3,3,3,3,3,3,3,3,3,3,3
178,3,3,3,3,3,3,3,3,3,3,3,3,3,3,2,3,3,3,3,3,3,3,3,3,3,5,3,3,3,3,3,2,3
179,3,3,3,3,3,3,3,3,3,3,3,3,3,3,3,3,3,2,3,3,3,3,3,3,3,3,2,3,3,3,3,3,3
180,3,3,3,3,3,3,3,3,3,2,5,3,3,3,3,3,3,3,3,3,3,3,3,3,3,5,3,3,3,3,3,2,3
181,3,3,3,3,3,3,3,3,2,3,3,3,3,3,3,3,3,3,3,3,3,3,3,3,3,3,3,3,3,3,2,3,3
182,3,3,3,3,3,3,3,3,5,3,3,2,3,3,2,3,3,3,2,3,3,3,3,3,3,3,3,3,3,3,3,3,2
183,3,3,3,3,2,2,3,3,3,2,3,3,3,3,3,2,3,3,3,2,3,3,3,3,3,3,3,3,3,3,3,3,3
184,3,3,3,3,2,3,3,3,3,3,3,3,3,3,3,3,3,3,3,3,3,3,3,3,3,3,3,3,3,3,3,3,3
0,4,3,3,3,3,2,2,3,3,3,3,3,3,3,3,3,3,3,3,3,3,3,3,3,3,3,3,3,3,3,3,3,3
1,4,3,3,3,3,3,3,3,3,3,3,3,3,3,3,3,3,3,3,3,3,3,3,3,3,3,3,3,3,3,3,3,3
2,4,3,3,3,3,3,3,3,3,3,3,3,3,3,3,3,3,3,3,3,3,3,3,3,3,3,3,3,3,3,5,3,3
3,4,3,3,2,3,3,3,3,3,3,3,3,3,5,3,3,3,3,3,3,3,3,3,3,2,3,2,2,3,3,3,3,3
4,4,5,3,5,3,3,2,2,3,5,3,2,2,3,3,3,5,3,3,5,2,3,3,3,2,3,3,3,3,3,3,2,3
5,4,2,2,3,3,3,3,3,2,2,3,3,3,2,2,2,2,2,3,3,2,3,3,2,2,2,2,2,2,2,2,3,2
6,4,2,3,2,3,3,3,3,2,2,3,2,2,2,2,3,3,3,3,3,2,3,3,3,3,3,2,2,2,2,3,2,2
7,4,2,2,3,3,3,3,3,3,2,2,2,2,3,3,3,2,3,2,2,3,2,2,2,2,3,2,3,2,7,3,2,2
8,4,2,2,3,2,2,3,3,2,3,2,2,2,3,3,2,2,2,2,3,3,3,2,2,3,2,2,2,2,3,2,3,2
9,4,2,2,2,2,3,3,2,2,2,2,2,2,2,7,2,2,2,2,2,3,2,3,2,2,2,2,2,1,3,3,2,3
10,4,3,2,3,2,3,2,2,3,2,2,2,3,3,3,3,3,3,3,2,3,2,2,3,3,3,7,2,2,2,3,2,3
11,4,2,2,3,3,3,2,2,2,2,2,3,3,2,2,3,2,3,2,2,3,2,3,3,3,2,3,3,2,3,2,3,3
12,4,2,2,3,3,3,2,2,2,3,2,3,2,3,2,2,2,2,3,2,2,2,3,2,2,3,3,2,2,2,3,2,2
13,4,2,2,2,2,3,2,2,2,2,3,2,3,7,2,3,3,2,2,2,2,2,3,3,2,2,3,2,2,2,2,3,2
14,4,2,3,2,2,2,2,3,2,2,2,2,2,3,3,3,2,2,2,2,3,2,3,2,5,2,3,3,3,2,2,3,3
15,4,2,3,2,2,2,3,3,2,2,2,2,2,2,3,3,3,2,3,3,3,3,2,3,3,2,7,3,2,3,3,2,2
16,4,2,2,2,2,2,2,2,2,2,2,2,2,2,2,3,2,2,2,2,2,3,3,3,2,2,2,2,2,2,2,2,2
17,4,2,2,2,2,2,3,3,3,3,3,3,3,3,2,3,3,2,2,2,3,3,3,3,2,3,3,2,2,3,2,2,3
18,4,2,2,2,3,3,2,3,3,2,2,2,2,3,2,2,2,2,2,3,3,2,2,3,3,2,2,2,2,2,3,2,2
19,4,2,2,2,2,3,7,2,3,2,2,2,3,3,2,3,2,2,3,2,2,3,2,2,2,2,2,2,2,3,3,2,2
20,4,2,2,7,2,2,3,2,2,2,2,2,2,2,2,2,2,3,2,3,2,2,2,2,3,5,2,2,3,3,2,2,2
21,4,2,2,2,2,2,3,3,2,2,2,2,2,2,3,2,3,7,2,2,3,3,2,3,2,2,2,3,2,2,2,2,3
22,4,2,3,3,3,3,3,3,3,2,3,7,3,2,3,2,2,3,3,2,2,3,2,2,2,3,3,2,2,3,2,2,2
23,4,2,2,2,2,3,3,2,2,2,2,2,3,2,3,2,3,3,2,2,3,2,3,2,2,2,2,2,2,2,2,2,3
24,4,2,2,2,2,2,3,2,3,2,2,2,3,2,3,2,3,3,2,3,2,2,3,2,2,7,2,3,2,3,2,2,2
25,4,2,2,2,3,3,3,3,1,2,2,2,3,2,2,2,2,2,2,2,2,3,2,2,2,3,3,2,2,2,2,2,3
26,4,2,3,3,2,2,2,2,3,2,2,2,2,2,2,3,2,3,2,2,2,2,2,2,2,2,2,2,2,2,3,2,2
27,4,2,3,3,2,2,2,2,2,3,2,2,2,2,2,2,1,1,2,3,3,2,2,2,2,2,2,2,2,1,2,2,2
28,4,2,2,2,2,2,3,2,3,2,2,3,2,2,2,2,2,2,3,3,2,2,2,2,2,3,2,1,2,3,2,3,2
29,4,2,2,3,1,2,3,3,2,2,3,3,2,3,2,1,2,3,1,3,3,2,3,1,3,1,2,2,2,3,2,2,2
30,4,2,2,2,2,3,3,2,3,3,2,3,2,2,2,2,3,2,2,2,2,3,2,3,2,3,2,2,2,3,3,2,3
31,4,3,3,5,3,3,5,3,5,3,3,3,3,3,3,5,2,3,3,3,2,5,2,3,3,3,5,3,2,2,3,3,3
32,4,3,3,3,7,2,3,3,2,3,3,2,3,3,2,3,3,2,3,3,3,3,3,3,3,2,2,2,3,2,3,2,2
33,4,3,3,2,5,2,7,3,3,3,3,3,3,3,3,3,3,3,3,3,3,3,3,3,3,3,2,2,3,3,3,3,3
34,4,3,3,2,3,2,3,3,3,3,3,2,3,3,3,3,3,2,3,3,3,3,3,3,3,3,3,3,3,3,3,3,3
35,4,3,3,3,3,3,3,3,3,3,3,2,3,3,3,2,2,3,3,3,2,3,3,3,3,2,2,3,2,3,3,2,3
36,4,3,3,2,3,3,2,3,3,3,2,3,3,3,2,2,3,3,3,3,3,2,2,3,3,3,3,3,3,3,3,2,3
37,4,3,3,3,3,3,3,3,3,3,3,1,3,3,5,3,3,5,3,3,2,5,3,2,2,3,3,3,5,3,3,2,3
38,4,3,2,3,2,3,2,3,3,2,3,3,3,3,3,3,3,3,2,3,2,3,8,3,3,2,3,3,2,3,3,3,1
39,4,5,2,3,3,3,3,5,3,3,3,3,3,5,3,3,3,5,3,2,3,5,3,3,3,5,7,2,5,5,3,3,3
40,4,5,5,5,2,5,3,5,5,5,3,5,5,5,5,5,5,3,3,3,5,5,3,3,3,5,5,3,5,5,5,5,5
41,4,5,2,3,5,5,5,2,3,5,5,3,3,5,5,5,3,3,5,2,3,2,5,2,3,3,5,5,3,3,5,5,5
42,4,2,2,2,2,5,3,3,5,2,5,2,2,2,2,0,2,2,5,5,2,2,5,5,5,5,5,5,5,2,3,5,2
43,4,2,2,3,2,2,5,2,3,3,2,5,5,3,2,3,2,2,3,2,2,2,2,2,5,2,2,2,2,3,2,3,2
44,4,2,3,2,2,2,2,2,2,2,2,3,2,2,2,3,2,3,2,2,2,2,3,2,2,3,2,3,2,2,3,2,2
45,4,2,2,2,2,2,2,2,2,2,2,2,2,3,2,2,2,3,2,2,2,2,5,2,5,3,2,2,3,3,2,2,2
46,4,2,3,2,2,2,2,2,2,2,3,3,3,2,3,2,3,2,2,2,3,2,2,2,2,3,2,3,2,3,2,2,3
47,4,3,3,5,2,3,5,2,5,3,5,3,2,2,5,5,3,3,2,3,2,3,5,2,5,2,3,2,3,5,6,3,3
48,4,3,5,5,2,3,2,2,3,5,3,2,2,5,3,2,2,2,3,3,2,5,2,3,2,2,2,2,3,3,5,5,2
49,4,3,2,3,3,2,2,3,3,3,2,3,3,2,3,2,3,3,3,3,3,3,2,3,3,2,2,3,3,2,3,3,3
50,4,2,2,3,3,2,2,2,3,2,3,3,2,2,2,3,2,5,3,2,2,3,3,3,2,3,2,2,3,2,3,2,2
51,4,2,3,3,3,2,2,2,3,3,3,2,3,3,2,2,3,3,3,2,3,2,2,2,2,3,2,3,3,2,2,2,3
52,4,3,2,3,3,3,3,3,2,5,5,3,3,3,2,3,3,3,2,2,3,3,3,3,3,2,3,5,3,3,3,3,3
53,4,3,3,3,3,3,3,3,3,3,3,5,2,3,3,3,3,3,3,3,3,3,3,3,3,3,3,2,3,3,5,3,2
54,4,3,3,3,3,3,3,3,3,3,3,3,3,3,3,3,3,3,3,3,2,3,3,3,5,3,3,3,2,3,3,3,3
55,4,3,3,3,3,3,3,3,2,2,3,5,3,3,2,3,3,3,3,3,3,3,3,3,3,2,3,3,2,3,5,3,3
56,4,3,3,3,3,2,5,3,3,3,5,3,3,5,3,1,3,3,3,2,3,5,3,3,2,3,3,3,3,3,5,3,5
57,4,3,3,3,3,3,3,5,3,3,3,3,3,3,3,3,3,2,2,3,3,2,3,3,5,3,3,3,2,3,3,3,3
58,4,3,2,2,3,5,3,3,3,3,2,3,2,2,3,2,2,3,3,3,3,2,3,2,3,2,5,3,3,3,3,3,3
59,4,3,5,3,3,5,5,5,3,3,3,5,2,3,3,5,3,2,3,3,5,2,3,3,2,3,3,3,2,5,5,5,3
60,4,5,2,3,5,5,3,5,5,5,3,5,2,5,5,5,5,3,3,3,5,3,3,3,3,3,5,5,3,5,5,3,3
61,4,5,3,3,3,3,3,3,5,5,3,5,5,5,5,5,5,3,5,5,3,3,3,3,5,5,3,3,5,5,5,3,5
62,4,5,3,3,3,3,3,5,3,3,3,5,3,3,3,2,3,3,3,3,5,3,5,5,3,5,3,3,3,5,3,3,5
63,4,5,5,3,3,2,5,5,3,3,5,3,3,3,5,5,5,3,5,5,5,2,3,3,3,3,5,3,3,3,3,5,3
64,4,5,5,2,3,5,5,5,5,2,5,3,5,5,3,5,5,5,5,5,5,5,5,3,5,5,5,5,2,5,3,5,3
65,4,5,2,2,3,3,5,5,3,5,5,2,2,2,5,2,2,2,3,3,5,3,3,5,3,2,2,5,3,2,2,3,2
66,4,5,5,5,5,2,2,3,2,3,2,2,3,3,3,3,5,3,5,5,3,3,5,2,2,3,5,5,3,3,3,5,5
67,4,3,3,3,5,3,3,3,3,3,3,5,2,2,3,3,2,3,3,2,2,3,2,5,2,5,3,2,3,2,3,2,2
68,4,2,5,3,2,5,3,5,2,5,2,5,2,2,2,2,5,2,3,2,5,8,5,2,2,5,2,2,3,2,3,3,2
69,4,2,3,3,3,3,2,2,2,2,3,2,2,5,2,5,3,2,2,2,2,2,3,2,2,2,2,5,2,2,3,2,5
70,4,5,2,3,3,3,5,5,2,2,2,2,2,3,3,5,5,3,2,2,2,2,2,2,5,2,2,2,2,3,2,5,2
71,4,5,3,3,2,3,2,3,5,3,3,5,3,5,5,5,3,3,2,3,3,2,2,2,2,2,3,3,2,3,5,2,2
72,4,5,3,5,2,5,2,5,3,5,3,6,3,3,2,5,5,3,5,3,5,3,2,2,2,5,3,5,5,2,3,5,2
73,4,5,3,2,2,2,2,5,2,5,5,2,3,2,2,3,3,3,2,2,5,5,5,3,5,3,2,2,2,5,3,2,2
74,4,5,5,2,2,3,2,3,2,3,2,5,2,2,3,2,2,5,3,2,2,3,2,5,2,2,2,3,5,2,5,2,2
75,4,5,3,2,5,2,2,3,5,2,5,2,2,2,2,2,3,3,2,3,2,2,5,2,2,2,5,2,2,3,3,2,5
76,4,5,3,3,3,3,2,3,5,2,2,3,3,3,3,3,2,5,3,2,3,2,3,2,2,2,5,3,2,3,2,3,2
77,4,5,2,5,2,3,2,5,3,3,3,2,5,3,5,2,5,5,2,2,2,3,3,3,5,5,5,3,5,5,2,3,3
78,4,5,5,5,2,5,2,5,3,2,2,2,2,5,5,5,5,3,2,8,5,3,2,3,2,2,2,2,5,2,3,3,5
79,4,5,2,2,2,5,5,3,3,2,5,3,3,2,3,5,3,2,5,5,5,5,5,2,2,2,2,5,5,5,2,5,3
80,4,5,2,3,2,2,2,2,3,5,2,2,2,3,5,2,5,3,3,2,2,3,2,2,5,3,2,2,5,2,5,3,2
81,4,5,3,2,3,5,5,3,5,3,3,3,3,2,5,2,5,2,5,0,5,3,3,5,2,5,2,3,2,2,3,2,2
82,4,3,3,5,5,2,2,3,3,3,2,3,3,3,3,2,2,2,3,2,5,5,3,2,2,3,2,2,3,2,2,3,2
83,4,3,3,3,3,3,3,3,3,3,3,3,3,3,2,3,3,3,3,2,2,3,3,3,3,2,2,3,2,3,3,3,3
84,4,3,3,3,3,3,3,3,3,3,2,2,3,3,3,3,3,2,2,3,3,3,3,3,3,2,3,3,3,3,2,3,3
85,4,3,3,3,3,3,3,3,3,3,3,3,3,2,3,3,3,3,3,3,3,2,7,3,2,3,3,3,3,3,3,5,3
86,4,3,3,3,3,3,3,2,2,3,3,3,3,3,2,3,2,3,2,3,3,2,8,2,3,3,3,3,2,3,3,2,3
87,4,2,2,2,3,2,3,2,2,3,2,3,3,3,2,3,2,2,3,2,2,3,3,3,2,3,2,2,2,3,3,3,2
88,4,2,2,2,2,2,2,2,2,2,2,2,2,2,3,2,2,2,2,3,2,3,2,2,3,2,3,3,2,3,3,3,2
89,4,2,2,3,2,3,2,2,3,2,2,2,2,2,2,2,2,2,2,3,2,2,2,3,2,2,2,2,2,2,2,2,2
90,4,2,2,3,3,3,3,2,2,2,2,3,2,2,3,2,2,2,3,2,2,3,3,3,2,2,3,2,2,3,3,2,2
91,4,2,3,2,3,2,3,2,3,2,3,3,2,2,2,3,3,3,3,3,2,2,3,2,3,3,2,2,2,2,2,2,3
92,4,2,3,2,2,3,2,3,2,3,3,2,2,2,2,2,2,2,2,2,2,2,2,3,2,2,2,2,2,2,2,2,3
93,4,2,3,2,3,2,3,3,3,2,2,2,3,2,3,2,2,3,3,3,2,3,2,2,3,2,3,2,2,2,2,2,2
94,4,2,2,2,3,3,3,3,2,2,3,3,3,3,2,2,2,2,2,3,2,2,2,2,2,3,3,2,2,2,5,3,3
95,4,2,2,2,2,3,2,2,3,3,2,2,2,3,2,2,2,3,2,2,2,3,3,3,2,3,2,2,2,2,2,2,3
96,4,2,2,2,2,2,2,3,2,3,2,2,2,2,2,2,2,2,3,2,3,2,2,3,2,2,3,3,2,2,2,3,2
97,4,2,3,3,2,3,3,3,2,3,2,2,2,3,3,2,5,3,3,3,3,3,3,2,2,3,2,3,3,3,2,3,2
98,4,3,3,3,3,3,3,3,2,3,3,3,3,3,2,3,3,2,3,3,2,3,2,2,3,2,3,2,3,2,3,3,2
99,4,2,2,3,3,3,3,2,2,2,2,2,2,7,2,2,2,2,3,2,3,2,3,3,2,3,2,3,3,2,2,2,2
100,4,2,2,2,2,2,2,2,2,2,2,2,3,3,2,2,2,2,2,2,3,2,2,2,2,2,2,1,2,2,2,2,2
101,4,2,2,2,2,2,3,3,2,2,2,3,3,2,3,2,2,2,3,2,3,2,2,2,3,2,2,2,2,2,2,2,2
102,4,2,2,3,2,2,3,2,2,2,2,2,3,2,3,3,3,3,2,2,2,2,2,3,2,3,2,2,2,2,2,2,3
103,4,2,2,3,2,3,3,3,2,2,2,2,2,2,2,2,2,3,2,3,3,2,2,2,2,2,2,3,2,2,2,2,2
104,4,2,2,2,2,2,2,2,2,2,2,2,2,2,2,2,2,2,2,2,2,3,5,2,2,2,2,2,2,2,5,2,3
105,4,2,3,2,2,3,3,2,3,2,2,2,2,2,2,3,3,3,2,3,2,3,2,3,3,2,2,2,2,3,3,2,2
106,4,2,2,3,2,8,2,2,2,2,5,2,3,2,3,2,2,3,3,2,2,2,3,2,2,2,2,5,7,2,2,2,2
107,4,2,3,2,2,2,3,7,2,2,3,3,2,2,3,2,2,2,2,2,2,3,3,3,3,2,7,3,2,2,2,2,1
108,4,2,3,2,2,2,2,2,2,2,2,2,7,2,2,2,2,3,3,2,2,2,2,2,2,2,3,2,2,3,2,2,2
109,4,2,2,2,2,2,2,2,2,2,7,3,2,2,2,2,2,3,2,2,2,3,2,7,2,1,2,2,2,2,2,2,2
110,4,2,2,3,1,3,2,1,3,3,2,3,3,2,3,3,1,2,2,3,3,7,3,2,2,7,3,2,3,1,2,3,3
111,4,2,2,7,2,5,2,2,2,2,3,3,2,2,3,3,2,2,2,1,2,3,2,2,2,2,3,3,2,3,2,2,2
112,4,2,2,2,2,2,1,2,1,3,3,3,3,2,2,2,3,3,7,1,2,2,3,2,3,2,3,2,2,2,2,2,3
113,4,2,3,2,3,2,2,2,3,2,2,2,3,3,2,2,3,3,2,2,3,2,2,3,1,2,2,2,2,2,3,3,2
114,4,2,1,1,3,3,2,2,2,2,2,2,7,7,3,2,3,2,2,2,2,3,2,2,2,1,1,2,2,3,3,2,2
115,4,2,3,3,2,2,3,2,2,2,3,3,2,2,3,2,2,2,2,2,2,2,3,3,2,2,3,2,3,2,2,2,2
116,4,2,2,2,2,1,5,1,3,2,1,1,2,1,2,2,1,2,2,1,2,2,3,3,3,2,5,1,3,1,2,2,7
117,4,2,3,2,2,2,2,2,2,2,1,2,3,2,2,3,3,3,2,3,3,2,2,2,3,2,2,3,2,1,3,2,2
118,4,2,2,3,2,2,3,2,2,1,3,2,2,2,7,1,3,7,2,2,2,3,7,3,2,2,7,2,2,3,2,2,7
119,4,2,3,2,3,2,2,7,2,2,3,2,3,2,2,2,2,2,3,2,2,1,1,2,2,3,2,2,2,2,2,2,3
120,4,2,2,3,2,3,2,5,2,1,2,2,3,2,3,3,2,1,2,2,2,3,7,1,7,2,2,3,2,2,3,2,2
121,4,3,3,0,2,3,2,3,2,3,2,2,3,2,2,3,3,2,2,2,3,3,5,2,2,2,2,3,5,3,2,5,5
122,4,5,5,5,5,5,5,3,3,5,3,5,3,3,5,5,5,3,3,3,5,5,5,2,2,3,5,5,3,2,5,3,5
123,4,5,5,5,5,5,5,3,2,3,3,5,3,2,5,5,2,3,3,5,3,5,5,5,5,2,2,5,5,3,3,5,3
124,4,3,3,3,3,5,5,3,3,3,5,3,3,5,3,5,3,2,3,3,5,3,5,5,5,5,5,3,3,5,3,5,3
125,4,5,3,5,5,5,3,5,3,5,5,3,5,3,5,3,3,3,5,5,3,3,3,3,3,3,3,3,5,3,2,5,3
126,4,5,3,3,5,2,3,5,3,3,3,3,5,3,3,3,3,5,3,5,5,5,3,5,3,5,5,5,3,3,3,5,5
127,4,5,3,3,3,3,5,5,5,3,5,5,5,3,5,5,5,3,3,3,5,5,5,5,3,3,3,5,5,5,3,3,3
128,4,5,5,3,5,3,3,3,3,5,3,3,5,5,5,3,5,5,3,5,3,3,3,3,3,3,3,3,5,3,3,3,3
129,4,5,5,5,3,3,3,3,5,5,5,3,5,3,5,3,5,5,5,3,5,5,3,5,5,5,5,3,5,5,3,5,3
130,4,3,3,3,5,5,3,5,3,3,3,3,3,3,3,3,3,3,3,5,5,3,5,3,3,3,3,5,3,5,3,3,3
131,4,3,5,3,3,5,5,3,3,3,3,3,3,3,3,3,3,3,3,3,3,3,3,3,3,3,3,3,3,5,3,3,3
132,4,3,5,3,5,5,5,5,3,3,3,3,3,3,3,3,3,5,3,5,3,3,5,5,3,5,3,3,3,5,3,5,5
133,4,3,5,5,3,3,3,3,5,3,5,3,3,3,5,3,3,3,3,3,3,3,5,3,3,5,5,3,3,2,3,5,5
134,4,3,3,3,3,3,3,3,3,5,3,3,3,3,3,3,3,3,5,3,3,3,3,5,3,3,3,3,3,3,3,3,3
135,4,5,5,5,3,3,3,5,5,3,3,3,5,3,5,5,5,3,5,5,5,5,5,5,5,5,5,5,5,3,3,3,5
136,4,5,5,5,5,3,5,5,3,5,5,5,5,3,3,3,5,5,3,5,3,5,3,5,3,3,5,5,3,5,3,5,3
137,4,5,3,5,3,3,3,3,5,5,5,3,5,3,5,3,3,5,5,2,5,2,3,5,3,5,3,3,5,3,5,5,2
138,4,5,5,5,5,5,3,5,5,5,5,3,2,5,5,3,5,5,5,5,2,3,5,5,5,3,5,3,5,5,5,5,5
139,4,5,5,5,5,5,5,5,5,5,5,5,5,5,3,5,5,5,5,3,3,5,5,5,5,3,5,5,5,5,5,5,5
140,4,5,5,5,5,5,5,5,5,5,2,5,5,5,5,2,5,5,5,5,5,5,2,5,5,5,5,5,5,5,5,5,5
141,4,5,5,5,5,5,5,5,2,5,5,5,5,5,5,5,5,5,5,3,5,5,5,5,5,5,5,5,5,5,5,5,5
142,4,5,5,5,5,5,5,5,5,5,5,5,5,5,5,5,5,5,3,5,5,5,5,5,5,5,5,5,5,5,5,5,5
143,4,5,5,5,5,5,5,5,3,5,5,2,5,5,5,5,5,5,5,5,5,5,5,5,5,3,5,5,2,5,5,5,5
144,4,5,5,5,5,5,5,5,5,5,5,5,5,5,5,5,5,5,5,5,5,5,5,5,5,5,5,5,5,5,5,5,5
145,4,5,5,3,5,5,5,5,5,5,5,5,5,5,5,5,5,3,5,5,5,5,5,5,5,5,5,5,5,5,5,5,5
146,4,5,5,5,5,3,5,5,5,5,5,5,5,5,5,5,5,5,5,5,5,5,5,5,5,5,5,3,5,5,5,2,5
147,4,5,5,5,5,5,5,5,5,5,5,5,5,5,5,5,5,5,5,5,5,5,5,5,5,5,5,5,5,5,5,5,5
148,4,5,5,5,5,2,5,5,5,5,2,5,3,5,5,5,5,5,5,3,3,5,5,5,5,5,5,5,5,5,5,5,5
149,4,5,5,5,5,5,5,5,3,6,5,5,5,5,5,5,5,5,5,5,5,5,5,5,5,5,5,5,5,5,5,5,5
150,4,5,5,5,5,5,5,5,5,5,5,5,3,5,5,5,5,5,5,2,2,5,5,5,5,5,5,5,3,5,5,5,5
151,4,5,5,5,5,5,5,5,5,5,5,5,5,5,5,5,5,5,5,5,5,5,5,5,5,5,5,5,5,5,5,3,5
152,4,5,5,5,5,5,5,5,5,5,5,5,5,5,3,5,5,5,5,5,5,5,5,5,5,5,5,3,5,5,5,5,5
153,4,5,5,5,5,5,5,5,5,5,6,5,5,3,5,5,5,5,5,5,5,5,5,5,5,5,5,5,5,5,5,5,5
154,4,5,5,5,5,5,5,5,5,5,5,5,5,5,5,5,5,5,5,5,3,5,3,5,5,3,5,5,5,5,5,3,5
155,4,5,5,5,5,5,5,5,5,5,5,5,5,5,5,5,5,5,5,5,5,5,5,5,5,5,5,5,5,5,5,5,5
156,4,5,5,5,5,5,5,5,5,5,5,5,5,5,5,5,3,2,5,5,2,5,5,5,5,3,5,5,5,5,5,5,5
157,4,3,3,3,3,3,3,3,3,3,3,3,3,3,5,3,3,3,8,3,3,3,3,3,3,3,3,3,3,5,3,3,3
158,4,3,3,3,3,3,3,3,3,3,3,3,3,3,3,3,3,3,3,3,3,3,3,3,5,3,3,3,3,3,3,3,3
159,4,3,3,3,3,3,3,2,3,3,3,3,3,3,3,3,3,3,3,3,3,3,3,3,3,3,3,3,3,3,3,3,3
160,4,3,3,3,3,3,3,3,3,3,3,3,3,3,3,3,3,3,3,3,3,3,3,3,3,3,3,3,3,3,3,3,3
161,4,3,3,3,3,3,3,3,3,3,3,3,3,3,3,3,3,3,2,3,3,3,3,3,3,3,3,3,3,3,5,3,3
162,4,3,3,3,3,3,3,3,3,3,3,3,3,3,3,3,3,3,3,3,5,3,3,3,3,3,3,3,3,3,3,3,3
163,4,3,3,3,3,3,3,3,3,3,3,3,3,3,3,3,3,3,3,3,3,3,3,3,3,3,3,3,3,3,3,3,3
164,4,3,3,3,3,3,3,3,3,3,3,3,3,3,3,3,3,3,3,3,3,3,3,3,3,3,3,3,3,3,3,3,3
165,4,3,3,3,3,3,3,3,3,3,3,3,3,3,2,3,3,3,3,3,3,3,3,3,3,3,3,3,3,3,3,3,3
166,4,3,3,3,3,3,3,3,3,3,3,3,3,3,5,3,3,3,3,3,3,3,3,3,3,3,3,3,3,2,3,3,3
167,4,3,3,3,2,3,3,3,3,3,3,3,3,3,3,2,3,3,3,3,3,3,3,3,3,3,3,3,3,3,3,3,3
168,4,3,3,3,3,3,3,3,3,3,3,3,3,3,3,3,3,3,3,3,3,3,3,3,3,3,3,3,3,3,3,3,3
169,4,3,3,3,3,3,3,3,3,3,3,3,3,3,3,3,3,3,3,3,3,3,3,3,3,3,3,3,3,3,3,3,3
170,4,3,3,3,3,3,3,3,3,3,3,3,3,3,3,3,3,3,3,3,3,3,3,3,3,3,3,3,3,3,3,3,3
171,4,3,3,3,3,3,3,3,3,3,3,3,3,3,3,3,3,3,3,3,3,3,3,3,3,3,3,3,3,3,3,3,3
172,4,3,3,3,3,3,3,3,3,3,3,3,3,3,3,3,3,3,3,3,3,3,3,3,3,3,3,3,3,3,3,3,3
173,4,3,3,3,3,3,3,3,3,3,3,3,3,3,3,3,3,3,3,3,3,3,3,3,3,3,3,3,3,3,3,3,3
174,4,3,3,3,3,3,3,3,3,3,3,3,3,3,3,3,3,3,3,3,3,3,3,3,3,3,3,3,3,3,3,3,2
175,4,3,3,3,3,3,3,3,3,3,3,3,3,3,3,3,3,3,3,3,3,3,3,3,3,3,3,3,3,3,3,3,3
176,4,3,3,3,3,3,3,3,3,3,3,3,3,3,2,3,3,3,3,3,3,3,3,2,3,3,3,3,3,3,3,3,3
177,4,3,3,3,3,3,3,3,3,3,3,3,3,3,3,3,3,3,3,3,3,3,3,3,3,3,3,3,3,3,3,3,3
178,4,3,3,3,3,3,3,3,3,3,3,3,3,3,3,3,3,3,3,3,3,3,3,3,3,3,3,3,3,3,3,3,3
179,4,3,3,3,3,3,3,3,3,3,3,3,3,3,3,3,3,3,3,3,3,3,3,3,3,3,3,3,3,3,3,3,3
180,4,3,3,3,3,3,3,3,3,3,3,3,3,3,3,3,3,3,3,3,3,3,3,3,3,3,3,3,3,3,3,3,1
181,4,3,3,3,2,3,3,3,3,3,3,3,3,3,3,3,3,3,3,3,3,3,3,3,3,3,3,3,3,3,3,3,3
182,4,3,3,3,3,3,3,3,3,3,3,3,3,3,3,3,3,3,3,3,3,3,3,3,3,3,3,3,3,3,3,3,3
183,4,3,3,3,3,3,2,3,3,3,3,3,3,3,3,3,3,3,3,2,3,3,3,3,3,3,3,3,3,3,3,3,3
184,4,3,3,3,3,3,3,3,3,3,3,3,3,3,3,3,3,3,3,3,3,3,3,3,3,3,3,3,3,3,3,3,3
