[step, epoch, max]
0,0,3,3,3,3,3,3,3,3,3,3,3,3,3,3,3,3,3,3,3,3,3,3,3,3,3,3,3,3,3,3,3,3
1,0,3,3,3,3,3,3,3,3,3,3,3,3,3,3,3,3,3,3,3,3,3,5,3,3,3,3,3,3,3,3,3,3
2,0,4,4,4,4,5,4,1,4,7,4,4,4,4,7,4,4,4,4,4,7,4,1,4,4,4,4,4,4,1,4,4,4
3,0,7,3,7,3,3,7,3,3,7,3,7,7,7,3,7,7,7,3,3,7,7,3,7,7,7,3,3,7,3,3,7,7
4,0,7,7,3,3,3,4,4,7,7,7,3,3,7,7,7,7,7,3,7,7,3,3,7,7,3,7,3,3,3,3,3,7
5,0,4,2,2,4,3,4,4,4,8,7,8,4,7,8,4,7,4,4,4,4,4,8,4,2,4,4,4,7,2,7,3,7
6,0,2,3,2,0,0,2,3,2,0,2,3,2,5,2,3,7,4,2,5,0,2,2,3,5,4,3,5,2,7,2,0,5
7,0,7,5,7,3,2,2,7,2,2,2,7,5,3,7,3,3,7,7,3,7,7,2,2,2,7,2,7,2,2,3,3,7
8,0,2,7,2,2,3,5,7,3,2,3,7,5,7,7,2,7,5,7,5,2,7,7,7,7,3,5,3,7,2,7,7,5
9,0,3,3,3,3,3,2,2,3,2,3,3,3,3,5,3,3,3,3,3,3,2,2,3,3,3,3,3,3,3,3,3,3
10,0,3,3,2,3,3,3,3,2,2,3,3,7,2,7,3,2,3,2,3,3,2,3,3,3,3,2,3,3,3,3,3,3
11,0,3,3,3,3,3,3,3,3,3,3,2,2,3,3,3,3,2,3,3,3,3,3,7,3,3,5,3,3,3,3,3,3
12,0,3,3,2,3,3,2,3,3,2,3,3,2,3,3,3,3,3,3,3,3,3,3,3,3,3,2,3,3,3,3,3,3
13,0,3,2,3,3,5,3,3,3,3,3,3,3,3,3,3,3,2,3,3,2,3,3,3,3,3,3,3,3,3,3,3,3
14,0,3,3,3,3,3,3,3,3,3,3,3,3,7,3,3,3,3,3,3,3,3,3,3,7,3,3,3,3,3,3,3,3
15,0,3,3,3,3,3,3,3,3,3,3,3,3,3,3,3,3,3,3,3,3,3,3,3,3,3,3,3,3,3,3,3,3
16,0,3,3,3,3,3,3,3,3,3,3,3,3,3,3,3,3,3,3,3,3,3,3,3,3,3,3,3,3,3,3,3,3
17,0,3,3,3,3,3,3,3,3,3,3,3,3,3,3,3,3,3,3,3,3,3,3,3,3,3,3,3,3,3,3,3,3
18,0,3,3,3,3,3,3,3,3,3,3,3,3,3,3,3,3,3,3,3,3,3,3,3,3,3,3,3,3,3,3,3,3
19,0,3,3,3,3,3,3,3,3,3,3,3,3,3,3,3,3,3,3,3,3,3,3,3,3,3,3,3,3,3,3,3,3
20,0,3,3,3,3,3,3,3,3,3,3,3,0,3,3,3,3,3,3,3,3,3,3,3,3,3,3,3,3,3,3,3,3
21,0,3,3,3,3,3,3,3,3,3,3,3,3,3,3,3,3,3,3,3,3,3,3,3,3,3,3,3,3,3,3,3,3
22,0,3,3,3,3,3,3,3,3,3,3,3,3,3,3,3,3,3,3,3,3,3,3,3,3,2,3,3,3,3,3,3,3
23,0,3,3,3,3,3,3,3,3,3,3,3,3,3,3,3,3,3,3,3,3,3,3,3,3,3,3,3,3,3,3,3,3
24,0,3,3,3,3,3,3,3,3,3,3,3,3,3,3,3,3,3,3,3,3,3,3,3,3,3,3,3,3,3,3,3,3
25,0,3,3,3,3,3,3,3,3,3,3,3,3,3,3,3,3,3,3,3,3,3,3,3,3,3,3,3,3,3,3,3,3
26,0,3,3,3,3,3,1,3,3,3,3,3,3,3,3,3,3,3,3,3,3,3,3,3,3,3,3,3,3,3,3,3,3
27,0,3,3,3,3,3,3,3,3,3,3,3,3,3,3,3,3,3,3,3,3,3,3,3,3,3,3,3,3,3,3,3,3
28,0,3,3,3,1,3,3,3,3,3,3,3,3,3,3,3,3,3,3,3,3,3,3,3,3,3,3,3,3,3,3,3,3
29,0,3,3,3,3,3,3,3,3,3,3,3,3,3,3,3,3,3,3,3,3,3,3,3,3,3,3,3,3,3,3,3,3
30,0,3,3,3,3,3,3,3,3,3,3,3,3,3,3,3,3,3,3,3,3,3,3,3,3,3,3,3,3,3,3,3,3
31,0,3,3,3,3,3,3,3,3,3,3,3,3,3,3,3,3,3,3,3,3,3,3,3,3,3,3,3,3,3,3,3,3
32,0,3,3,3,3,3,3,3,8,3,3,3,3,3,3,3,3,3,3,3,3,3,3,3,3,3,3,3,3,3,3,3,3
33,0,3,3,3,3,3,3,3,3,3,3,3,3,3,3,3,3,3,3,3,3,3,3,3,3,3,3,3,3,3,3,3,3
34,0,3,3,7,2,3,3,3,3,3,3,7,3,3,3,3,2,3,3,3,3,3,3,3,3,3,3,3,3,3,3,3,3
35,0,3,2,3,3,3,3,3,3,3,3,3,3,3,2,3,3,3,3,3,3,3,3,3,3,3,3,3,3,3,3,3,7
36,0,3,7,3,7,3,3,3,2,2,3,3,3,3,2,3,3,3,3,3,3,2,2,3,3,3,3,3,3,3,3,7,3
37,0,7,7,7,3,3,7,7,2,3,2,7,7,7,7,2,3,7,3,7,3,7,7,7,3,7,7,5,7,2,7,3,5
38,0,7,7,7,7,3,5,7,7,3,3,7,7,2,7,3,2,3,3,3,7,7,2,3,7,3,7,5,7,7,7,3,5
39,0,7,2,7,3,7,3,7,3,5,7,3,7,5,7,7,3,5,7,4,4,7,7,3,3,3,3,3,2,2,3,7,3
40,0,7,2,2,2,3,5,2,2,5,7,7,5,7,3,5,5,2,7,2,7,5,7,7,7,5,3,7,5,5,7,2,7
41,0,7,7,7,3,3,7,5,5,7,7,7,7,7,7,7,7,3,3,5,7,7,7,7,2,5,3,5,7,7,2,7,3
42,0,7,7,7,1,7,7,5,5,5,7,2,7,3,7,7,3,7,7,7,7,7,3,5,7,7,5,3,7,7,7,7,5
43,0,2,2,3,3,5,2,2,3,3,7,3,3,2,3,3,3,5,2,2,2,7,2,0,2,2,2,3,5,3,2,2,3
44,0,2,2,7,3,2,5,3,5,2,2,5,3,2,2,3,2,2,7,2,2,7,2,3,7,2,5,2,2,7,2,2,7
45,0,3,5,3,3,5,3,5,3,3,3,3,3,5,3,2,3,5,7,7,5,3,5,3,5,5,5,5,5,3,3,5,5
46,0,7,7,3,2,3,7,2,5,7,2,3,3,7,7,7,3,7,3,3,3,3,3,7,3,3,3,3,3,3,3,3,7
47,0,7,7,7,7,2,1,7,7,7,3,7,3,7,7,3,3,7,7,7,7,2,7,7,3,7,7,3,7,7,3,5,3
48,0,1,3,3,2,3,2,7,7,7,2,7,1,2,2,2,3,7,3,3,3,0,3,1,3,3,7,3,7,2,7,5,5
49,0,7,3,7,1,5,2,7,3,1,7,5,7,7,7,7,3,3,5,2,2,2,2,3,7,7,7,2,7,3,2,7,7
50,0,2,3,3,3,7,3,3,2,2,2,3,2,2,3,2,3,1,2,3,3,2,2,3,3,3,3,2,3,2,2,2,7
51,0,2,3,7,2,7,7,2,2,3,0,2,7,3,2,3,2,2,2,2,3,2,2,2,7,7,2,7,5,3,3,2,7
52,0,2,7,3,3,2,2,2,2,5,7,2,7,2,7,7,2,3,1,2,7,7,3,2,2,0,7,3,7,1,2,3,3
53,0,2,2,7,2,3,2,3,2,3,2,2,3,2,2,2,2,7,3,3,2,2,2,5,2,2,7,2,7,2,7,2,2
54,0,2,5,2,7,2,7,4,3,7,2,7,1,2,7,7,2,2,2,2,2,5,2,5,1,2,2,3,3,2,2,7,2
55,0,2,7,2,7,2,7,2,7,3,7,5,3,2,3,2,2,7,7,0,3,7,7,2,3,7,7,2,3,7,5,2,2
56,0,7,3,3,7,3,7,3,7,7,3,7,7,7,7,3,1,7,7,7,3,3,3,7,3,7,3,3,7,3,7,3,1
57,0,2,3,3,3,1,3,7,3,3,1,2,2,3,3,1,3,3,7,3,1,3,7,3,3,3,3,7,3,7,3,2,7
58,0,2,3,2,2,2,3,2,3,3,2,1,2,3,3,3,3,2,7,3,3,3,2,5,2,2,2,3,3,3,3,3,3
59,0,3,3,3,7,3,3,3,3,7,3,3,7,2,7,3,2,3,3,3,3,3,3,2,3,7,3,3,3,7,3,3,3
60,0,3,3,3,3,3,3,3,3,3,3,3,3,3,3,3,3,3,3,3,3,3,2,3,3,3,3,3,2,2,5,7,3
61,0,3,2,3,3,3,7,3,3,3,3,3,3,2,3,3,3,3,3,3,7,3,3,3,3,2,3,2,3,3,3,3,3
62,0,3,3,5,3,3,3,3,5,3,3,3,5,3,3,3,3,3,3,3,3,3,3,3,3,3,3,3,5,2,3,3,3
63,0,3,3,3,2,7,3,3,3,3,3,3,3,5,3,3,3,3,3,3,3,3,3,3,3,3,3,2,3,2,3,3,3
64,0,3,3,2,3,3,3,5,3,5,3,3,3,2,3,3,3,3,3,3,3,3,3,3,3,3,7,5,3,3,5,3,3
65,0,3,3,3,3,3,3,3,3,3,3,3,5,3,3,2,3,3,2,3,3,3,3,5,2,3,3,0,3,3,3,3,3
66,0,3,3,5,1,3,3,5,2,3,5,3,2,3,3,5,3,2,3,3,2,3,7,3,5,2,3,2,2,5,7,2,5
67,0,3,3,3,3,7,3,7,3,2,3,2,7,3,3,3,7,3,3,2,3,3,3,3,3,3,3,7,7,2,3,7,3
68,0,3,3,3,2,3,3,3,3,3,3,3,3,3,3,3,3,3,2,7,3,3,2,3,3,3,3,3,3,7,3,7,3
69,0,3,3,3,3,3,3,7,3,3,3,3,3,3,3,3,3,3,3,3,3,3,3,7,3,3,3,3,3,3,3,7,3
70,0,3,3,3,3,3,3,3,3,3,3,3,3,3,3,3,3,3,3,3,3,7,3,3,3,3,3,3,3,3,3,3,3
71,0,3,3,3,3,3,3,3,3,3,3,3,7,3,3,3,7,3,3,3,3,3,3,3,3,3,3,3,3,2,7,3,3
72,0,2,3,3,3,3,3,3,3,2,3,3,3,3,3,3,3,2,3,2,3,3,3,3,2,3,3,3,2,3,3,3,0
73,0,2,3,3,3,3,3,3,3,3,3,3,3,5,2,0,2,3,3,2,3,2,3,3,3,2,3,2,2,3,3,3,2
74,0,3,3,3,2,3,3,3,3,3,3,0,3,5,3,3,3,3,0,3,3,3,3,3,3,3,3,3,5,3,3,3,3
75,0,3,3,3,3,3,3,3,7,3,3,3,3,3,3,3,3,3,3,3,3,3,3,3,2,3,3,3,3,3,3,3,3
76,0,3,3,5,3,3,3,3,3,3,3,3,3,3,3,3,3,3,0,3,3,3,3,3,3,3,3,3,5,3,3,3,3
77,0,3,2,3,5,5,3,3,3,3,3,3,3,3,3,2,5,5,0,5,3,5,3,3,2,5,3,3,3,3,3,3,3
78,0,3,3,3,3,3,3,5,3,3,3,3,3,3,3,5,2,3,5,3,3,3,3,2,3,2,3,3,3,3,3,3,3
79,0,3,3,3,3,3,3,3,3,3,3,3,3,3,3,3,3,3,3,3,3,3,3,3,3,3,3,3,3,3,3,3,3
80,0,3,3,2,3,3,3,3,3,3,5,3,5,3,3,3,3,3,3,3,3,0,3,3,3,2,5,3,3,3,7,5,3
81,0,3,3,3,3,3,3,3,3,3,3,2,5,3,3,3,0,3,3,3,3,5,5,3,3,3,3,3,3,3,7,3,3
82,0,3,3,0,3,3,3,3,3,2,3,3,3,0,3,3,2,3,3,3,3,3,3,3,3,3,3,3,3,3,3,3,3
83,0,3,0,3,3,3,5,3,7,3,3,7,3,3,3,2,3,3,2,3,3,3,3,3,3,3,3,3,3,3,3,3,0
84,0,3,3,0,0,3,3,3,3,3,3,3,3,2,3,3,3,3,3,3,3,3,0,0,3,0,3,3,3,2,3,3,5
85,0,3,3,3,7,3,3,0,3,3,3,3,3,3,3,3,0,3,3,3,3,3,3,3,8,3,3,3,3,3,3,3,3
86,0,3,3,3,3,3,3,3,3,3,3,3,3,3,3,0,3,2,3,3,3,3,2,3,0,3,3,3,3,3,0,3,3
87,0,3,2,3,3,3,3,3,3,3,3,3,3,3,3,3,3,3,3,3,3,3,3,3,3,3,3,3,3,3,3,3,3
88,0,3,3,3,3,3,3,3,3,2,3,3,3,3,2,3,3,2,3,3,3,3,3,3,3,3,3,3,3,3,3,3,3
89,0,3,3,3,3,3,3,3,3,3,3,3,3,3,3,3,3,3,3,3,3,3,3,3,3,3,3,3,3,3,3,3,3
90,0,3,3,3,3,3,3,3,3,3,3,3,3,3,3,3,2,3,3,3,3,3,3,3,3,3,3,3,3,3,3,3,3
91,0,3,3,3,3,3,3,3,3,3,3,3,3,3,3,3,3,3,3,3,3,3,3,3,3,3,3,3,3,3,3,3,3
92,0,3,3,3,3,3,3,5,3,3,3,3,3,3,3,3,3,3,3,3,3,3,3,3,3,3,3,3,3,3,3,3,3
93,0,3,3,3,3,3,3,3,3,3,3,3,3,3,3,3,3,3,3,3,2,3,3,3,3,3,3,3,3,3,3,3,3
94,0,3,3,3,3,3,3,3,3,3,3,3,2,3,3,3,3,3,3,3,3,3,3,3,3,3,3,3,3,3,3,3,3
95,0,3,3,3,3,3,3,3,3,2,3,3,3,3,3,3,3,3,3,3,3,3,3,3,3,3,3,3,3,3,5,3,3
96,0,3,3,3,3,3,3,3,3,3,3,3,3,3,3,3,3,3,3,3,3,3,3,3,3,3,3,3,3,3,3,3,3
97,0,3,3,3,3,3,3,3,3,3,3,3,3,3,3,3,3,5,3,3,3,3,3,3,3,3,3,3,3,3,3,3,3
98,0,3,3,3,3,3,3,3,3,3,3,3,3,3,3,3,3,5,3,3,2,3,3,3,3,3,3,3,3,3,3,3,3
99,0,3,3,3,3,3,3,3,3,3,3,3,3,3,3,3,3,3,3,3,3,3,3,3,3,3,3,3,3,3,3,3,3
100,0,3,3,3,3,3,3,3,3,3,3,3,3,3,3,3,3,3,3,3,3,3,3,3,3,3,3,3,3,3,3,3,3
101,0,3,3,3,3,5,3,3,3,3,3,3,3,3,3,3,3,3,3,3,3,3,3,3,3,3,3,3,3,3,3,3,3
102,0,3,3,3,3,3,3,3,3,7,3,3,3,3,3,3,3,3,3,3,3,3,3,3,3,3,7,3,3,3,3,7,3
103,0,3,3,3,3,3,3,3,3,3,3,3,3,3,3,3,3,3,3,3,3,3,3,3,3,3,3,3,3,3,3,3,3
104,0,3,2,7,3,2,3,3,3,3,3,3,3,3,3,3,3,3,3,2,2,3,2,3,3,3,3,3,3,3,3,3,3
105,0,3,3,3,3,3,3,2,3,3,3,3,3,3,5,3,5,3,7,3,3,3,2,2,5,3,3,3,3,3,5,5,7
106,0,3,3,3,3,3,5,2,3,3,3,3,3,3,3,3,3,5,3,3,3,3,3,3,3,3,3,3,3,3,3,3,3
107,0,3,3,3,3,3,3,3,3,3,3,2,3,3,3,3,3,3,7,3,3,3,3,7,3,3,3,3,3,3,7,3,3
108,0,3,3,3,3,3,3,3,3,3,3,3,3,3,7,3,3,3,3,3,3,3,3,3,3,3,1,3,3,3,3,3,3
109,0,3,3,3,3,3,3,3,5,3,3,3,3,3,3,3,3,3,3,3,0,3,3,2,3,3,3,3,3,0,3,2,3
110,0,3,3,3,3,3,3,3,3,3,3,3,3,3,3,3,3,3,3,3,3,3,3,3,3,3,3,3,3,3,5,3,3
111,0,3,3,3,2,3,3,3,5,3,3,5,3,5,3,3,5,5,3,2,3,3,3,3,3,3,3,3,3,3,3,3,3
112,0,3,3,3,3,5,3,3,3,3,3,3,3,3,5,3,7,3,3,2,3,3,3,3,3,3,3,3,7,3,3,7,3
113,0,3,3,3,3,3,3,3,3,3,3,3,3,3,3,3,3,3,3,3,3,3,3,3,3,3,3,3,3,3,3,3,3
114,0,3,3,3,3,3,3,3,7,3,3,3,3,2,3,3,3,3,3,3,3,5,3,3,3,3,3,3,3,3,3,3,3
115,0,3,3,3,3,3,3,3,3,7,3,3,3,3,3,3,3,3,3,3,3,3,3,3,3,3,3,3,3,5,3,3,3
116,0,3,3,3,3,3,3,3,3,3,3,3,3,3,3,3,3,3,3,3,3,3,3,3,3,3,3,3,3,3,3,3,3
117,0,3,3,3,3,3,3,3,3,3,3,3,3,3,3,3,3,3,3,3,3,3,3,3,3,3,3,3,3,3,3,2,3
118,0,3,3,3,3,3,3,3,3,3,3,3,3,3,3,3,3,3,3,3,3,3,3,3,3,3,3,3,3,3,3,3,3
119,0,3,3,3,3,3,3,3,3,3,3,3,3,3,3,3,3,3,3,3,3,3,3,3,3,3,3,3,3,3,3,3,3
120,0,3,3,3,3,3,3,3,0,3,3,3,3,3,3,3,3,3,5,3,3,3,2,7,3,3,3,3,7,3,3,3,3
121,0,3,3,3,3,3,3,3,3,3,3,3,5,3,3,3,3,3,3,3,3,3,3,3,3,3,3,3,3,3,3,3,3
122,0,3,3,3,3,3,3,3,3,3,3,3,3,5,5,3,3,3,3,3,3,3,3,3,3,3,3,3,5,3,3,3,3
123,0,3,3,3,2,3,3,3,3,3,3,3,3,2,3,3,3,3,3,3,3,2,3,3,3,5,3,3,3,2,3,3,3
124,0,3,3,3,3,3,3,3,3,3,3,3,3,3,3,3,3,3,3,3,3,3,3,3,3,3,3,3,3,3,3,3,3
125,0,3,3,3,3,3,3,3,3,3,3,3,3,3,3,3,3,3,3,3,3,3,3,3,3,3,3,3,3,3,2,3,3
126,0,3,3,2,3,3,3,3,5,3,3,3,3,3,3,3,3,3,3,3,3,3,3,3,3,3,5,3,3,3,3,3,3
127,0,3,3,3,3,3,3,3,3,3,3,3,3,3,3,3,3,3,3,7,3,7,3,3,3,3,3,3,3,3,3,3,3
128,0,3,3,3,3,3,3,3,3,2,5,3,3,3,3,3,3,3,3,2,3,3,3,3,3,3,3,3,3,3,3,3,3
129,0,5,5,3,2,3,5,5,5,3,5,5,5,3,3,3,5,3,3,3,3,3,2,3,3,5,5,3,5,3,3,2,5
130,0,3,3,3,5,3,3,3,3,3,5,3,3,3,3,5,3,3,5,3,3,3,3,3,3,3,5,5,3,3,5,3,3
131,0,3,2,3,3,3,3,3,7,3,3,3,3,3,3,3,3,3,3,3,3,3,3,3,3,3,3,3,3,3,3,3,3
132,0,3,3,3,3,3,3,3,3,5,3,3,3,3,3,3,3,3,3,5,5,3,3,3,3,7,3,3,3,5,3,3,3
133,0,3,3,3,3,3,3,3,3,3,3,3,3,3,3,3,3,3,3,3,3,3,3,3,3,3,3,3,3,3,3,3,3
134,0,3,3,3,3,7,3,3,3,2,3,3,3,3,3,3,3,3,3,3,3,3,2,3,3,3,3,3,3,2,3,7,3
135,0,5,7,5,5,2,5,3,5,2,3,2,5,2,5,2,3,2,7,3,5,5,2,5,3,2,5,3,3,5,3,3,7
136,0,3,3,2,5,3,3,3,2,5,3,3,5,5,3,5,5,3,5,5,5,3,2,3,3,3,3,2,2,2,2,3,5
137,0,3,3,3,3,5,3,7,3,5,3,3,7,3,2,3,2,3,5,2,3,3,3,2,3,3,5,3,2,3,2,2,3
138,0,3,3,2,3,3,3,3,3,3,2,3,3,5,3,2,3,3,3,5,5,3,3,3,3,3,3,3,3,3,3,3,3
139,0,3,2,3,3,2,2,3,3,2,7,3,3,3,2,3,3,3,2,3,3,3,2,3,2,2,3,3,3,3,2,3,2
140,0,3,3,2,3,5,3,3,3,3,5,7,3,3,3,3,7,3,3,3,3,2,5,3,3,2,3,3,2,5,3,3,2
141,0,3,3,3,3,3,3,3,3,3,3,3,2,5,3,3,5,3,3,3,3,5,3,3,3,5,3,3,3,3,5,3,3
142,0,3,3,3,5,3,3,3,3,3,2,3,3,3,3,3,3,3,3,3,3,5,3,3,3,2,2,3,5,3,3,3,3
143,0,3,3,3,3,3,5,3,3,3,3,3,5,3,3,3,5,3,3,3,3,3,3,3,3,7,3,3,3,3,3,3,3
144,0,3,3,2,3,3,3,3,3,3,3,2,3,0,2,2,3,3,3,3,3,3,3,2,3,3,2,3,3,3,3,3,3
145,0,3,3,3,3,3,2,3,3,3,3,3,3,3,3,5,3,3,3,3,3,3,3,3,3,3,3,5,3,3,2,3,3
146,0,3,3,3,5,3,3,3,3,3,3,3,3,3,3,3,3,5,3,3,3,3,3,3,3,3,3,5,5,5,3,3,3
147,0,3,3,3,3,5,7,3,3,3,3,7,3,5,5,5,3,3,3,3,3,3,3,5,3,7,3,3,5,3,3,5,5
148,0,3,2,2,3,3,2,3,3,3,2,3,3,3,3,7,3,5,3,3,3,2,3,3,3,3,2,2,7,2,2,5,3
149,0,3,3,3,3,3,3,3,3,7,5,3,3,3,3,3,3,3,3,5,3,5,3,2,3,3,3,3,3,3,3,3,5
150,0,3,3,0,3,3,5,7,3,3,3,3,3,3,3,3,5,2,5,3,0,3,3,5,3,5,3,3,5,3,2,5,3
151,0,3,3,5,3,5,3,3,3,3,3,3,3,3,3,3,3,3,5,3,3,3,3,3,5,3,3,3,3,5,2,3,3
152,0,3,3,5,3,3,2,3,3,2,3,3,3,3,5,3,3,3,3,3,3,3,3,3,5,2,3,3,2,3,3,3,3
153,0,3,3,3,3,3,3,3,3,3,5,3,3,3,3,5,3,3,3,3,3,5,3,3,3,7,3,7,3,3,3,3,3
154,0,7,7,3,3,3,7,2,3,7,5,7,3,3,7,3,3,7,3,7,3,3,7,7,3,7,7,3,3,3,7,3,3
155,0,7,3,7,3,3,7,3,3,7,7,7,7,3,2,7,7,7,3,7,7,3,7,3,7,3,7,3,7,7,3,3,7
156,0,3,3,3,3,3,3,3,3,3,3,3,3,3,3,5,3,3,3,5,3,3,3,3,3,3,2,3,3,3,3,3,3
157,0,3,5,7,7,3,3,3,3,5,3,3,3,3,7,5,3,3,3,3,3,3,3,3,3,3,3,3,3,3,3,7,5
158,0,3,5,3,3,7,3,3,3,3,7,3,3,3,3,3,7,3,3,3,3,7,3,3,3,2,3,3,7,3,3,2,3
159,0,3,3,3,3,3,3,7,3,3,3,3,5,3,3,3,3,3,3,3,3,3,5,3,3,3,3,3,3,3,7,3,7
160,0,7,7,7,7,7,7,7,7,7,3,7,3,3,7,7,7,3,7,7,7,7,3,3,3,7,7,5,5,7,7,7,7
161,0,7,3,3,3,3,3,3,3,7,7,7,3,7,3,5,3,3,7,7,7,7,5,7,7,3,7,3,3,7,3,3,3
162,0,7,3,3,7,7,5,3,7,7,7,7,7,5,3,3,7,5,7,7,5,7,7,7,3,5,5,7,7,7,7,7,7
163,0,7,7,7,3,5,7,7,7,7,7,7,7,7,7,7,7,7,7,7,7,7,7,7,7,7,7,7,7,7,7,7,7
164,0,7,5,7,7,7,3,7,7,7,7,3,3,3,7,7,7,7,7,7,7,7,3,5,7,7,7,7,7,7,7,7,7
165,0,7,3,3,3,7,3,7,7,7,5,7,7,7,7,7,7,3,7,3,3,7,3,7,7,7,7,3,7,5,7,7,7
166,0,7,7,7,3,7,7,3,3,3,3,3,3,7,7,3,2,2,7,7,3,3,3,3,7,3,3,7,3,3,3,3,3
167,0,3,3,3,3,3,3,3,3,3,3,7,3,3,3,3,3,3,3,3,3,3,3,3,3,7,3,3,3,3,3,3,3
168,0,3,3,3,3,7,3,3,3,7,3,3,3,3,3,3,3,3,3,3,5,3,3,3,3,3,3,3,3,3,3,3,3
169,0,3,3,3,7,3,3,3,3,3,3,3,3,3,3,7,3,3,7,3,3,3,3,3,3,3,3,3,3,3,7,3,3
170,0,3,3,3,3,3,3,3,3,3,3,3,7,3,3,3,3,3,3,7,3,3,3,3,3,5,3,3,5,7,7,3,3
171,0,3,3,3,5,3,3,3,3,3,3,3,3,3,7,3,3,7,3,2,3,3,5,3,3,3,3,3,3,3,3,3,3
172,0,3,3,3,3,3,3,3,3,5,3,3,3,3,3,3,3,3,3,3,7,7,3,3,7,3,3,5,3,3,7,3,7
173,0,3,3,3,3,3,3,3,3,3,3,3,3,3,3,3,3,3,3,3,3,3,3,3,3,3,3,7,3,3,3,3,3
174,0,3,3,7,3,3,7,3,3,3,5,3,5,5,3,3,3,3,3,3,3,3,3,3,3,3,3,3,3,3,3,3,3
175,0,3,3,3,3,3,2,3,2,3,3,3,3,3,3,3,3,5,3,3,3,5,5,5,3,3,3,3,3,3,3,3,3
176,0,3,3,3,5,3,5,3,3,3,3,3,7,3,3,3,3,3,3,3,3,5,3,3,3,3,3,3,3,3,3,3,3
177,0,5,5,5,3,5,3,3,3,3,5,5,3,5,3,3,2,2,3,5,5,3,3,5,5,5,5,3,3,3,3,5,5
178,0,5,3,5,5,3,3,3,3,3,3,3,3,3,3,5,5,3,3,5,5,5,3,3,3,3,3,3,3,3,3,3,3
179,0,3,5,3,3,5,3,3,3,3,3,3,3,5,3,3,5,5,3,5,3,3,3,3,3,3,5,2,3,3,3,3,3
180,0,3,3,3,3,3,3,2,3,3,3,3,3,5,3,3,3,3,3,3,3,3,3,3,3,3,3,3,2,3,3,3,3
181,0,3,3,3,3,3,3,3,3,3,3,3,3,3,3,3,3,5,3,3,3,3,3,3,3,3,3,3,3,3,5,3,2
182,0,3,3,3,3,3,3,3,3,3,3,3,3,2,2,3,3,3,3,3,3,3,3,3,3,3,3,3,3,5,3,3,2
183,0,3,3,3,3,3,3,3,3,3,3,3,3,3,3,3,3,3,5,3,3,3,3,3,3,3,3,3,3,3,3,3,3
184,0,3,3,3,3,3,3,3,3,3,3,3,3,3,3,3,2,3,3,3,5,3,3,3,3,3,3,3,3,3,2,3,3
185,0,3,3,5,3,3,2,3,3,3,3,3,3,3,3,3,3,3,3,3,3,3,3,3,3,3,3,3,3,3,3,3,3
0,1,3,3,3,3,3,5,3,3,3,3,3,3,3,3,3,3,3,3,3,3,3,3,3,3,3,3,3,3,3,3,3,3
1,1,3,3,3,3,3,3,3,3,3,3,2,3,3,3,3,3,3,3,3,3,3,3,3,3,3,5,3,3,3,3,3,3
2,1,3,2,3,3,3,3,3,3,3,3,3,3,3,3,3,3,3,3,3,3,3,3,3,3,3,3,3,3,3,3,3,3
3,1,3,3,3,3,3,3,3,3,3,3,3,3,3,3,3,3,3,3,3,3,3,3,3,3,3,3,3,3,3,3,3,3
4,1,3,3,3,3,3,3,3,3,3,5,3,3,3,3,3,3,3,3,3,3,3,3,3,3,3,3,3,3,3,3,3,3
5,1,3,3,3,3,3,3,3,3,3,3,3,3,3,3,3,3,3,3,3,3,3,3,3,3,3,3,3,3,3,3,3,3
6,1,5,5,5,3,3,3,3,3,3,3,3,3,3,3,3,3,3,3,3,3,3,3,3,3,3,3,3,3,3,3,3,3
7,1,5,5,3,5,3,5,3,5,5,5,5,5,5,5,5,5,5,5,5,3,5,3,5,3,5,5,3,3,5,3,3,5
8,1,5,5,3,3,5,5,5,5,5,3,5,5,5,3,3,5,5,5,5,5,5,5,5,5,5,5,5,5,5,3,5,5
9,1,5,5,5,5,5,5,5,5,5,5,3,3,5,3,3,5,5,3,5,5,5,5,5,5,5,5,5,5,5,5,5,5
10,1,5,5,3,3,5,5,5,5,5,5,5,3,3,3,5,5,3,5,5,5,5,5,5,5,5,5,5,5,5,3,5,3
11,1,3,5,5,3,5,5,5,3,3,5,5,5,5,5,3,5,5,5,3,3,5,5,3,5,3,5,5,5,2,3,5,5
12,1,3,3,3,3,3,3,3,5,5,3,3,3,3,3,3,3,7,3,3,3,3,2,5,3,2,3,3,3,3,3,3,3
13,1,5,3,2,3,3,5,5,3,5,5,3,3,3,3,3,3,5,3,5,5,3,2,3,5,5,5,5,3,5,3,2,3
14,1,3,3,3,3,3,3,5,3,3,3,3,2,3,3,3,3,3,3,3,3,2,3,3,3,5,2,3,3,3,5,3,3
15,1,3,2,3,3,3,3,2,2,2,3,2,2,3,3,5,3,3,7,3,3,0,3,5,3,3,5,3,2,3,3,2,0
16,1,3,3,3,3,5,3,3,3,3,3,3,2,3,3,0,3,3,2,3,2,3,3,3,3,3,3,5,3,3,3,5,3
17,1,3,3,3,3,3,3,3,3,3,3,2,3,3,5,3,3,3,3,3,3,3,3,3,2,3,3,3,3,3,3,3,3
18,1,3,3,3,3,3,3,3,3,3,3,3,3,3,3,3,3,3,3,3,3,3,3,3,3,3,2,3,3,3,3,3,2
19,1,3,3,3,3,3,5,3,3,3,3,3,3,3,3,3,3,3,3,3,3,3,3,2,3,2,3,3,3,3,3,3,3
20,1,3,3,3,3,2,3,3,3,3,3,3,3,3,3,3,3,3,3,3,3,3,5,3,3,2,2,3,3,3,5,3,3
21,1,3,3,3,3,3,3,3,2,3,3,3,3,3,3,3,3,3,3,3,3,3,3,3,3,3,5,3,3,2,3,3,3
22,1,3,2,3,3,3,5,3,3,3,3,3,3,3,3,3,3,3,3,3,3,5,3,3,3,3,3,3,3,3,3,3,3
23,1,3,3,2,3,3,3,3,3,3,3,3,3,3,3,3,3,2,3,3,2,3,3,3,3,2,3,3,3,3,3,3,3
24,1,3,3,3,3,3,3,3,3,3,3,3,3,3,3,3,3,3,3,3,3,3,3,3,3,3,3,3,3,3,3,3,3
25,1,3,5,3,3,3,3,3,3,3,3,2,3,3,5,3,3,3,3,3,3,3,3,3,3,3,3,3,3,3,3,3,3
26,1,3,3,3,3,3,3,3,3,3,3,3,3,3,3,3,3,3,3,3,5,3,3,3,5,3,5,3,3,3,3,3,5
27,1,3,3,2,5,3,3,3,5,5,3,3,2,3,3,3,3,2,3,3,5,3,3,3,3,5,5,3,3,5,3,5,3
28,1,3,3,3,5,3,5,3,3,5,3,3,3,3,3,3,3,5,3,5,3,3,3,3,5,5,3,3,3,3,0,3,3
29,1,2,0,3,3,3,2,3,3,2,5,3,5,3,2,2,3,0,2,5,5,5,2,2,3,2,3,3,2,2,2,2,5
30,1,3,5,2,3,3,3,3,3,5,5,3,3,5,5,5,3,3,2,3,3,3,3,3,3,3,5,5,3,3,3,3,5
31,1,5,5,5,3,5,3,3,5,3,3,5,5,3,5,5,3,3,3,5,5,3,5,5,5,5,5,5,5,5,5,5,5
32,1,3,3,3,3,3,3,3,3,3,3,3,3,3,3,3,3,3,3,3,3,5,3,3,3,3,3,3,3,3,3,3,3
33,1,3,3,3,3,3,3,3,3,3,3,3,3,3,3,3,3,3,3,3,3,3,3,3,0,3,3,3,3,3,3,3,3
34,1,3,3,3,3,3,5,3,3,3,3,3,3,3,3,3,3,3,3,3,3,3,3,3,3,7,3,3,3,3,3,3,3
35,1,3,3,3,3,3,3,3,3,3,3,3,3,3,3,3,3,3,3,3,7,3,3,3,3,3,3,3,7,3,3,3,3
36,1,3,3,3,3,3,3,3,3,3,3,3,3,3,3,3,3,3,3,3,3,3,3,3,3,3,3,3,3,3,3,3,3
37,1,3,3,3,3,3,3,3,3,3,3,3,3,3,3,3,3,3,3,3,3,3,3,3,3,3,3,3,3,3,3,3,3
38,1,3,3,3,3,3,3,3,3,3,3,3,3,3,3,3,3,3,3,3,3,3,3,3,3,3,3,3,3,3,3,3,3
39,1,3,3,3,3,3,3,3,3,3,3,3,3,3,3,3,3,3,3,3,3,3,5,3,3,3,3,3,3,3,3,3,3
40,1,3,3,3,3,3,3,3,3,3,3,3,3,3,3,3,3,3,3,3,3,3,3,3,3,3,3,3,3,3,3,3,3
41,1,3,3,3,3,2,3,3,3,3,3,3,3,3,3,2,3,3,3,3,3,3,3,3,3,3,3,2,3,3,3,3,3
42,1,3,3,2,3,2,0,2,3,3,2,3,2,3,2,3,3,2,3,2,3,3,3,3,3,3,7,2,3,3,3,3,2
43,1,2,7,2,3,2,2,2,2,2,7,2,2,2,3,3,3,2,3,3,2,2,2,3,2,3,2,2,3,3,3,3,2
44,1,2,2,2,3,2,2,2,2,2,2,2,2,2,2,3,2,2,2,2,2,7,2,2,2,2,2,2,3,3,3,2,3
45,1,2,2,2,2,3,2,3,2,3,2,3,3,3,3,2,2,3,2,2,2,3,2,3,3,2,3,2,3,2,3,2,2
46,1,2,2,2,2,2,3,2,0,3,3,3,2,2,3,2,2,3,3,2,2,3,2,3,3,3,3,2,2,3,3,3,2
47,1,2,2,2,3,2,2,2,2,2,2,2,3,2,2,2,2,2,2,2,2,3,1,2,2,2,2,2,3,3,2,2,2
48,1,2,2,1,2,3,3,2,2,2,2,3,2,3,3,3,3,2,2,3,2,2,2,2,2,3,2,2,3,2,2,3,2
49,1,2,2,2,7,2,2,2,2,2,2,3,2,2,2,2,2,2,3,2,2,2,3,3,2,2,2,3,3,2,2,2,2
50,1,2,2,2,2,3,2,2,2,2,2,2,2,2,2,2,2,2,2,2,2,2,2,2,2,3,2,2,2,2,2,2,2
51,1,2,2,2,2,2,2,2,2,2,2,2,2,2,2,2,2,2,2,2,2,2,3,2,2,2,2,2,2,2,3,2,2
52,1,2,2,2,2,2,2,2,3,2,2,2,3,3,2,2,2,2,2,2,2,2,2,2,2,2,2,2,2,2,2,3,2
53,1,2,2,2,3,2,2,2,2,3,3,3,3,2,2,2,2,2,2,2,2,3,3,3,2,3,2,3,2,2,3,3,2
54,1,2,2,2,2,2,2,3,2,2,2,2,3,2,2,2,2,2,2,2,2,2,2,2,2,2,2,2,2,2,2,2,2
55,1,2,2,2,2,2,2,2,2,2,2,2,2,0,2,2,2,2,2,2,2,3,2,2,2,2,2,2,2,2,2,3,3
56,1,2,2,2,2,2,2,2,2,3,2,3,0,2,2,2,2,2,2,2,2,2,2,2,2,2,2,2,2,2,3,2,2
57,1,2,2,3,2,2,2,2,2,2,3,3,2,2,2,2,2,2,2,2,2,2,3,2,2,2,2,2,2,2,2,2,3
58,1,3,3,2,3,3,2,2,3,2,3,3,2,2,3,2,3,3,3,3,2,2,2,2,3,3,3,3,2,3,3,3,3
59,1,2,2,2,2,2,2,2,2,2,2,2,2,2,2,2,2,5,3,7,0,2,2,2,2,2,5,2,3,2,0,2,2
60,1,3,3,2,2,3,3,3,3,3,7,3,3,5,2,3,3,3,3,5,3,3,3,3,3,2,3,7,3,3,5,3,3
61,1,3,3,3,3,3,3,3,3,3,3,3,3,3,3,3,3,3,3,3,3,3,3,3,7,3,3,3,7,3,7,3,3
62,1,3,3,3,3,3,3,3,3,3,3,3,3,3,3,3,3,3,3,3,3,3,5,3,5,3,3,3,3,3,3,3,3
63,1,3,3,5,5,3,3,3,3,3,3,3,3,3,3,7,3,3,3,3,3,3,3,3,3,3,5,3,3,3,3,5,3
64,1,3,3,3,3,3,3,7,3,3,3,3,3,3,3,3,3,3,3,3,3,3,7,3,3,7,3,3,3,3,3,3,3
65,1,3,3,3,3,3,3,7,3,3,3,3,3,3,3,3,3,3,3,3,3,3,3,3,7,3,3,3,3,5,3,3,3
66,1,7,7,3,3,7,3,3,3,3,3,3,7,3,3,7,3,3,3,3,7,7,3,7,7,3,3,3,3,3,7,3,3
67,1,7,7,3,3,7,7,3,7,7,5,3,3,7,7,3,3,3,3,3,3,7,7,3,7,7,3,3,7,3,3,7,3
68,1,3,3,3,3,7,5,3,3,3,3,3,3,3,3,3,3,3,5,3,7,3,3,3,7,3,3,3,3,3,3,3,3
69,1,7,7,7,7,3,7,7,7,7,7,7,7,7,7,7,7,3,7,7,7,7,3,7,3,7,7,3,7,7,7,7,7
70,1,3,3,3,3,3,3,7,3,3,3,3,3,3,3,2,3,3,7,3,3,3,3,7,3,3,3,3,3,3,3,3,3
71,1,3,3,3,3,3,3,3,5,3,3,3,7,7,3,3,3,3,5,3,3,3,3,3,3,7,7,3,7,3,3,3,3
72,1,3,2,2,3,3,3,3,3,2,3,2,2,2,2,3,2,3,3,2,2,2,3,2,3,3,7,3,3,2,3,3,3
73,1,3,3,3,3,3,3,3,5,3,3,2,3,3,3,3,3,3,3,2,2,3,3,3,3,3,3,2,2,3,3,3,3
74,1,3,3,3,3,5,3,3,3,3,3,3,3,3,3,3,3,3,3,3,3,3,3,3,3,3,3,3,3,3,3,3,3
75,1,3,3,2,3,5,3,3,3,5,2,3,2,3,2,3,3,3,3,3,3,3,3,3,3,2,3,3,3,3,3,3,3
76,1,3,3,3,3,3,3,3,3,3,3,3,3,3,3,3,3,3,5,3,3,3,3,3,3,3,3,3,3,3,3,3,3
77,1,3,3,3,3,3,3,3,3,3,3,3,3,3,3,3,3,3,3,3,3,3,3,3,3,3,3,3,3,3,3,3,3
78,1,3,3,3,3,3,3,3,3,3,3,3,3,5,3,3,3,3,5,5,3,3,3,3,3,3,2,3,3,3,3,3,3
79,1,3,3,3,3,3,3,3,3,3,3,3,3,3,3,3,3,3,3,3,3,3,3,3,3,3,3,3,3,3,3,3,7
80,1,3,3,3,3,3,3,3,3,3,3,3,5,3,3,3,3,3,3,3,3,3,3,3,3,7,3,3,5,3,3,3,3
81,1,3,3,3,3,3,3,3,3,3,3,3,0,3,3,3,3,3,3,3,3,3,3,5,3,3,0,5,3,3,3,3,3
82,1,3,3,3,3,3,3,5,3,3,3,3,3,3,3,3,0,3,3,3,3,3,3,3,3,3,3,3,3,3,3,3,2
83,1,3,3,3,3,3,3,3,3,3,3,3,3,3,3,3,3,3,5,3,3,3,3,3,3,3,3,3,3,3,3,3,3
84,1,3,3,3,3,3,3,3,3,3,3,3,5,7,3,3,3,3,3,3,3,3,3,3,3,3,3,3,3,3,3,3,3
85,1,3,3,3,3,3,3,3,3,3,3,3,3,3,3,3,3,3,3,3,3,3,3,3,3,3,3,3,3,3,3,3,3
86,1,3,3,3,3,3,3,3,3,3,3,3,3,3,3,3,3,3,3,3,3,3,3,3,3,3,3,3,3,3,3,3,3
87,1,3,3,3,5,3,3,3,3,3,3,3,3,3,3,3,3,3,3,3,3,3,3,3,3,3,3,3,3,3,3,3,3
88,1,3,3,3,3,3,3,3,3,3,3,3,3,3,3,3,3,3,3,3,3,3,3,3,3,3,3,3,3,3,3,3,3
89,1,3,3,3,3,3,3,3,3,3,3,3,3,3,3,3,3,3,3,3,3,3,3,3,3,3,3,3,3,3,3,3,3
90,1,3,3,3,5,3,7,3,3,3,3,3,3,3,3,3,3,3,3,3,3,3,3,3,3,3,3,3,3,3,3,3,3
91,1,3,3,3,3,3,3,3,2,3,3,2,3,3,3,3,3,3,3,3,3,3,3,3,3,3,3,3,3,3,3,3,3
92,1,3,3,3,3,3,3,3,3,3,3,3,3,3,3,3,3,3,3,3,3,3,3,3,3,3,3,3,3,3,3,3,3
93,1,3,3,3,3,3,3,3,3,3,3,3,3,3,3,3,3,3,3,3,3,3,3,3,3,3,3,3,3,3,3,3,3
94,1,3,3,3,3,3,3,3,3,3,3,3,3,3,3,3,3,3,3,3,3,3,3,3,3,3,3,3,3,3,3,3,3
95,1,3,3,3,3,3,3,3,3,3,3,3,3,3,3,3,3,3,3,3,3,3,3,3,3,3,3,3,3,3,3,3,3
96,1,3,3,3,3,3,3,3,3,3,3,2,3,3,3,3,3,3,3,5,3,3,3,3,3,3,3,3,3,3,3,3,3
97,1,3,3,3,3,3,3,3,3,3,3,3,3,3,3,3,3,3,3,3,3,3,3,3,3,3,3,3,3,3,3,3,3
98,1,3,3,3,3,3,3,3,3,3,3,3,3,3,3,3,3,3,3,3,3,3,3,3,3,3,5,3,3,3,3,3,3
99,1,3,3,3,3,3,3,3,2,3,3,3,3,3,3,3,3,3,5,3,3,3,3,3,3,3,3,2,3,3,3,3,3
100,1,3,3,3,3,3,3,2,3,3,3,3,3,3,3,3,3,3,3,3,3,3,3,2,3,3,3,3,3,3,3,3,3
101,1,3,3,3,3,2,3,5,3,3,3,3,3,3,3,3,3,3,3,3,3,3,3,3,3,3,3,3,3,3,3,3,3
102,1,3,3,2,3,3,3,3,3,3,3,3,3,3,3,3,3,3,3,3,3,3,3,3,3,3,3,3,3,3,3,5,3
103,1,3,3,3,3,2,3,3,3,3,3,3,3,3,3,3,3,3,3,3,3,3,3,2,3,3,7,3,3,3,3,3,3
104,1,3,3,3,3,3,3,3,3,2,3,3,3,3,3,3,3,3,3,3,3,3,3,3,3,3,3,3,3,3,3,3,3
105,1,3,3,3,3,3,3,3,3,3,3,3,3,3,3,3,3,3,3,3,3,3,3,3,3,3,3,1,3,2,3,3,3
106,1,2,3,3,2,2,2,2,2,3,3,2,3,2,2,2,3,3,2,2,2,2,2,3,2,2,2,2,3,3,2,2,2
107,1,2,2,2,3,3,2,2,2,2,2,2,2,2,5,2,2,2,2,3,3,2,2,3,2,2,2,2,3,2,2,2,2
108,1,2,2,2,2,2,2,2,2,2,2,2,2,2,2,2,2,2,2,2,2,2,2,2,2,3,2,3,2,2,2,2,2
109,1,2,2,2,2,2,3,3,2,2,5,2,2,2,2,2,2,2,2,2,2,2,2,2,3,2,3,2,3,2,2,2,3
110,1,2,5,2,2,2,2,2,2,3,2,3,7,2,3,2,2,2,2,2,3,3,2,2,2,2,2,5,3,3,2,2,2
111,1,2,2,2,2,2,3,2,2,3,2,2,2,2,3,2,2,2,3,2,2,2,3,2,2,2,3,2,3,2,2,2,2
112,1,2,2,2,2,2,2,2,2,2,2,2,2,2,2,2,3,2,2,2,3,2,2,2,2,3,2,2,2,2,3,3,2
113,1,2,2,2,2,2,2,3,3,2,2,3,3,2,3,2,3,2,2,2,2,3,3,2,2,2,2,2,2,2,2,3,2
114,1,2,3,2,2,2,7,2,2,2,2,3,2,2,3,2,2,2,3,2,2,2,2,2,3,2,2,2,2,2,2,2,2
115,1,2,2,2,2,2,2,2,2,2,3,2,3,2,2,2,2,2,2,2,2,5,2,2,2,2,2,3,2,2,2,2,2
116,1,2,2,2,3,2,2,3,2,2,2,2,2,2,2,2,2,2,2,2,2,3,2,2,2,2,3,2,2,3,2,2,2
117,1,2,2,2,2,2,2,2,2,2,2,2,2,2,2,2,2,2,2,2,2,3,2,2,2,2,2,2,2,2,2,2,2
118,1,2,2,3,2,2,2,2,2,2,2,2,2,2,2,2,2,2,2,2,2,3,2,2,2,3,2,3,2,2,3,2,2
119,1,2,2,2,0,2,2,2,2,2,2,2,2,8,2,0,2,2,2,3,2,2,2,2,2,2,2,2,2,2,2,2,2
120,1,2,2,2,2,2,5,2,2,5,2,2,2,2,0,5,2,5,2,2,2,2,2,2,2,3,2,2,5,2,2,3,2
121,1,2,2,2,2,2,5,2,2,2,2,2,2,3,5,2,2,2,2,2,2,2,2,2,2,2,3,2,2,2,2,2,2
122,1,2,2,2,2,3,3,3,3,2,3,2,3,5,2,3,2,2,2,3,3,2,2,2,2,2,3,3,5,2,5,2,2
123,1,2,2,2,2,2,2,2,2,2,2,2,2,2,2,2,2,2,2,2,2,3,5,2,3,2,2,2,2,2,3,2,2
124,1,0,0,3,0,2,2,2,2,2,2,0,5,2,0,2,0,2,5,0,2,2,0,5,0,2,5,0,0,0,5,0,2
125,1,2,2,2,0,5,5,2,2,2,2,2,2,3,0,3,3,2,0,5,3,2,0,2,3,2,2,2,2,0,2,5,2
126,1,2,2,2,3,3,5,0,0,2,5,2,7,0,5,2,5,3,0,3,2,2,0,2,5,5,0,2,2,3,2,2,2
127,1,2,0,0,5,2,2,5,2,5,0,2,3,0,5,5,5,5,3,3,2,5,5,2,3,5,5,3,5,5,5,5,5
128,1,5,2,2,2,2,5,3,2,3,2,5,5,2,3,3,5,5,2,2,3,5,5,2,2,2,3,2,2,2,3,5,5
129,1,5,2,5,5,5,5,5,5,2,5,5,2,5,2,3,0,5,5,5,5,2,5,5,5,5,0,5,3,3,5,2,5
130,1,5,2,5,5,2,2,2,2,3,5,5,2,3,5,3,5,5,5,5,2,2,3,5,5,2,5,5,2,5,3,5,3
131,1,5,5,5,5,5,5,2,2,2,5,2,2,5,5,2,3,3,2,5,2,5,5,2,5,5,2,5,5,3,3,2,5
132,1,5,5,3,5,5,5,5,2,5,5,5,5,5,5,5,5,5,5,2,5,5,3,5,5,3,5,2,5,5,5,5,5
133,1,3,3,3,3,3,3,5,3,3,5,3,3,5,3,3,3,3,3,3,2,3,3,3,3,2,3,3,3,3,3,5,3
134,1,3,3,3,5,5,3,3,3,3,5,3,2,3,3,5,3,3,3,3,3,3,3,3,5,5,3,3,5,5,5,5,3
135,1,5,3,3,3,3,3,3,5,3,5,5,3,3,5,5,5,3,5,5,3,5,5,3,5,3,5,5,5,5,5,3,3
136,1,3,3,5,3,3,5,5,3,3,5,3,5,3,3,5,3,3,5,3,3,3,5,3,5,3,5,3,5,5,5,5,3
137,1,3,3,5,3,3,3,5,3,3,3,3,3,3,5,5,3,5,3,3,3,3,3,3,3,3,3,5,3,5,3,5,5
138,1,3,3,3,3,3,3,3,3,3,3,3,5,3,3,5,3,3,3,3,8,7,5,3,3,3,3,3,3,3,3,3,3
139,1,3,3,3,3,3,3,3,3,3,3,3,3,3,3,5,3,3,3,3,3,3,5,3,5,3,5,3,3,7,3,5,3
140,1,5,3,3,3,3,3,3,3,3,3,3,3,3,3,3,7,3,5,5,3,5,5,3,3,5,3,3,5,5,3,5,3
141,1,5,3,5,5,3,5,5,5,5,5,3,5,3,5,5,5,3,5,5,5,5,5,5,3,3,5,5,3,5,5,5,5
142,1,5,5,5,5,5,5,5,3,3,5,5,5,5,3,5,5,5,5,3,5,5,5,3,3,5,5,3,3,3,5,5,5
143,1,5,5,3,5,5,5,3,5,5,5,5,5,3,5,5,3,5,5,5,3,5,5,5,5,3,3,7,3,5,5,3,5
144,1,3,3,3,3,3,3,3,3,3,3,3,3,3,3,3,3,3,5,3,3,3,3,3,3,3,3,3,5,3,3,3,3
145,1,3,3,3,3,3,3,3,3,3,3,3,3,3,3,3,3,3,3,3,3,3,3,3,3,3,3,3,3,3,3,3,3
146,1,3,3,3,3,3,3,3,3,3,3,3,3,3,3,3,3,3,3,3,3,3,3,3,3,3,3,3,3,3,3,3,3
147,1,3,3,3,3,3,3,3,3,3,3,3,3,3,3,3,3,3,3,3,3,3,3,3,3,3,3,3,3,3,3,3,3
148,1,3,3,3,5,3,3,2,3,3,3,3,3,3,3,3,3,3,3,3,3,3,3,3,3,3,3,3,3,3,3,3,3
149,1,3,3,3,3,3,3,3,3,3,3,3,3,3,3,3,3,3,3,3,3,3,3,3,3,3,3,3,3,3,3,3,3
150,1,3,3,3,3,3,3,3,3,3,3,3,3,3,3,3,3,3,3,3,3,3,3,3,3,3,3,3,3,3,3,3,3
151,1,3,3,3,3,3,3,3,3,3,3,3,3,3,3,3,3,3,3,3,3,3,3,3,3,3,3,3,3,3,3,3,3
152,1,3,3,3,3,3,3,3,3,3,3,3,3,3,3,3,3,3,3,3,3,3,3,3,3,3,3,3,3,3,3,3,3
153,1,3,3,3,3,3,3,3,3,3,3,3,3,3,3,3,3,3,3,3,3,3,3,3,3,3,3,3,3,3,3,3,3
154,1,3,3,3,3,3,3,3,3,3,3,3,3,3,3,3,3,3,3,3,3,3,3,3,3,3,3,7,3,3,3,3,3
155,1,3,3,3,3,3,3,3,3,3,3,3,3,3,3,3,7,3,3,3,3,3,3,3,3,3,3,3,3,3,3,3,3
156,1,3,3,3,3,3,3,3,3,3,3,3,3,3,3,3,3,3,3,3,3,3,3,3,3,3,3,3,3,3,3,3,3
157,1,3,3,3,3,3,3,3,3,3,3,3,3,3,3,3,3,3,3,3,3,3,3,3,3,3,3,3,3,3,3,3,3
158,1,3,3,3,3,3,3,3,3,3,3,3,3,3,3,3,7,3,3,3,3,3,3,3,3,3,3,3,3,3,3,3,3
159,1,3,3,3,3,3,3,3,3,3,3,3,3,3,3,3,3,3,3,3,3,3,3,3,3,3,3,3,3,3,3,3,3
160,1,3,3,3,3,3,3,2,3,3,3,3,3,3,3,3,3,3,3,3,3,3,3,3,3,3,3,3,3,3,3,3,3
161,1,3,3,3,3,3,3,3,0,3,3,3,3,3,3,3,3,3,3,3,3,3,3,3,3,3,3,3,3,3,3,3,3
162,1,3,3,3,3,3,3,3,3,3,3,3,3,3,3,3,3,3,3,3,3,3,3,3,3,3,3,3,3,3,3,3,3
163,1,3,3,3,3,3,3,3,3,3,3,3,3,3,3,3,3,3,3,3,3,3,3,3,3,3,3,3,3,3,3,3,3
164,1,3,3,3,3,3,3,3,3,3,3,3,3,3,3,3,3,3,3,3,3,3,3,3,3,3,3,3,3,3,3,3,3
165,1,3,3,3,3,3,3,3,3,3,3,3,3,3,3,3,3,3,3,3,3,3,3,3,3,3,3,3,3,3,3,3,3
166,1,3,3,3,3,3,3,3,3,3,3,3,3,3,3,3,3,3,3,3,3,3,3,3,3,3,3,3,3,3,3,3,3
167,1,3,3,3,3,3,3,3,3,3,3,3,3,3,3,3,3,3,3,3,3,3,3,3,3,3,3,3,3,3,3,3,3
168,1,3,3,3,3,3,3,3,3,3,3,3,3,3,3,3,3,3,3,3,3,3,3,3,3,3,3,3,3,3,3,3,3
169,1,3,3,3,3,3,3,3,3,3,3,3,3,3,3,3,3,3,3,2,3,3,3,3,3,3,3,3,3,3,3,3,3
170,1,3,3,3,3,3,3,3,3,3,3,3,3,3,3,3,3,3,3,3,3,3,3,3,3,3,3,3,3,3,3,3,3
171,1,3,3,3,3,3,3,3,3,2,3,3,3,3,3,3,3,3,2,3,3,3,3,2,3,3,3,3,3,3,3,3,3
172,1,3,3,3,3,3,3,3,3,3,3,3,3,3,3,3,3,3,3,3,3,3,3,3,3,3,3,3,3,3,2,3,3
173,1,3,3,3,3,3,3,3,2,2,3,3,3,3,3,3,3,3,3,3,3,3,3,3,3,3,3,2,3,3,3,3,3
174,1,3,3,3,3,3,3,3,3,3,2,3,3,3,3,2,3,3,3,2,3,3,3,3,3,3,3,3,3,3,3,3,3
175,1,3,2,3,3,3,3,3,3,3,3,3,3,2,3,3,3,3,3,3,3,3,3,3,3,3,3,3,3,3,3,3,3
176,1,3,3,3,3,3,3,3,3,2,3,3,2,3,3,3,3,3,3,3,3,3,3,3,3,2,2,3,3,3,3,3,3
177,1,3,2,3,3,3,3,3,3,3,2,3,2,3,3,3,3,3,3,3,2,2,3,3,2,3,3,3,3,2,2,3,3
178,1,3,3,3,3,2,3,3,3,3,3,3,3,3,3,3,3,3,3,3,3,3,3,3,3,2,3,3,2,2,2,3,3
179,1,3,3,3,3,3,2,3,3,3,3,3,3,3,3,3,3,3,3,3,3,3,3,2,3,3,3,3,3,3,3,3,3
180,1,3,3,3,3,3,3,3,3,3,2,3,3,3,3,3,3,3,2,3,3,3,3,2,2,3,3,2,2,3,3,3,3
181,1,3,3,2,3,3,3,3,3,3,3,3,3,3,3,3,3,3,3,3,3,3,3,3,3,3,3,3,3,3,3,2,3
182,1,3,2,3,5,3,3,3,3,3,3,3,5,3,2,3,3,3,3,3,3,3,3,3,3,3,3,3,3,3,3,3,3
183,1,3,3,3,3,3,3,2,3,2,3,2,3,3,3,3,3,3,3,3,3,2,2,3,2,3,3,3,3,3,3,3,2
184,1,3,3,5,2,3,5,3,3,3,3,3,3,3,3,3,3,3,3,3,3,3,3,3,3,3,3,3,2,2,2,3,3
185,1,5,3,2,3,5,5,3,2,2,3,3,3,5,5,3,5,5,3,5,5,2,2,5,2,3,5,3,3,3,2,3,2
0,2,5,5,5,3,2,3,3,3,3,3,5,3,3,3,5,5,5,5,5,5,2,5,3,3,3,2,3,5,3,2,3,3
1,2,5,5,3,2,5,2,3,5,3,5,3,3,5,3,3,3,2,5,3,5,5,3,5,3,2,3,5,5,3,3,5,5
2,2,5,3,3,5,3,5,3,5,5,2,3,3,5,5,3,5,5,5,5,3,5,5,3,5,3,2,5,2,5,5,5,5
3,2,3,5,2,3,5,3,5,5,3,5,5,3,3,5,3,5,3,3,3,2,3,2,7,5,3,5,3,5,5,5,3,3
4,2,2,2,2,3,2,3,2,3,2,2,3,2,3,3,3,2,3,3,2,3,3,3,2,2,2,2,2,2,3,3,3,3
5,2,2,7,2,3,3,2,2,3,3,7,2,3,7,2,2,2,3,2,3,2,3,3,3,3,3,7,3,2,7,3,3,2
6,2,2,2,2,3,3,3,7,3,3,3,2,2,3,3,3,3,2,2,2,3,2,2,2,3,2,2,3,3,3,3,0,3
7,2,3,3,3,3,3,3,5,3,3,3,3,3,3,3,3,3,3,3,3,3,3,3,3,3,3,3,3,7,3,3,3,3
8,2,3,3,3,3,3,3,3,2,3,3,3,3,7,2,3,3,3,2,3,3,7,3,3,3,2,3,3,3,3,3,3,3
9,2,3,3,3,3,3,2,3,3,2,3,3,3,2,3,3,3,3,3,3,3,3,3,3,3,3,2,3,3,3,3,3,3
10,2,3,3,3,3,3,3,3,3,3,3,3,2,3,3,3,3,3,3,3,3,3,3,2,3,2,3,2,3,2,3,3,3
11,2,3,3,3,3,2,7,3,3,2,3,3,3,3,2,3,3,2,3,2,3,3,3,3,3,3,2,3,3,3,3,2,3
12,2,3,3,3,3,3,3,3,3,3,3,3,3,3,3,3,3,3,3,3,3,3,3,3,3,3,3,3,3,3,3,3,3
13,2,3,3,3,3,3,3,3,2,3,3,3,3,3,3,3,3,3,3,3,3,3,3,3,3,3,3,3,3,3,3,3,7
14,2,3,3,3,3,3,3,2,3,3,3,2,3,3,3,3,3,3,3,3,3,3,3,3,3,3,2,3,3,2,3,3,3
15,2,3,3,2,3,3,3,3,3,7,3,3,3,3,2,3,3,2,3,3,3,3,3,3,3,3,3,3,3,3,3,3,3
16,2,3,3,3,3,3,3,3,3,3,3,3,3,3,3,3,3,3,3,3,3,3,3,3,3,3,3,3,3,3,7,3,3
17,2,3,3,3,2,3,7,3,3,3,3,3,3,3,3,3,3,3,3,3,3,3,3,3,3,3,3,3,3,3,2,3,3
18,2,3,2,3,3,3,3,3,3,3,3,3,3,3,3,3,3,3,3,3,3,3,3,3,3,3,3,3,3,3,3,3,3
19,2,3,3,3,3,3,3,3,3,3,3,3,3,3,3,3,3,3,3,3,3,3,3,3,3,3,3,3,3,3,3,3,3
20,2,3,3,3,3,3,3,3,3,3,2,3,3,3,3,3,3,3,3,3,3,3,3,3,3,3,3,3,3,3,3,3,3
21,2,3,3,3,3,3,3,3,3,3,3,3,3,3,3,3,3,3,3,3,3,5,3,3,3,3,3,3,3,3,3,3,3
22,2,3,3,3,3,3,3,3,3,3,2,3,3,3,3,3,3,3,3,3,3,3,3,3,3,3,3,3,3,3,3,3,3
23,2,3,3,3,2,3,3,3,7,3,3,3,3,3,3,3,3,3,3,3,3,3,3,3,3,3,3,3,3,3,3,3,3
24,2,3,3,3,3,3,2,3,3,3,3,3,3,3,3,3,3,3,3,3,3,3,3,3,3,3,3,3,3,3,3,3,3
25,2,3,2,3,3,3,3,3,3,3,3,3,3,3,3,3,3,3,2,3,3,3,3,3,3,2,3,3,3,3,3,3,3
26,2,3,3,3,3,3,3,3,3,3,2,3,3,3,3,3,3,3,3,3,3,3,3,2,3,3,3,3,3,3,3,3,3
27,2,3,3,3,3,3,3,3,3,2,3,3,3,3,3,3,3,7,3,3,3,3,3,2,3,3,3,3,2,3,3,3,2
28,2,3,3,3,3,3,3,2,3,3,3,3,3,3,3,3,3,3,3,3,2,3,3,3,3,3,3,2,3,3,3,2,3
29,2,3,3,2,3,3,3,3,3,3,3,3,3,3,2,5,5,3,3,3,2,3,3,3,3,3,3,3,3,3,3,3,3
30,2,3,3,3,3,3,2,3,3,3,3,3,3,3,3,3,3,3,3,3,3,3,2,3,3,3,3,3,3,3,3,3,3
31,2,3,3,3,3,3,3,3,3,3,3,3,3,3,3,3,3,3,3,3,3,3,7,3,3,7,3,3,3,3,3,3,3
32,2,3,3,3,3,3,3,3,3,3,3,3,3,3,3,3,3,2,3,3,3,3,3,3,3,3,2,3,3,3,3,3,3
33,2,3,3,3,3,3,2,3,3,3,3,3,3,3,3,3,3,3,3,3,3,3,3,3,3,3,3,3,3,3,3,3,3
34,2,3,3,3,3,3,3,3,3,3,3,3,3,3,3,3,3,3,3,3,3,2,3,3,3,3,3,3,3,5,3,3,3
35,2,3,5,3,3,5,3,3,3,3,5,3,5,3,3,5,3,3,5,2,3,3,3,3,3,3,5,3,3,3,3,3,3
36,2,3,3,3,5,3,5,5,3,3,5,3,3,5,3,3,3,3,3,3,3,5,2,3,3,5,5,5,2,5,5,3,3
37,2,3,3,3,5,3,3,3,5,3,3,3,3,3,3,3,3,3,3,5,3,3,3,3,3,3,3,3,5,3,3,3,3
38,2,3,3,3,3,3,3,3,5,3,3,2,3,3,5,5,3,3,3,3,3,3,3,3,3,3,3,3,5,3,3,3,3
39,2,3,3,3,3,2,3,3,3,3,3,3,3,3,3,5,3,3,3,3,3,3,3,3,3,3,5,3,2,3,3,3,3
40,2,3,3,3,5,3,5,5,3,3,5,3,7,3,5,5,3,5,3,5,5,3,3,5,3,3,5,3,3,5,5,3,3
41,2,5,3,3,5,3,5,3,3,5,5,5,5,3,5,3,3,5,3,5,3,2,3,3,5,5,5,3,3,5,3,3,3
42,2,5,5,5,5,5,3,5,5,5,3,3,5,5,5,5,5,5,5,5,5,3,5,5,5,5,3,3,5,5,5,5,5
43,2,5,5,3,5,5,5,5,0,5,5,5,5,5,5,5,5,3,5,5,5,5,3,5,5,3,5,5,2,5,5,5,5
44,2,5,5,3,3,5,3,3,3,5,3,3,5,5,3,3,3,3,5,3,5,3,3,3,3,3,3,3,5,5,3,5,3
45,2,5,3,3,3,5,3,3,5,3,3,5,3,5,5,3,3,3,3,5,3,5,3,3,5,3,3,5,5,5,5,5,3
46,2,5,5,3,5,3,3,3,3,5,5,3,5,5,3,5,3,3,3,3,3,3,5,3,3,5,3,3,3,3,3,3,5
47,2,5,3,5,3,5,5,5,5,5,3,5,3,5,5,5,3,3,3,5,5,5,3,3,3,5,3,3,3,5,5,3,5
48,2,5,5,5,3,5,5,3,5,3,3,5,5,3,3,5,5,5,5,3,3,5,5,3,5,5,3,3,5,5,5,5,3
49,2,5,5,5,5,5,5,5,5,3,3,5,5,3,5,5,3,3,5,3,5,3,3,5,5,3,3,3,3,5,5,3,5
50,2,5,5,5,3,5,3,0,5,5,5,5,3,3,3,3,3,5,5,5,5,3,5,5,3,3,3,3,5,3,3,5,3
51,2,5,5,3,5,5,5,5,5,5,5,3,3,3,5,3,3,3,5,5,5,3,3,5,3,5,3,5,3,3,5,5,5
52,2,5,3,5,3,5,5,5,5,5,5,5,5,3,3,5,5,5,5,5,3,5,3,5,3,3,3,5,5,5,3,5,5
53,2,5,3,5,5,3,5,3,3,3,3,3,5,5,3,3,5,5,5,3,5,3,5,3,5,5,5,3,3,5,5,3,3
54,2,5,3,3,3,3,5,3,3,5,5,5,3,3,3,3,5,3,5,5,5,3,3,5,3,5,5,3,5,3,5,5,3
55,2,5,5,3,3,5,5,5,5,3,5,3,3,5,3,3,5,5,5,5,5,3,3,5,5,5,5,5,3,5,3,5,5
56,2,3,5,3,3,3,3,3,5,5,3,3,5,3,3,3,3,3,3,3,3,5,3,5,3,3,5,0,5,5,5,3,3
57,2,2,3,2,2,2,2,3,2,2,2,2,2,5,2,2,2,2,2,2,3,2,2,2,2,2,2,2,2,2,2,2,2
58,2,2,2,2,2,2,2,2,2,3,2,7,2,2,2,7,2,7,2,3,2,2,2,2,2,2,2,2,2,2,2,2,2
59,2,2,2,2,2,2,2,2,3,2,2,2,2,2,2,2,2,3,2,2,2,2,2,2,2,3,2,7,3,3,2,2,2
60,2,2,2,2,2,2,2,2,2,3,3,2,2,2,2,3,2,2,2,2,2,2,2,2,2,2,2,2,2,2,2,2,2
61,2,2,2,2,2,2,3,2,2,2,2,3,2,2,2,2,2,7,2,2,2,2,2,2,2,2,2,2,2,3,3,3,2
62,2,2,3,3,2,2,2,5,2,2,2,3,2,2,2,2,3,2,3,2,2,2,2,2,2,2,2,3,2,2,2,2,3
63,2,2,2,3,2,3,2,2,2,2,3,2,3,3,2,3,2,3,2,3,2,3,3,3,3,2,2,3,3,5,3,3,2
64,2,2,3,3,3,7,2,2,2,2,2,2,2,2,2,3,3,3,3,3,3,3,2,3,2,2,2,2,2,2,3,2,3
65,2,3,3,3,7,3,3,3,3,3,2,7,3,3,2,7,3,3,3,3,2,3,3,3,2,3,3,3,3,3,3,3,3
66,2,7,3,3,3,3,5,3,3,3,3,3,3,5,3,3,7,3,3,3,3,3,2,7,3,7,3,3,7,3,3,3,3
67,2,7,7,3,3,3,7,3,2,7,7,3,3,3,7,3,3,3,3,7,7,7,3,7,3,7,7,3,2,3,3,2,7
68,2,3,7,2,3,3,3,3,3,3,3,3,3,3,3,3,3,3,3,3,3,7,3,7,3,3,3,3,3,2,3,3,3
69,2,3,3,3,3,3,3,3,3,3,3,7,3,3,3,7,3,3,3,3,3,3,3,7,3,3,3,3,3,3,3,3,3
70,2,3,7,7,7,3,3,3,5,3,3,3,7,3,3,3,3,3,2,3,3,2,5,3,3,3,3,3,7,3,7,3,3
71,2,3,3,3,3,3,3,7,3,3,3,3,2,3,3,3,2,7,3,2,3,3,3,7,3,3,3,3,3,3,7,3,3
72,2,3,7,3,5,3,3,3,3,7,7,3,3,3,3,2,7,3,3,3,3,3,2,3,3,3,7,7,3,3,3,3,3
73,2,3,3,3,3,2,3,3,3,3,3,3,2,3,3,3,3,3,2,3,3,3,3,3,3,3,3,3,3,3,3,3,3
74,2,2,2,2,3,2,2,3,2,2,3,2,2,2,2,3,2,2,2,2,2,2,2,2,3,3,2,2,2,3,3,3,2
75,2,2,2,3,2,2,3,3,2,2,3,2,2,2,2,2,2,2,2,2,3,2,2,2,3,3,2,3,2,2,2,2,2
76,2,2,2,3,2,2,3,2,2,3,3,2,3,2,2,2,2,7,3,2,3,2,2,2,2,2,7,2,2,2,2,2,2
77,2,2,2,2,2,3,7,3,2,2,2,2,2,3,2,3,3,2,3,3,2,3,3,2,2,3,3,2,2,2,2,3,2
78,2,3,2,2,2,7,3,3,2,2,2,3,3,3,3,3,2,2,3,2,2,3,3,2,3,3,2,3,3,3,3,3,3
79,2,2,3,2,2,3,2,2,2,2,3,3,3,7,3,2,2,3,2,3,2,3,2,3,2,2,2,2,2,2,2,2,2
80,2,2,3,3,2,3,3,2,3,3,2,2,3,3,3,3,3,2,3,3,3,7,3,2,3,3,3,3,3,2,3,2,3
81,2,3,3,3,3,3,3,3,2,3,2,2,2,3,3,3,7,3,3,3,3,3,2,2,3,2,3,3,3,3,2,3,2
82,2,3,3,3,3,3,3,3,3,3,3,3,3,3,3,3,3,3,3,3,3,3,3,3,3,3,3,3,3,3,3,3,3
83,2,3,3,3,3,3,2,3,3,3,5,3,3,3,5,3,3,3,3,3,3,3,3,3,3,3,3,5,3,3,3,3,3
84,2,3,3,3,3,3,3,2,3,5,3,3,3,3,3,3,3,5,3,3,3,3,3,5,3,5,2,3,3,3,3,3,5
85,2,2,3,2,3,3,5,3,3,3,3,3,5,3,3,2,3,5,3,2,3,3,3,3,5,3,3,5,2,3,3,3,3
86,2,7,3,5,3,3,7,7,7,2,7,3,7,2,2,5,2,7,7,2,5,3,2,7,7,7,7,3,7,7,5,7,7
87,2,5,3,5,5,5,3,5,5,5,5,3,3,3,5,7,3,5,5,7,5,5,3,3,5,7,3,5,5,5,5,5,5
88,2,5,5,5,3,3,5,5,5,5,5,5,5,5,5,5,5,5,5,5,5,5,5,3,5,5,5,5,5,5,5,5,5
89,2,5,5,5,5,5,3,5,5,3,5,3,3,7,3,5,5,3,5,5,7,3,5,7,5,5,7,5,5,5,7,7,5
90,2,5,5,5,5,3,5,5,2,5,5,5,5,5,5,3,3,5,5,5,5,5,5,5,3,5,3,3,5,5,5,5,5
91,2,5,5,5,5,5,5,5,5,5,5,5,5,5,5,5,5,3,3,5,5,3,5,3,5,5,5,5,5,5,5,5,5
92,2,5,3,5,5,5,5,2,3,5,5,3,5,2,3,5,5,5,5,3,5,5,2,2,5,5,5,5,5,5,3,5,5
93,2,5,3,3,3,5,3,5,2,3,3,5,3,3,3,3,5,3,5,3,3,5,5,3,2,5,5,3,5,5,5,3,7
94,2,5,3,5,3,5,3,3,5,5,3,3,5,3,5,3,5,3,3,5,3,3,5,3,3,3,3,5,3,3,3,3,3
95,2,3,3,3,5,3,5,3,3,3,5,3,5,3,3,3,3,3,3,5,5,3,3,5,3,5,3,3,3,3,3,5,5
96,2,5,5,5,3,5,5,5,5,5,5,3,5,5,5,5,5,3,3,3,5,5,5,5,5,3,5,3,5,3,5,5,3
97,2,5,5,5,3,5,5,3,3,5,5,3,5,3,5,5,5,5,5,5,5,5,5,3,5,5,5,5,3,3,3,5,5
98,2,5,3,5,5,5,5,7,3,5,5,5,5,5,5,5,5,5,5,5,5,5,3,3,5,3,5,5,5,5,3,5,5
99,2,5,5,5,5,3,5,3,5,5,5,3,5,5,5,5,5,5,5,3,3,5,5,3,3,5,3,5,3,5,5,5,5
100,2,5,5,5,5,3,3,3,5,3,3,3,3,5,3,5,5,5,5,5,3,3,5,5,3,5,3,3,5,3,3,3,5
101,2,5,5,5,5,5,3,3,5,5,5,5,3,5,5,5,5,5,2,5,5,5,5,5,5,5,5,5,5,5,5,5,5
102,2,3,3,3,3,3,5,5,3,3,3,3,3,3,3,3,3,3,3,3,3,3,3,3,3,3,3,3,5,3,3,3,3
103,2,3,3,3,3,3,3,3,3,3,3,3,5,5,3,3,3,5,3,3,3,5,3,3,3,3,3,3,3,3,5,3,5
104,2,3,3,3,3,3,3,3,3,3,3,3,3,3,3,3,3,3,3,3,3,3,3,3,3,3,3,3,3,3,3,3,3
105,2,3,3,3,3,3,3,3,3,3,3,3,3,3,3,3,3,3,3,3,5,3,3,3,5,3,3,3,3,3,3,3,3
106,2,3,3,3,3,3,3,3,3,3,3,3,3,3,3,3,3,3,3,3,3,3,3,3,3,3,3,3,3,3,3,3,3
107,2,3,3,3,3,3,5,3,3,3,3,3,3,3,3,3,3,3,3,3,3,3,3,5,3,3,3,3,3,3,3,3,3
108,2,3,3,3,3,3,3,5,3,3,3,3,3,3,5,3,3,5,3,3,5,3,3,3,3,3,3,3,3,3,3,5,3
109,2,3,3,3,3,3,3,3,3,3,3,3,3,3,3,3,3,3,3,3,3,3,3,3,3,2,3,3,3,3,3,3,3
110,2,3,3,3,3,3,3,3,3,3,2,3,3,3,3,3,3,3,3,5,3,3,3,3,3,3,3,3,3,3,3,3,3
111,2,3,5,3,3,3,3,3,3,3,3,5,3,3,3,3,3,3,2,3,3,3,3,5,3,3,3,3,3,3,3,3,3
112,2,3,3,5,3,3,3,3,3,3,3,3,3,3,3,3,3,3,3,3,3,3,3,3,3,3,3,3,3,3,3,3,3
113,2,3,3,5,3,3,3,3,3,3,3,3,5,3,3,3,3,3,3,3,3,3,3,3,3,3,3,3,3,3,5,3,3
114,2,3,3,3,5,3,3,3,3,3,3,3,3,3,3,3,3,3,3,3,3,3,3,3,3,3,3,5,3,3,3,3,3
115,2,3,3,3,3,3,3,3,3,3,3,3,3,3,3,3,3,3,3,3,3,3,3,3,3,3,3,3,3,3,3,3,3
116,2,3,3,3,3,3,3,3,3,3,3,3,3,3,3,3,3,3,3,3,3,3,3,3,3,3,3,3,3,3,3,3,3
117,2,3,3,3,3,3,3,3,3,3,3,3,3,3,3,3,3,3,3,3,3,3,3,3,3,3,3,3,3,3,3,3,3
118,2,3,3,3,3,3,3,3,3,3,3,3,3,3,3,3,3,3,3,3,3,3,3,3,3,3,3,3,3,3,3,3,3
119,2,3,3,3,3,3,3,3,3,3,3,3,3,3,3,3,3,3,3,3,3,3,3,3,3,3,3,3,3,3,3,3,3
120,2,3,3,3,3,3,3,3,5,3,3,3,3,3,3,3,3,3,3,3,3,3,3,3,3,3,3,3,3,3,3,2,3
121,2,3,3,3,3,3,3,3,3,3,3,3,3,3,3,3,3,3,3,3,3,3,3,3,3,3,3,3,3,3,3,3,3
122,2,3,3,3,3,3,3,3,3,3,3,3,3,3,3,5,3,3,3,3,3,3,3,3,3,3,3,3,3,3,3,3,3
123,2,3,3,5,3,3,3,3,3,3,3,3,5,3,3,3,3,3,3,3,3,5,3,3,3,3,3,3,3,3,3,3,3
124,2,3,3,3,3,3,3,3,3,3,3,3,3,3,3,3,3,3,3,3,3,3,3,3,3,3,3,3,3,3,3,3,3
125,2,3,3,3,3,3,3,3,3,3,3,3,3,3,3,3,3,3,3,3,3,3,3,3,3,3,3,3,3,3,3,3,3
126,2,3,3,3,3,3,3,3,3,3,3,3,3,3,3,3,0,3,3,3,3,3,3,3,3,3,3,3,0,3,3,3,3
127,2,3,3,3,3,3,3,3,3,5,3,3,3,3,3,3,3,3,3,3,3,3,3,3,3,3,3,3,3,3,3,3,3
128,2,3,3,3,3,5,3,3,3,3,3,3,3,3,3,3,0,3,3,3,3,3,3,3,3,3,3,3,3,3,3,3,3
129,2,0,3,3,7,3,3,3,3,5,3,3,3,3,3,0,3,3,3,0,3,3,3,0,3,3,5,0,3,0,5,3,0
130,2,3,3,0,0,3,3,3,3,3,5,5,0,3,3,3,3,0,3,3,3,3,3,0,0,3,5,3,5,3,3,5,3
131,2,3,3,3,3,0,3,3,5,3,3,3,0,3,3,3,3,3,3,5,3,5,5,3,3,3,3,2,3,3,3,3,3
132,2,3,5,3,3,5,3,3,3,0,0,3,5,3,5,5,3,3,0,3,3,3,3,3,3,0,3,0,3,3,3,3,3
133,2,3,3,5,3,3,5,3,0,3,3,5,5,3,5,3,3,5,5,5,0,3,3,5,5,5,3,3,5,0,3,3,0
134,2,3,3,3,3,5,3,3,3,0,3,3,3,7,3,0,3,0,5,0,3,5,0,3,0,0,3,5,5,5,3,3,3
135,2,3,3,3,3,3,5,5,3,3,3,3,3,3,5,3,2,3,0,3,3,3,3,3,5,2,5,5,3,3,3,3,0
136,2,3,3,3,3,3,3,0,3,3,3,3,3,7,3,5,5,3,3,3,3,3,5,3,3,7,5,3,3,3,5,0,3
137,2,3,3,3,3,3,3,3,5,3,3,3,3,3,3,3,5,3,3,3,3,3,3,3,3,3,3,3,3,3,3,3,3
138,2,3,3,3,3,3,3,3,3,3,3,3,3,3,3,3,3,3,3,3,3,3,3,3,3,3,3,3,3,3,3,3,3
139,2,3,3,3,2,3,3,3,2,3,3,3,3,3,3,3,3,3,3,3,3,3,3,3,3,3,3,5,3,3,3,2,3
140,2,3,3,3,5,3,3,3,3,2,3,3,3,3,3,3,3,3,3,3,3,3,3,3,3,3,3,3,3,3,3,3,3
141,2,3,3,3,3,3,3,3,3,3,3,3,3,3,3,3,3,3,3,3,3,3,3,3,5,3,3,3,3,3,3,3,3
142,2,3,3,3,3,3,3,3,3,3,3,5,3,3,5,3,3,3,3,3,3,3,3,3,5,3,3,3,3,3,3,3,3
143,2,3,3,3,3,3,3,3,3,3,5,3,2,5,3,3,5,5,5,2,3,3,5,5,5,2,5,3,3,3,3,3,3
144,2,3,5,3,3,3,3,3,3,3,3,3,5,5,3,3,3,5,3,5,3,3,3,3,3,3,3,3,3,3,3,5,3
145,2,3,3,5,3,5,3,3,3,3,3,3,3,3,3,3,3,3,3,3,3,5,3,3,3,3,3,3,3,3,3,3,5
146,2,3,3,5,5,3,3,3,5,5,5,3,3,3,3,5,3,3,3,3,3,3,5,3,5,3,5,5,3,3,3,3,3
147,2,5,3,5,5,3,5,3,5,5,3,3,3,3,3,5,3,3,3,3,3,5,3,3,5,5,3,3,5,3,5,3,5
148,2,3,3,5,5,3,5,3,5,3,3,3,5,3,5,5,5,5,5,3,5,3,3,5,5,3,3,3,3,5,5,3,5
149,2,3,3,5,5,5,5,3,5,3,5,3,5,5,5,3,3,3,3,3,3,3,3,5,3,3,3,3,5,5,3,5,5
150,2,3,5,5,3,3,3,5,5,5,5,3,3,5,3,3,5,3,5,5,5,5,3,3,3,3,5,5,3,3,5,5,3
151,2,3,3,5,5,3,3,3,3,5,3,3,3,3,5,3,3,3,3,3,3,3,3,3,3,3,3,3,3,3,3,3,3
152,2,3,3,3,3,3,2,3,3,3,3,3,3,3,3,3,3,3,3,3,3,3,3,3,3,5,3,3,3,3,3,3,3
153,2,3,3,3,3,5,3,3,3,3,3,3,3,5,3,3,3,3,5,3,3,3,3,3,3,3,3,3,3,3,3,3,3
154,2,3,3,2,5,5,3,3,3,3,3,3,3,5,3,3,3,3,3,5,3,3,3,3,3,3,3,3,3,3,3,3,3
155,2,3,2,3,3,5,3,3,5,3,3,3,3,3,3,5,5,3,3,3,5,3,5,3,3,5,3,3,5,5,2,5,3
156,2,3,3,3,3,5,3,3,5,3,3,3,3,3,3,5,3,3,3,5,3,2,3,3,3,5,3,0,3,3,5,3,3
157,2,3,3,3,3,3,3,3,3,3,3,3,3,3,3,3,3,3,3,3,3,3,5,3,3,3,3,3,3,3,5,3,3
158,2,5,3,3,5,3,3,5,5,3,3,3,3,3,5,5,3,5,3,3,3,3,3,3,3,5,3,5,3,5,3,3,5
159,2,3,3,2,0,3,3,3,3,3,3,5,3,3,3,3,3,3,3,3,3,3,3,3,3,3,3,2,3,3,3,3,3
160,2,3,3,3,3,3,1,5,3,2,3,3,2,5,3,3,2,3,3,3,3,3,3,3,7,3,3,5,3,2,2,3,2
161,2,3,3,3,2,3,3,3,3,3,3,3,3,3,3,3,2,3,3,3,3,3,3,3,3,3,3,2,3,3,3,3,3
162,2,3,2,3,5,3,3,5,3,3,3,3,3,3,3,3,3,2,2,3,3,3,7,7,2,3,3,3,3,3,3,5,3
163,2,3,3,3,3,2,3,3,3,3,3,3,3,3,3,3,3,3,3,3,3,3,3,7,3,7,3,3,3,3,2,3,3
164,2,2,3,2,3,3,3,2,3,3,2,2,3,3,3,2,3,3,3,2,3,3,2,3,3,3,5,3,3,2,3,2,5
165,2,3,3,3,3,3,2,2,3,3,3,3,3,2,3,3,2,3,3,3,2,2,3,3,2,3,2,3,3,2,7,2,3
166,2,2,2,7,2,2,3,3,2,3,3,3,3,3,2,2,3,3,2,2,3,3,2,3,2,2,2,3,3,2,3,2,2
167,2,2,2,3,2,3,2,3,2,3,2,2,3,3,2,0,3,5,3,3,3,3,5,2,3,3,3,3,2,3,2,3,3
168,2,3,3,2,3,3,2,3,3,3,2,3,3,3,3,2,2,2,3,2,3,3,2,3,3,2,3,3,0,2,2,2,3
169,2,3,2,3,3,3,7,3,3,3,3,3,3,3,2,3,3,3,3,3,2,3,3,3,3,3,3,3,3,3,3,3,2
170,2,3,3,3,2,2,3,3,3,3,2,3,3,3,3,2,2,2,3,3,2,3,2,3,0,3,3,3,3,3,3,3,3
171,2,3,3,3,3,2,2,2,3,3,3,2,3,3,3,3,3,3,3,3,2,7,3,2,2,2,3,2,2,3,3,2,3
172,2,3,3,2,3,2,3,3,3,2,3,3,3,3,3,3,3,3,2,3,3,2,2,3,3,3,3,3,7,3,2,2,3
173,2,3,3,3,3,3,3,3,3,2,3,2,3,3,3,2,3,3,3,2,3,2,2,2,3,3,3,3,3,2,3,3,3
174,2,3,3,2,2,3,3,3,3,2,2,3,3,3,7,3,3,3,3,3,3,2,3,3,3,3,2,2,3,3,7,2,3
175,2,3,2,3,3,2,2,3,2,3,1,3,0,7,3,3,3,3,3,2,2,3,3,2,3,2,3,3,3,2,3,3,2
176,2,3,3,2,2,2,0,3,3,3,3,2,3,3,3,2,2,3,3,3,3,3,3,2,3,2,7,3,7,3,3,2,0
177,2,3,3,3,7,2,3,3,2,2,2,3,3,2,3,2,3,2,3,3,2,3,2,3,2,3,2,3,2,3,3,2,3
178,2,3,3,3,3,3,3,7,3,3,7,3,3,3,3,3,2,3,3,2,3,3,3,3,3,3,3,3,3,3,3,3,3
179,2,3,3,3,3,3,3,3,3,3,3,2,3,3,3,3,3,3,3,3,3,3,3,3,3,3,3,3,3,3,3,3,3
180,2,3,3,3,3,3,3,3,3,3,3,3,3,3,2,3,3,3,3,3,3,3,3,3,3,3,3,3,2,3,3,3,3
181,2,3,3,3,3,2,3,3,7,3,3,3,3,3,3,3,3,3,3,3,3,3,3,2,3,3,3,3,3,3,3,3,3
182,2,3,3,3,3,3,3,3,3,3,3,3,3,3,3,3,5,3,3,3,3,3,3,3,3,3,3,3,3,3,3,3,3
183,2,3,3,3,3,3,3,3,3,3,3,3,3,3,3,3,3,3,3,3,3,3,3,3,3,3,3,3,3,3,3,3,3
184,2,3,3,3,3,3,3,7,3,2,3,3,3,3,3,3,3,3,3,7,3,3,3,3,3,3,3,3,3,3,3,3,3
185,2,3,3,3,2,3,3,3,3,3,3,3,3,3,3,3,3,3,3,3,3,3,3,3,3,3,3,3,3,3,3,3,3
0,3,3,3,3,2,3,7,2,5,3,3,2,3,3,2,3,2,2,7,2,3,2,3,7,3,7,3,2,3,2,2,2,3
1,3,3,3,2,3,2,3,2,2,3,2,3,2,3,3,2,2,2,5,2,2,2,7,3,3,2,2,3,2,2,3,2,3
2,3,3,3,2,3,3,3,3,3,3,2,3,3,3,3,3,3,3,2,3,3,3,3,3,3,3,3,2,3,3,2,2,3
3,3,2,2,3,2,5,3,3,3,2,2,3,7,3,2,3,2,3,3,3,3,3,3,2,3,2,2,3,3,3,3,2,2
4,3,2,2,3,2,2,2,3,3,3,3,7,2,3,2,2,5,2,2,3,2,2,7,2,2,2,2,3,7,7,7,2,2
5,3,2,7,2,2,3,2,2,2,2,7,3,3,2,2,7,3,2,2,2,7,2,3,7,2,3,3,7,3,2,3,3,3
6,3,2,7,7,5,2,2,2,3,2,2,2,2,2,2,2,2,2,2,2,3,3,2,3,3,7,2,3,3,2,2,5,7
7,3,2,2,3,7,2,2,2,3,7,2,3,3,2,7,7,3,3,3,2,2,3,3,2,2,7,2,2,2,2,2,3,5
8,3,2,2,2,2,2,2,2,7,2,2,2,2,2,2,3,7,2,3,3,2,2,2,7,2,2,5,2,2,5,2,2,3
9,3,2,3,7,7,2,3,3,2,2,2,3,5,2,2,7,3,2,7,3,5,2,2,2,2,3,3,3,2,3,3,2,2
10,3,2,2,7,7,7,2,2,2,2,2,7,3,7,3,3,2,3,3,3,3,3,2,3,2,2,2,7,2,2,7,2,2
11,3,3,3,3,3,3,2,7,3,3,3,3,3,2,3,3,2,2,3,2,3,7,2,2,3,3,7,3,3,3,2,2,3
12,3,3,5,3,1,2,3,3,3,3,3,2,3,3,3,2,3,3,2,3,7,2,3,3,3,3,7,2,3,3,3,3,3
13,3,3,3,3,2,2,3,3,3,3,3,2,7,2,3,3,3,3,3,3,3,3,3,3,7,2,3,3,3,3,3,2,7
14,3,3,3,2,3,7,2,3,3,2,3,3,3,3,2,7,2,3,2,3,2,3,3,3,3,2,2,1,3,2,3,3,3
15,3,3,5,3,3,2,2,3,2,3,2,3,2,3,2,5,5,3,5,5,3,2,5,3,3,3,2,3,3,7,3,7,2
16,3,3,3,3,3,3,3,3,3,3,3,3,5,3,7,3,3,2,3,7,2,7,3,3,5,3,3,3,7,2,3,3,3
17,3,3,3,7,2,3,5,3,3,3,5,7,2,3,3,2,7,3,3,5,3,3,3,2,3,3,3,7,3,2,2,2,3
18,3,3,3,3,3,3,2,3,3,3,3,3,3,3,2,2,3,3,3,3,3,3,3,3,3,2,3,3,2,3,2,3,3
19,3,3,7,7,3,3,2,2,2,7,2,5,3,3,2,7,2,3,3,3,3,2,7,7,2,3,2,3,2,2,7,5,3
20,3,3,3,3,3,3,3,3,3,3,3,3,2,7,3,3,3,3,3,3,3,3,3,3,3,3,3,3,2,5,3,3,3
21,3,3,3,3,3,3,3,3,3,3,3,3,2,3,2,3,3,3,3,3,3,3,3,2,3,3,3,3,3,3,3,3,3
22,3,3,3,3,3,3,3,3,3,2,3,3,2,3,3,3,3,3,3,3,3,3,3,3,3,2,3,3,3,3,3,3,3
23,3,3,3,3,3,3,3,3,3,3,3,2,2,3,3,3,3,3,3,3,3,3,3,2,3,3,3,7,3,2,3,3,3
24,3,3,3,3,3,3,3,2,3,3,3,7,2,3,2,3,3,3,3,3,3,3,3,3,3,7,3,3,3,3,3,2,3
25,3,3,3,3,3,3,3,3,3,3,3,3,3,3,3,2,3,2,3,3,3,7,3,3,3,3,3,3,3,3,3,3,3
26,3,3,3,2,3,3,3,3,3,3,3,7,3,3,3,3,3,3,3,3,3,3,3,3,7,3,3,3,3,2,3,3,3
27,3,3,3,3,3,2,3,3,3,3,3,3,3,7,3,2,3,3,3,3,3,3,3,3,3,3,3,3,3,3,3,3,3
28,3,3,3,3,3,3,3,2,3,3,3,3,3,3,3,2,2,2,3,3,3,3,3,3,3,3,7,3,3,3,2,5,3
29,3,3,3,3,3,3,3,3,3,7,3,2,3,3,3,3,3,3,3,3,3,3,3,2,3,3,3,3,3,3,3,3,3
30,3,3,2,2,2,3,3,3,3,3,3,3,3,3,3,2,3,3,3,3,3,3,3,3,3,3,3,3,2,3,3,3,3
31,3,3,3,3,3,5,3,3,3,3,3,3,3,3,3,3,3,3,3,3,3,3,3,3,3,3,3,3,5,3,3,3,3
32,3,3,3,3,3,3,3,3,3,3,3,3,3,3,3,3,3,3,3,3,3,3,2,3,3,3,3,3,3,3,3,3,3
33,3,3,3,3,3,3,3,5,5,3,3,7,3,3,3,3,2,3,3,3,3,3,3,3,3,3,3,3,3,3,3,3,3
34,3,3,3,3,3,3,3,2,3,5,3,3,3,3,3,3,3,3,3,3,3,3,3,3,3,3,3,3,3,3,3,3,3
35,3,3,3,3,3,3,3,3,3,7,3,3,3,2,3,3,5,3,3,3,2,3,3,5,3,3,7,3,3,3,3,3,3
36,3,3,7,3,3,3,3,3,3,3,3,3,3,5,3,3,7,3,3,3,3,3,3,3,3,3,7,7,3,3,3,3,3
37,3,3,3,5,5,3,3,3,3,3,3,3,3,3,3,5,3,3,3,3,3,3,3,3,3,3,3,3,3,3,3,5,3
38,3,3,3,3,3,3,3,3,3,3,3,3,3,3,5,3,3,3,3,3,3,3,3,3,3,3,3,3,3,3,3,3,3
39,3,3,3,3,3,3,3,3,3,3,3,3,3,3,3,3,3,3,3,3,3,3,3,3,3,3,3,3,8,3,3,3,3
40,3,3,3,3,3,3,3,3,3,3,3,3,3,3,3,3,3,3,3,3,3,3,3,3,3,3,3,3,3,3,3,3,3
41,3,3,3,3,3,3,3,3,3,3,3,3,3,3,3,3,3,3,3,3,3,3,3,3,3,3,3,3,3,3,2,3,3
42,3,3,3,3,3,3,5,3,3,3,3,3,3,3,2,3,7,3,3,3,3,3,3,3,3,3,3,3,3,3,3,3,3
43,3,3,3,3,3,3,3,3,3,3,3,3,3,3,7,3,3,3,3,3,3,3,3,3,3,3,3,3,3,3,3,3,3
44,3,3,3,3,3,3,3,3,3,3,3,3,3,3,3,3,3,3,3,3,3,3,3,3,3,3,3,3,3,3,2,3,3
45,3,3,3,3,3,3,3,3,3,3,3,3,2,3,3,3,5,3,3,3,3,3,3,3,3,3,3,3,3,3,3,3,3
46,3,3,3,3,7,5,3,3,3,3,3,0,3,3,3,3,3,3,0,3,3,5,3,3,0,3,5,3,3,3,3,3,3
47,3,3,3,3,3,7,2,3,3,3,3,3,3,3,3,3,3,3,3,3,3,3,3,3,3,3,3,3,7,2,3,3,3
48,3,3,3,3,3,3,3,3,3,3,3,3,3,3,3,3,3,3,3,3,3,3,3,3,3,3,3,3,3,0,3,3,3
49,3,3,3,3,3,3,3,3,3,3,3,3,3,3,3,3,3,3,3,3,3,3,3,3,3,3,3,3,3,3,5,3,3
50,3,3,3,3,3,3,3,3,3,3,3,3,3,3,3,3,3,3,3,3,3,3,3,3,3,3,3,3,3,3,3,3,3
51,3,3,3,3,3,3,3,3,3,3,3,3,3,3,3,3,3,3,3,3,3,3,3,3,3,3,3,3,3,3,3,3,3
52,3,3,7,3,3,3,3,3,3,3,3,3,3,3,3,3,3,2,3,3,3,3,3,3,3,3,3,3,3,3,7,3,3
53,3,3,3,3,3,3,3,3,3,3,3,3,3,3,3,3,3,3,3,3,3,3,3,3,3,3,3,3,3,3,3,3,3
54,3,3,3,3,3,3,3,3,3,3,3,3,3,3,3,3,3,3,3,3,3,3,3,3,3,3,3,3,3,3,3,3,3
55,3,3,3,3,3,3,3,3,3,3,3,3,3,3,3,3,3,3,3,3,3,3,3,3,3,3,3,3,3,3,3,3,3
56,3,3,3,3,3,3,3,3,3,3,3,3,3,3,3,3,3,3,3,3,3,3,3,3,3,3,3,3,3,3,3,3,3
57,3,3,3,3,3,3,3,3,3,3,2,5,3,3,3,3,3,3,5,3,3,3,5,3,2,3,3,3,3,3,3,3,3
58,3,3,5,3,3,3,3,3,3,3,3,3,3,3,3,3,3,3,3,3,3,3,5,3,3,3,3,3,3,3,3,3,3
59,3,3,3,3,3,3,3,3,3,3,3,2,3,3,3,3,3,3,3,3,3,3,3,3,3,3,3,3,3,3,3,3,3
60,3,3,3,3,3,3,3,3,3,3,3,3,3,3,3,3,3,3,3,3,3,3,3,2,3,3,3,3,3,3,3,3,3
61,3,3,7,3,3,3,3,3,3,3,3,3,3,3,3,3,3,3,3,3,3,3,3,3,3,3,3,3,3,3,3,3,3
62,3,3,3,3,3,3,3,3,3,3,3,3,3,3,3,3,3,3,3,3,3,3,3,3,3,3,3,3,3,3,3,3,3
63,3,3,3,3,3,3,3,3,3,3,3,3,3,3,3,5,3,3,3,5,3,3,3,3,3,3,3,3,3,3,3,7,3
64,3,3,3,3,7,3,3,3,3,3,3,3,3,3,3,3,3,3,3,3,5,3,3,5,5,3,3,3,3,3,3,3,3
65,3,5,3,3,3,3,3,5,3,5,3,5,3,3,5,3,5,3,3,5,5,3,5,5,3,3,3,3,3,5,3,3,5
66,3,5,5,3,5,3,5,3,3,5,5,2,3,3,3,3,5,3,3,3,3,3,3,3,3,5,5,3,3,3,5,5,5
67,3,5,5,3,5,5,5,5,5,3,3,5,5,3,5,3,5,5,3,2,5,3,5,5,5,5,5,5,5,3,5,5,5
68,3,3,2,3,3,5,5,5,3,5,3,5,3,3,5,3,5,5,3,3,2,5,3,3,5,3,3,5,2,3,3,3,3
69,3,3,3,3,3,3,3,3,3,3,3,3,5,3,5,3,3,3,3,3,3,3,2,3,3,3,3,3,3,3,3,3,3
70,3,3,3,3,3,3,2,3,3,5,3,3,3,3,3,3,3,3,3,5,3,3,3,3,3,3,3,5,3,3,3,5,3
71,3,5,3,3,5,3,5,5,5,3,3,5,5,3,5,5,3,3,2,5,5,5,5,5,3,3,2,5,3,5,3,3,3
72,3,5,5,5,5,3,3,5,5,3,3,5,5,5,5,5,5,3,5,3,5,3,3,5,5,5,3,5,5,5,5,5,5
73,3,3,3,5,3,3,2,3,3,3,5,3,3,3,3,3,3,3,3,3,3,3,3,2,3,3,3,3,5,3,3,3,3
74,3,5,3,5,3,3,3,5,5,5,3,3,3,3,3,5,5,3,3,3,3,3,3,3,3,5,5,3,5,3,5,3,3
75,3,5,3,5,3,3,5,5,5,3,3,5,3,3,3,5,5,3,5,5,3,5,3,5,5,5,5,5,3,5,5,3,5
76,3,5,5,3,5,5,5,5,3,3,3,3,5,5,5,3,5,5,5,5,5,3,3,5,5,5,5,5,3,3,3,5,3
77,3,5,5,5,3,5,5,5,5,3,5,5,5,5,3,5,5,3,3,3,3,3,3,5,5,3,5,3,5,2,3,3,3
78,3,5,3,5,5,5,5,3,3,5,3,3,5,5,5,5,3,3,3,3,3,5,5,5,5,5,5,5,5,5,5,5,3
79,3,5,5,5,5,3,5,5,3,3,5,5,3,5,5,5,5,3,5,3,5,3,5,3,3,3,5,3,5,3,3,5,5
80,3,5,5,3,3,3,3,5,3,3,5,5,3,5,3,3,5,5,3,3,5,5,3,5,5,5,5,3,3,3,5,5,5
81,3,5,3,3,5,3,3,5,5,3,5,3,3,5,5,3,3,5,5,5,3,3,5,5,3,5,5,5,5,5,3,3,5
82,3,3,3,3,3,5,3,3,3,3,3,3,3,3,5,3,5,3,3,3,3,3,3,5,3,5,3,3,5,3,3,3,3
83,3,3,3,3,3,7,3,3,3,3,2,3,3,3,3,3,3,3,3,3,3,3,5,3,3,3,3,3,3,3,3,3,3
84,3,3,3,3,3,3,3,3,3,3,3,3,3,3,2,3,3,3,3,3,3,3,3,3,3,3,2,3,5,3,2,5,3
85,3,3,3,3,3,3,3,3,3,3,3,3,3,3,3,3,3,3,3,3,3,3,3,3,3,3,3,3,3,3,3,5,3
86,3,3,3,3,3,3,3,3,3,7,3,3,3,3,3,3,3,3,3,3,3,3,3,3,3,5,3,3,3,3,2,3,3
87,3,3,3,3,3,3,3,3,3,2,3,3,2,3,3,3,3,3,3,3,3,3,3,3,3,3,3,3,3,3,3,3,2
88,3,3,3,3,2,3,2,3,3,3,3,3,3,2,3,3,2,3,3,3,3,3,3,7,2,3,3,3,3,3,3,3,3
89,3,3,3,3,3,3,3,3,3,3,2,3,3,3,3,3,3,3,3,3,3,3,3,3,3,3,3,3,3,3,3,3,3
90,3,3,3,3,3,3,3,3,3,3,3,3,3,3,3,3,3,3,2,3,3,3,3,3,3,3,3,3,2,3,3,3,3
91,3,3,3,3,3,3,3,3,3,3,3,3,3,3,3,3,3,2,3,3,3,3,3,3,2,2,3,3,3,3,3,2,3
92,3,3,3,3,3,3,3,3,3,3,3,3,3,3,3,2,3,3,3,3,3,3,3,3,3,3,3,3,3,3,3,3,3
93,3,3,3,3,3,3,7,3,3,3,3,3,3,3,3,3,3,3,3,3,3,3,3,3,3,3,3,3,3,3,3,3,3
94,3,3,3,3,3,3,3,3,3,3,2,3,3,3,3,3,3,3,3,3,3,3,3,7,3,3,3,3,3,3,3,3,3
95,3,3,3,3,3,3,3,3,3,3,3,3,2,3,3,5,3,3,3,3,3,3,3,3,3,3,3,3,3,3,3,3,3
96,3,3,2,3,3,3,3,3,3,3,3,3,3,3,3,3,5,3,3,3,3,3,3,3,3,3,3,3,3,3,3,3,3
97,3,3,3,3,3,2,2,7,3,5,3,3,3,3,3,3,3,5,3,3,3,3,3,2,3,3,3,3,3,3,3,3,3
98,3,3,3,3,3,3,3,3,3,3,3,3,3,2,3,3,3,3,3,3,3,3,3,2,3,5,3,3,3,3,5,3,3
99,3,2,3,2,2,2,3,2,5,3,2,7,2,2,2,3,2,2,2,5,2,5,3,3,2,3,2,7,3,2,2,2,3
100,3,2,3,2,3,2,2,2,2,2,2,2,2,2,2,3,2,2,2,2,2,2,2,3,2,2,2,2,2,2,2,2,2
101,3,2,3,3,2,3,2,2,3,2,2,2,3,3,2,2,2,2,3,2,3,2,2,2,2,2,2,3,2,2,2,2,3
102,3,2,3,2,3,2,2,3,3,2,2,2,3,2,2,2,3,2,2,2,2,2,2,3,3,2,2,2,2,2,2,3,3
103,3,3,3,3,3,2,2,3,3,2,3,2,3,3,5,3,2,3,5,3,3,7,3,3,3,2,3,3,2,3,3,3,3
104,3,5,5,3,5,3,5,3,5,5,3,3,3,5,5,3,3,5,5,5,5,3,5,5,5,3,5,3,5,5,5,5,3
105,3,3,5,3,3,5,3,5,3,3,3,3,3,3,5,3,5,3,3,3,3,3,5,3,3,3,3,3,3,5,5,3,3
106,3,3,3,3,3,3,3,3,3,3,3,3,3,3,3,3,3,3,3,3,2,3,5,3,3,5,3,5,5,5,5,3,3
107,3,3,3,3,0,3,3,3,3,3,5,3,3,5,3,3,3,3,3,3,3,3,3,3,3,3,3,3,3,3,3,3,3
108,3,3,3,3,5,3,3,3,3,5,3,3,3,3,3,3,3,3,3,3,3,3,3,3,5,3,3,5,3,3,3,3,5
109,3,3,5,3,5,3,3,3,3,3,3,5,5,5,3,3,3,3,5,5,3,3,3,3,5,5,3,3,3,5,5,3,3
110,3,3,3,3,3,3,5,3,3,3,3,3,3,3,3,3,3,5,3,3,3,3,3,3,5,3,3,0,3,3,3,5,3
111,3,3,3,5,5,3,3,3,3,5,5,5,3,3,5,3,5,3,5,5,5,3,3,5,3,0,3,3,5,3,3,3,3
112,3,3,3,3,5,3,3,3,3,5,3,3,3,3,3,5,5,5,3,5,3,3,3,5,3,3,3,5,3,3,5,3,3
113,3,5,5,5,3,5,3,3,3,5,5,5,5,2,5,5,5,3,5,5,5,3,3,5,5,3,5,5,5,5,5,5,5
114,3,5,5,5,5,3,3,5,5,3,3,5,5,5,5,3,3,3,3,3,3,5,3,3,3,3,5,5,3,3,3,5,3
115,3,5,3,5,3,3,5,5,5,5,3,3,5,3,5,5,5,5,3,5,3,5,5,5,5,3,5,5,5,5,5,5,5
116,3,5,3,3,3,3,5,5,3,5,3,3,3,3,3,3,5,5,5,3,3,5,5,5,5,3,3,3,5,3,5,5,3
117,3,5,5,5,3,5,5,3,3,5,5,3,3,3,5,5,3,3,5,3,5,3,3,3,3,5,5,3,5,5,5,5,5
118,3,5,5,3,5,5,3,3,5,5,3,2,5,5,5,5,3,5,3,5,3,5,3,3,5,5,5,3,3,3,5,5,3
119,3,5,3,3,5,3,3,3,3,5,5,3,5,3,5,3,5,3,3,5,3,3,5,5,5,5,5,3,5,3,5,5,5
120,3,5,5,5,5,3,5,5,3,5,5,5,5,5,5,3,5,5,5,5,3,5,5,3,5,5,3,3,5,5,5,5,3
121,3,5,5,5,3,5,0,5,5,5,3,3,5,5,5,3,3,5,5,5,5,5,3,5,5,5,5,5,3,5,5,3,5
122,3,5,5,5,3,5,3,3,3,5,5,2,5,5,3,5,5,3,3,3,5,5,3,5,5,3,3,5,5,3,5,5,3
123,3,5,3,5,5,5,5,5,5,0,5,5,3,3,3,5,5,5,5,5,3,3,5,5,5,3,5,5,5,5,5,5,3
124,3,5,5,3,5,5,5,3,3,3,5,3,5,3,5,5,5,5,3,3,3,3,5,5,5,3,3,5,5,5,5,5,5
125,3,5,3,3,3,5,5,5,5,3,3,5,5,3,3,3,5,5,5,3,5,3,5,5,5,5,3,5,5,5,5,3,5
126,3,5,3,5,2,3,3,5,0,2,3,7,3,2,5,5,3,3,3,3,5,5,5,3,3,5,5,3,3,3,3,3,5
127,3,2,2,2,3,2,2,2,2,2,2,2,2,2,2,2,2,2,2,2,2,2,2,2,2,2,2,2,2,2,2,2,5
128,3,2,2,2,7,2,2,2,2,2,2,2,2,2,2,2,2,2,3,2,2,2,2,7,2,2,7,2,3,2,2,2,3
129,3,2,2,2,2,2,2,2,2,2,2,2,2,2,2,5,2,2,2,2,2,2,2,2,2,2,2,2,2,2,2,2,2
130,3,2,2,2,2,2,2,5,2,2,2,3,2,2,2,2,2,2,3,2,3,3,2,2,2,2,2,2,2,2,2,2,3
131,3,2,2,2,2,2,2,2,2,2,2,2,2,2,2,2,2,2,2,3,2,2,2,2,2,2,5,2,2,2,3,3,7
132,3,2,7,3,2,5,2,2,2,2,3,2,2,2,2,2,2,2,2,2,2,5,2,2,2,2,2,2,5,2,2,2,2
133,3,2,2,2,2,2,2,5,2,2,2,2,2,5,3,2,2,2,2,2,3,2,2,2,2,2,5,3,2,2,2,2,2
134,3,2,2,2,2,2,5,2,5,2,3,2,3,2,2,2,5,2,3,2,2,2,2,2,2,2,2,2,2,2,2,2,2
135,3,2,2,5,3,2,2,3,2,2,2,2,2,2,2,3,2,2,5,2,2,2,5,2,2,2,2,2,2,2,0,2,2
136,3,2,2,2,2,3,2,2,2,2,2,2,3,3,2,2,2,3,3,3,2,2,2,2,2,3,7,2,2,3,2,2,2
137,3,2,2,3,3,2,2,2,2,2,2,2,3,2,3,2,2,2,2,3,2,2,2,2,2,3,2,2,2,2,2,2,2
138,3,2,5,2,2,2,3,2,2,2,2,3,2,2,2,3,2,2,2,2,3,2,2,2,2,3,3,2,3,2,2,3,2
139,3,2,3,2,2,3,2,2,7,2,2,2,3,3,2,2,2,2,5,2,3,2,2,3,2,3,2,2,7,2,2,2,2
140,3,2,2,2,7,2,3,2,2,3,3,2,2,2,3,2,2,3,3,2,2,2,2,2,3,2,2,2,3,3,2,7,2
141,3,2,2,3,2,3,7,2,2,7,2,2,2,2,2,2,7,5,2,2,2,3,5,2,2,2,2,2,2,2,2,2,7
142,3,2,2,2,2,2,2,2,2,2,2,2,3,2,2,2,5,2,2,2,2,2,2,2,2,2,3,2,2,2,2,5,2
143,3,2,2,2,2,2,3,2,2,2,2,2,5,2,2,2,2,2,3,3,2,3,7,2,2,2,3,2,2,2,3,2,7
144,3,2,2,2,3,2,2,2,2,2,2,2,2,2,2,2,2,2,2,2,2,2,2,2,2,2,2,2,2,2,2,2,2
145,3,2,3,2,3,3,2,3,2,2,3,2,2,2,2,2,2,3,2,5,2,2,3,2,2,2,3,3,2,2,2,2,2
146,3,2,2,2,2,2,2,3,2,2,2,2,2,2,2,2,2,2,3,2,2,3,2,2,3,2,5,3,3,2,3,2,2
147,3,2,2,2,7,2,2,2,3,2,2,2,2,2,2,2,2,2,2,2,2,2,2,2,3,2,2,2,2,2,2,2,3
148,3,2,2,2,3,2,2,2,2,2,2,2,2,2,7,2,2,2,2,2,2,2,2,2,2,3,2,2,2,2,2,2,2
149,3,2,2,2,2,2,2,2,2,2,3,3,2,2,2,2,2,2,2,2,2,2,5,2,2,2,2,3,2,3,2,2,2
150,3,2,2,7,2,2,2,2,2,2,2,2,2,7,2,2,2,2,2,2,2,2,3,2,2,2,2,2,2,3,2,2,2
151,3,2,2,2,2,2,3,2,3,2,2,2,3,2,2,2,2,2,2,2,2,2,3,2,2,2,2,3,2,2,2,3,2
152,3,2,2,2,2,3,2,2,2,3,2,2,2,2,2,2,2,2,2,2,3,2,2,2,2,2,3,2,2,3,2,2,2
153,3,2,2,2,2,2,2,3,2,2,2,3,2,3,2,2,2,2,2,2,2,2,2,2,3,2,2,2,2,2,2,2,2
154,3,2,2,2,2,2,2,2,2,2,2,2,2,2,3,2,2,2,2,2,2,2,7,2,2,2,3,2,2,3,2,2,4
155,3,2,2,2,2,2,2,2,2,2,2,2,2,2,2,2,2,3,2,2,2,2,2,2,2,2,2,2,2,3,2,3,7
156,3,2,2,7,3,2,7,2,2,2,2,2,2,2,2,2,2,2,2,3,7,3,7,2,3,2,2,8,2,2,2,2,2
157,3,2,3,2,2,2,2,3,3,2,7,2,2,2,3,2,2,2,2,2,2,2,2,2,2,2,2,2,2,2,2,5,3
158,3,3,3,3,3,3,3,3,3,3,3,3,3,3,3,3,3,3,3,3,3,3,3,3,3,3,3,3,3,3,3,3,3
159,3,3,3,3,3,3,3,3,3,3,3,3,3,3,3,3,3,7,3,3,3,3,3,3,3,3,3,3,3,3,3,3,3
160,3,3,3,3,3,7,3,3,3,3,3,3,3,3,3,3,3,3,3,3,3,3,3,3,3,2,3,3,3,3,3,3,3
161,3,3,3,3,3,3,3,3,3,3,5,3,3,3,3,3,3,3,3,3,3,3,3,3,3,3,3,3,3,3,3,3,3
162,3,3,3,3,3,3,3,3,3,3,3,3,3,3,3,3,3,3,3,3,3,3,3,3,3,3,3,3,3,3,3,3,3
163,3,3,3,3,3,3,3,3,3,3,3,3,3,3,3,3,3,3,3,3,3,3,3,3,3,3,3,7,3,3,3,3,3
164,3,3,3,3,7,3,3,3,3,3,3,3,3,3,3,3,3,3,3,3,3,3,3,3,3,3,3,3,3,3,3,3,3
165,3,3,3,3,3,3,3,3,3,3,3,3,3,3,5,3,3,3,3,3,3,3,3,3,3,3,3,3,3,3,3,3,3
166,3,3,3,3,3,3,3,3,3,3,3,3,3,3,3,3,3,3,3,3,3,2,3,3,3,3,3,3,3,3,3,3,3
167,3,3,3,3,3,3,3,3,3,3,3,3,3,3,3,3,3,3,3,3,3,3,3,3,3,3,3,3,3,3,3,3,3
168,3,3,3,3,3,3,3,3,3,3,3,3,3,3,3,3,3,3,2,3,3,3,3,3,3,3,3,3,3,3,3,3,3
169,3,3,3,3,3,3,3,3,3,3,3,3,3,3,3,3,3,3,3,3,3,3,3,3,3,3,3,3,3,3,3,7,3
170,3,3,3,3,3,3,3,3,3,3,3,3,3,3,3,3,3,3,3,3,3,3,3,3,3,3,3,3,3,3,3,3,3
171,3,3,3,3,3,7,3,3,0,3,3,3,3,3,3,2,3,3,3,3,3,3,3,3,3,3,3,3,3,3,3,3,3
172,3,3,3,3,3,3,3,3,3,3,3,3,3,3,3,3,3,3,3,3,3,3,3,3,3,3,3,3,3,3,3,3,3
173,3,3,3,3,3,3,3,3,3,3,3,3,3,3,3,5,3,3,3,3,2,3,3,3,3,3,3,3,3,3,3,3,3
174,3,3,3,3,3,3,3,3,3,3,2,3,3,3,3,2,3,3,3,3,3,3,3,3,5,3,3,5,3,3,3,3,3
175,3,3,3,3,3,3,3,3,3,3,3,3,3,5,3,5,3,7,3,3,3,3,3,2,3,3,3,3,3,3,3,3,3
176,3,3,3,7,3,3,3,3,3,3,3,3,3,3,3,3,3,3,3,3,3,3,3,7,3,7,3,3,3,3,3,3,3
177,3,3,3,3,3,3,3,3,3,3,3,0,3,3,3,3,3,3,3,3,3,3,3,3,3,3,3,3,3,3,3,3,3
178,3,3,2,7,7,3,3,3,3,3,7,3,3,3,3,2,7,3,3,3,3,3,3,3,3,3,3,7,3,3,3,3,3
179,3,3,3,3,3,3,7,3,3,3,3,3,3,3,3,3,3,2,0,3,3,3,3,3,3,3,3,3,3,3,3,3,3
180,3,3,3,3,3,3,3,3,3,3,3,3,3,3,3,3,3,3,3,3,3,3,3,3,3,3,3,3,3,3,3,3,3
181,3,3,3,3,3,3,3,3,3,3,3,3,3,3,3,3,3,3,3,3,3,3,3,3,3,3,3,3,3,3,3,3,3
182,3,3,3,3,3,3,3,3,3,3,3,2,3,3,3,2,3,2,3,3,3,3,3,3,7,3,3,3,3,3,8,3,3
183,3,3,3,3,3,3,3,3,3,3,3,3,3,3,3,3,3,3,3,3,3,0,3,3,3,3,3,3,3,3,3,3,3
184,3,3,3,3,3,3,3,3,3,3,3,3,3,3,3,3,3,3,3,3,3,3,3,3,3,3,3,3,3,3,3,3,3
185,3,3,3,3,3,3,3,3,3,5,3,3,5,3,3,3,3,3,3,5,3,3,3,3,3,3,3,5,3,3,3,3,3
0,4,3,3,3,3,5,3,3,5,3,3,3,3,5,3,3,3,3,5,3,3,3,3,5,3,3,3,3,3,3,3,5,5
1,4,3,3,3,3,3,3,3,3,3,3,3,3,3,3,3,3,2,3,3,3,3,3,3,3,3,3,3,0,2,3,3,2
2,4,3,3,3,3,5,3,3,3,3,3,3,3,3,3,3,3,3,3,3,3,3,3,3,3,3,2,3,3,3,3,3,3
3,4,5,5,5,5,5,5,3,5,3,5,5,3,5,0,5,5,5,3,5,5,5,5,5,5,5,3,5,5,5,5,5,5
4,4,5,5,5,5,3,3,5,5,5,5,5,5,5,5,5,5,5,5,5,5,5,5,5,3,5,5,0,5,5,3,5,3
5,4,5,5,5,2,3,3,5,5,5,5,5,5,5,5,5,5,5,3,5,5,2,5,2,3,2,5,3,3,5,5,5,5
6,4,5,3,7,5,5,5,5,5,5,5,5,5,5,5,5,5,5,5,7,5,5,5,5,5,5,2,5,5,3,5,5,5
7,4,5,5,5,5,3,5,5,5,3,5,5,5,5,5,5,2,3,5,5,3,5,5,5,5,5,3,5,5,5,5,5,5
8,4,5,3,5,5,5,3,5,5,5,5,5,5,3,5,5,5,5,5,5,5,5,5,3,5,5,5,5,5,3,3,5,7
9,4,5,2,5,5,5,3,5,5,5,5,7,5,5,5,0,5,5,5,5,5,5,5,5,5,5,5,5,7,3,3,5,5
10,4,5,5,5,5,5,5,5,5,3,5,5,5,3,5,2,5,5,5,5,2,5,5,5,5,5,5,5,5,5,3,5,5
11,4,5,5,5,5,3,5,5,5,5,5,5,3,5,5,3,5,5,5,5,5,5,5,5,5,3,5,3,5,5,2,5,5
12,4,5,5,3,5,5,5,5,5,5,5,5,5,5,5,5,5,5,3,5,2,5,5,5,5,5,7,5,5,5,3,5,5
13,4,5,5,5,3,5,3,5,3,5,5,3,5,5,5,5,5,7,5,5,5,5,0,5,3,5,5,5,5,5,5,3,3
14,4,5,5,5,5,2,5,5,3,5,0,3,5,5,5,5,5,3,3,3,3,5,3,3,5,3,5,5,5,5,5,7,5
15,4,5,5,5,5,3,5,5,5,3,5,5,5,5,5,5,5,5,5,5,5,5,5,5,5,5,5,5,5,5,5,5,5
16,4,5,5,3,5,5,3,3,5,5,5,5,5,5,5,3,3,5,5,3,7,2,5,5,5,5,5,5,5,5,5,5,5
17,4,5,3,5,2,5,5,3,3,0,5,2,3,5,3,5,5,5,5,5,3,3,3,5,5,2,5,3,5,3,3,5,5
18,4,5,5,5,3,5,5,5,3,5,3,5,5,5,5,3,2,3,2,3,0,3,5,3,5,5,5,5,3,3,5,5,5
19,4,5,5,3,5,5,2,5,2,3,5,3,3,5,3,5,5,3,5,5,3,5,5,3,3,5,5,3,3,5,5,3,3
20,4,5,5,5,3,5,3,2,5,5,5,0,2,5,5,3,5,5,5,5,5,2,8,3,5,3,5,5,5,5,5,5,3
21,4,5,5,3,5,5,5,3,7,3,5,5,5,5,3,5,5,2,5,5,3,3,2,5,3,5,7,5,5,5,5,7,5
22,4,5,2,2,2,3,3,5,5,7,3,5,3,5,3,5,5,0,5,5,5,5,5,5,5,5,3,5,5,5,5,5,3
23,4,5,5,5,5,5,5,5,5,5,5,5,3,5,2,3,5,5,3,5,2,5,5,5,5,2,5,5,5,5,3,5,2
24,4,5,3,5,7,3,5,5,5,5,5,5,5,3,2,5,5,5,2,5,5,5,5,5,5,5,5,5,5,5,5,5,5
25,4,3,3,5,3,3,3,3,3,3,3,3,3,3,3,3,3,3,3,3,3,3,3,3,3,7,7,3,3,3,2,3,5
26,4,3,3,7,3,3,2,3,3,3,3,3,3,3,3,3,3,3,3,3,3,7,3,3,3,3,3,5,3,3,3,3,3
27,4,3,3,3,3,0,3,3,3,3,3,3,3,3,5,3,3,3,3,3,3,7,3,0,3,3,3,3,3,3,3,3,3
28,4,3,3,3,3,2,3,3,3,3,3,3,3,3,3,3,3,3,5,5,3,3,3,5,5,2,3,5,3,3,3,3,3
29,4,3,5,7,3,3,3,3,3,3,3,3,5,5,5,3,7,3,3,3,3,5,3,3,3,5,3,3,3,3,3,3,3
30,4,3,3,3,0,3,3,3,3,3,3,3,3,5,3,3,3,3,3,3,3,2,3,7,3,3,7,3,3,3,3,3,3
31,4,3,3,3,3,3,3,3,3,3,3,3,3,3,7,3,3,3,3,3,3,3,3,3,3,3,3,3,3,3,3,3,3
32,4,3,3,3,3,3,3,7,3,3,3,7,3,3,3,3,3,3,3,3,3,3,3,7,3,3,3,3,3,2,3,3,7
33,4,3,3,3,3,2,2,3,3,3,3,2,3,3,3,2,3,7,3,3,7,3,3,3,3,3,3,3,2,2,3,3,3
34,4,3,3,3,3,3,3,3,3,0,3,3,3,3,4,3,2,3,5,3,3,3,3,3,3,3,3,2,3,3,3,3,3
35,4,3,3,3,2,2,3,3,1,3,3,3,3,3,3,2,3,2,3,2,3,3,3,3,3,3,3,3,3,3,3,3,3
36,4,3,3,3,3,3,3,3,3,3,2,0,2,3,2,3,3,3,3,3,3,3,2,3,3,2,3,3,3,3,3,3,3
37,4,3,3,3,3,3,3,3,3,3,3,3,3,3,3,7,3,3,3,2,3,3,3,3,3,3,3,3,0,3,3,3,3
38,4,3,3,3,3,3,3,3,3,3,3,3,3,2,3,3,3,3,3,5,7,3,3,3,3,3,3,3,3,3,2,3,3
39,4,3,3,3,3,3,3,3,7,3,3,3,3,3,3,3,3,2,3,3,3,3,3,3,5,3,3,3,3,3,3,3,3
40,4,3,3,3,3,3,3,3,3,3,3,3,3,3,3,3,2,3,3,3,3,2,3,3,3,3,3,3,3,7,3,3,2
41,4,3,3,3,3,3,7,3,3,3,3,3,3,2,3,5,3,3,3,3,3,3,3,3,3,3,3,3,3,3,3,7,3
42,4,3,2,3,3,3,3,2,3,3,3,3,3,3,3,3,3,3,3,3,3,3,3,3,3,3,3,3,7,3,2,3,3
43,4,3,2,3,3,3,3,3,0,3,3,3,3,3,3,3,3,3,3,3,3,3,3,3,3,2,3,3,3,3,3,3,3
44,4,3,3,3,3,3,3,3,3,3,3,3,3,3,3,3,3,3,3,3,3,3,3,3,3,3,3,3,3,3,3,3,2
45,4,3,3,3,3,3,3,3,3,3,3,3,3,3,3,3,3,3,3,3,3,3,3,3,3,3,3,2,3,3,3,3,3
46,4,3,3,3,3,3,3,3,3,3,3,5,3,3,3,3,3,3,3,3,3,3,3,3,3,3,3,3,3,3,3,3,3
47,4,3,5,2,3,3,3,3,3,3,3,3,3,3,3,3,3,5,3,3,3,2,3,3,3,3,3,5,3,2,3,3,3
48,4,3,3,5,3,3,3,3,3,3,3,3,3,3,3,5,3,3,3,3,3,3,3,3,5,3,3,3,3,3,3,3,3
49,4,3,3,3,5,3,3,5,3,5,3,3,5,3,0,3,3,3,3,3,3,3,3,3,3,3,5,3,3,3,5,3,5
50,4,3,3,3,3,3,5,3,3,3,3,3,3,2,2,5,3,3,3,5,3,3,3,3,3,3,3,3,5,2,3,3,3
51,4,3,3,3,3,5,3,3,3,2,3,3,3,3,3,3,3,3,3,3,3,3,3,3,3,3,3,3,3,3,3,2,3
52,4,3,3,3,5,3,5,3,3,3,3,5,3,3,5,5,5,2,3,3,5,3,5,3,3,3,3,3,3,3,3,0,3
53,4,5,3,3,3,5,5,2,3,3,3,5,5,2,3,5,5,3,3,2,3,5,5,3,5,3,5,5,3,3,2,3,5
54,4,3,3,3,3,3,3,3,2,3,3,3,3,3,3,3,3,3,3,3,2,3,3,3,5,3,3,3,3,3,3,3,2
55,4,3,3,3,3,3,3,3,3,3,3,3,2,3,1,2,3,3,3,2,3,3,3,3,2,3,3,2,3,3,3,3,2
56,4,3,3,3,3,2,3,3,2,2,3,3,3,3,3,2,3,3,2,3,3,3,2,3,3,3,3,2,3,3,3,3,3
57,4,3,3,3,3,3,3,3,3,3,3,3,3,7,3,3,3,3,3,2,2,3,3,3,3,3,3,2,3,3,3,3,3
58,4,3,3,3,3,3,3,3,3,3,3,3,3,3,3,3,3,3,3,3,3,3,3,3,2,3,2,3,3,3,3,3,3
59,4,3,3,5,3,3,3,3,3,2,2,3,3,3,3,2,2,3,3,3,3,3,2,3,3,3,3,2,3,3,3,3,2
60,4,3,3,3,3,3,3,3,3,3,3,3,3,3,3,3,3,3,3,3,2,3,3,3,3,2,3,3,2,3,3,3,2
61,4,3,3,3,3,3,3,3,3,3,3,3,3,3,3,3,3,3,3,3,3,3,3,3,3,3,3,3,3,3,3,3,3
62,4,3,2,2,2,3,3,3,3,3,2,3,3,3,2,3,3,3,3,3,3,3,3,3,5,3,3,3,3,3,3,3,3
63,4,2,3,2,3,2,2,3,3,2,2,2,2,2,2,2,3,3,2,3,2,3,3,3,2,2,2,2,3,2,2,3,3
64,4,2,2,2,2,2,2,2,7,3,2,3,3,3,3,2,2,2,3,2,3,2,2,2,2,2,2,5,3,2,2,7,2
65,4,2,2,2,2,2,3,7,2,2,2,2,2,3,7,3,2,3,3,3,3,3,2,3,2,3,2,2,3,2,3,3,2
66,4,3,2,3,2,3,3,3,3,3,3,3,3,3,2,3,3,3,3,3,3,3,2,3,2,2,5,3,3,3,3,2,2
67,4,2,2,2,3,2,3,2,3,3,3,7,2,3,7,2,2,3,3,3,3,3,2,2,2,2,2,2,3,2,2,7,3
68,4,2,3,2,2,2,2,2,2,2,2,3,2,7,2,2,3,2,3,2,2,3,3,7,2,2,7,2,2,2,2,2,2
69,4,3,2,2,2,3,3,3,3,3,3,3,3,2,3,3,3,3,2,2,2,3,3,3,3,2,3,3,2,7,2,3,3
70,4,3,3,3,7,3,3,3,3,3,2,2,3,2,3,3,2,3,2,3,2,3,3,3,2,3,2,7,2,3,3,2,3
71,4,3,3,2,3,3,2,2,7,2,3,2,3,2,2,2,3,2,3,7,3,2,3,3,3,3,3,7,2,2,3,2,2
72,4,3,3,3,3,7,3,3,3,3,2,7,6,3,3,2,2,7,3,3,3,7,3,2,2,3,2,3,3,3,2,3,3
73,4,3,3,7,3,3,2,3,3,3,3,2,7,3,2,7,2,3,7,3,3,2,3,3,7,2,3,3,3,3,3,2,3
74,4,3,7,3,3,2,3,3,3,3,2,2,3,2,2,2,3,7,2,3,3,2,3,2,3,2,7,3,3,3,3,3,1
75,4,3,3,3,3,2,3,7,3,2,7,3,2,3,3,2,3,3,3,3,3,3,3,2,2,3,3,3,2,3,3,3,3
76,4,3,3,3,3,3,3,3,3,3,3,3,3,3,3,3,5,2,3,5,3,3,3,3,3,3,3,3,3,3,2,3,3
77,4,3,3,3,7,3,3,3,3,3,3,3,3,3,3,3,5,3,3,3,3,2,3,3,3,3,3,3,3,3,3,3,3
78,4,3,3,3,3,3,3,3,3,3,3,3,3,3,3,3,3,2,3,3,3,3,2,3,2,3,3,5,5,3,3,3,3
79,4,3,3,3,3,3,3,3,3,3,3,3,3,3,3,3,3,3,3,3,3,3,2,3,3,3,3,3,3,3,2,3,3
80,4,3,3,3,3,3,3,2,3,3,3,3,3,7,3,3,3,3,3,3,3,2,3,3,3,3,3,2,3,3,2,3,3
81,4,3,3,3,5,3,3,3,3,3,3,5,2,3,3,3,2,3,3,3,2,3,3,3,3,3,3,3,2,3,3,3,3
82,4,3,3,3,2,3,3,3,3,3,3,3,2,3,3,3,2,3,3,3,3,3,3,3,3,3,2,3,3,3,3,3,3
83,4,3,2,3,3,3,3,3,7,3,3,2,3,5,3,3,3,3,3,3,3,3,3,3,3,2,3,3,3,3,3,2,3
84,4,3,2,3,2,3,3,3,0,3,3,3,3,3,3,3,3,3,3,3,3,3,3,3,3,3,3,3,3,3,3,3,3
85,4,3,2,3,3,3,3,3,3,2,3,2,3,3,3,3,3,3,3,3,3,3,3,3,3,3,3,3,2,3,3,3,3
86,4,3,3,3,3,3,3,3,3,3,3,3,3,3,3,3,3,3,3,3,3,3,3,3,3,3,3,3,3,3,3,7,3
87,4,3,3,3,5,3,3,3,3,2,3,3,3,3,3,3,3,3,3,3,2,3,3,3,3,3,3,3,3,3,3,3,3
88,4,3,2,3,3,3,3,3,3,3,3,3,3,3,3,3,3,3,3,3,2,3,3,3,3,3,3,3,3,3,3,3,3
89,4,3,3,3,3,3,3,3,3,3,3,3,3,3,3,3,3,2,3,5,3,3,3,3,2,3,3,3,3,3,3,3,3
90,4,3,5,3,3,3,3,3,3,3,3,3,3,3,3,3,3,3,3,3,5,3,3,3,3,3,3,3,3,3,3,3,5
91,4,3,3,3,3,3,3,3,3,3,3,3,2,3,3,3,2,3,3,3,3,3,3,3,3,2,5,3,3,3,2,3,2
92,4,3,3,3,3,3,3,3,3,3,3,5,3,3,3,3,3,3,3,3,3,5,3,3,1,3,3,3,3,3,3,3,3
93,4,3,3,3,5,3,3,3,3,3,3,3,3,3,2,3,5,3,3,3,3,3,3,3,3,3,3,3,3,3,3,3,3
94,4,3,3,3,2,3,3,3,7,3,3,3,3,3,3,3,5,3,3,3,3,3,3,7,3,3,3,3,3,3,3,3,3
95,4,3,3,3,3,3,5,2,3,3,3,3,3,3,2,3,3,3,3,5,3,3,3,3,3,3,2,3,2,3,3,3,2
96,4,3,3,3,3,3,3,3,3,3,3,3,3,3,3,3,3,3,2,3,3,5,3,3,3,3,3,3,3,3,5,3,5
97,4,3,3,3,3,3,3,3,3,3,3,3,3,3,7,3,3,3,3,7,3,3,3,3,3,3,3,3,3,2,3,3,3
98,4,3,3,3,3,3,3,3,3,5,3,3,3,3,3,3,3,3,3,0,3,3,3,3,3,3,3,3,2,3,3,3,3
99,4,3,3,3,3,3,3,3,3,3,2,3,3,3,3,3,3,3,3,3,3,2,3,3,3,2,3,3,3,3,3,3,3
100,4,3,3,5,3,3,3,3,3,3,3,3,3,3,3,3,3,3,3,3,3,3,3,3,3,3,3,3,3,3,3,3,3
101,4,3,3,3,3,3,3,3,3,3,3,3,3,2,3,3,0,3,3,3,3,3,3,2,3,3,3,3,3,3,3,3,3
102,4,3,3,3,3,3,3,3,3,5,3,3,3,3,3,3,3,3,3,3,3,3,3,3,3,3,3,5,3,3,3,3,3
103,4,3,3,3,3,3,3,3,3,3,3,3,3,3,3,3,3,3,3,3,3,3,3,3,3,3,3,3,3,3,3,3,3
104,4,3,3,3,3,3,3,0,3,2,3,3,3,3,3,3,3,3,3,2,2,3,3,3,3,3,3,0,3,3,3,3,3
105,4,3,3,3,3,3,3,3,3,3,3,3,3,3,3,5,5,3,3,3,3,3,3,3,3,3,3,3,3,3,3,3,3
106,4,3,3,3,3,3,3,3,3,5,3,3,3,3,3,3,3,3,3,3,3,3,3,3,3,3,3,3,3,3,3,3,3
107,4,3,3,3,3,5,0,3,3,3,3,3,3,3,3,3,3,3,3,0,3,3,3,3,3,3,3,3,3,3,3,3,3
108,4,3,3,3,3,3,3,5,3,3,3,3,3,3,3,3,2,3,3,3,3,3,3,3,3,3,2,3,3,2,3,3,3
109,4,5,2,3,5,3,3,5,3,3,5,5,5,3,5,5,5,3,5,5,5,5,5,5,5,5,5,3,3,5,3,5,0
110,4,5,3,3,3,5,3,5,5,5,5,5,3,5,5,3,2,0,5,3,5,2,5,5,5,5,5,5,2,2,5,5,5
111,4,5,5,3,0,5,3,3,3,5,5,5,5,5,2,5,5,3,3,5,5,5,3,3,5,5,2,2,5,3,5,5,3
112,4,5,5,5,5,5,5,5,5,5,5,5,5,3,5,5,5,5,3,5,3,5,2,0,5,3,3,5,3,3,3,5,5
113,4,5,3,5,5,5,5,5,5,5,2,5,3,3,5,2,0,3,5,5,5,5,3,5,5,7,3,5,5,7,5,3,5
114,4,5,3,5,3,3,5,3,3,5,5,2,5,5,5,3,3,3,5,5,5,3,5,5,2,2,3,5,3,3,3,3,5
115,4,5,5,5,5,5,5,0,3,5,5,5,5,5,5,5,5,5,5,5,5,5,5,5,5,3,5,5,5,5,5,3,5
116,4,5,5,5,5,2,5,7,7,5,3,5,5,5,5,5,5,5,2,5,5,5,5,2,5,5,2,5,3,5,5,5,5
117,4,5,3,5,0,7,7,2,5,5,5,7,3,5,7,5,5,7,5,5,3,5,3,3,5,3,5,5,5,3,5,5,3
118,4,5,5,3,5,5,5,5,5,2,5,5,3,5,5,3,3,3,5,5,3,5,5,3,7,5,5,0,5,5,5,3,5
119,4,5,3,5,5,5,3,5,5,5,3,5,5,5,7,5,3,5,5,5,3,5,5,5,5,5,3,3,5,5,5,5,5
120,4,3,5,5,3,1,3,5,1,5,3,3,5,5,3,5,3,2,2,5,3,5,3,3,5,3,5,3,3,3,5,3,3
121,4,5,5,5,5,5,3,5,5,3,5,3,5,5,5,1,5,3,5,5,2,5,2,5,5,1,5,5,5,5,5,5,5
122,4,5,2,5,3,5,5,3,3,3,3,3,3,7,3,3,2,3,5,5,5,7,5,5,5,5,5,3,3,2,3,3,3
123,4,5,5,3,5,5,2,2,0,3,5,5,2,2,3,5,2,3,3,3,3,3,5,3,3,7,2,7,3,0,5,5,5
124,4,5,5,3,3,3,3,3,3,3,5,3,5,3,5,2,5,2,5,3,2,3,3,3,3,3,7,3,5,5,5,3,3
125,4,2,5,5,2,5,3,5,3,3,3,2,2,2,7,2,3,3,2,2,3,5,2,2,3,2,2,2,3,5,2,3,2
126,4,2,3,2,2,2,3,7,2,3,3,2,5,3,3,2,2,3,2,3,2,2,2,2,2,5,3,2,2,3,3,3,3
127,4,2,2,2,3,2,5,5,3,2,7,7,3,3,3,5,2,3,3,2,3,2,2,3,3,2,2,2,3,2,5,3,2
128,4,2,3,3,3,2,5,5,2,2,2,3,5,3,2,3,2,2,3,5,2,5,2,5,5,2,2,5,3,3,3,2,3
129,4,2,2,2,2,3,5,3,2,2,2,3,3,3,3,2,5,2,5,2,5,2,3,3,3,2,3,3,5,3,3,7,3
130,4,2,7,2,2,5,3,5,5,3,5,2,2,3,2,2,2,2,2,2,3,3,2,3,5,2,3,2,2,3,2,2,5
131,4,2,2,2,2,3,2,2,2,3,3,2,2,3,2,3,2,3,2,5,2,2,2,2,2,2,2,7,5,2,7,2,2
132,4,2,2,5,3,3,2,2,2,2,2,2,2,2,3,3,2,7,2,3,5,3,3,2,2,3,2,3,3,2,3,5,2
133,4,2,2,2,2,2,2,2,2,7,2,3,2,7,2,2,2,2,2,2,2,1,3,2,2,3,2,2,2,3,2,2,2
134,4,2,2,2,2,2,2,2,2,2,2,2,2,2,2,2,3,3,2,2,2,2,2,3,2,3,2,2,2,5,2,3,7
135,4,2,2,2,2,2,3,3,2,2,2,2,2,3,2,3,3,2,3,2,2,3,2,2,2,3,3,3,2,3,2,3,3
136,4,2,2,2,2,2,3,2,2,3,3,3,3,5,2,2,2,2,3,3,2,2,3,3,2,3,2,2,2,2,2,2,2
137,4,3,2,2,3,2,3,3,3,3,2,5,3,3,3,3,3,3,5,3,2,2,2,3,3,3,7,3,2,2,7,3,3
138,4,3,3,2,5,2,5,3,5,3,5,5,3,3,5,2,3,3,2,3,3,3,3,3,3,3,3,5,5,5,2,3,3
139,4,2,2,2,2,2,3,3,3,3,3,2,2,2,3,3,3,2,3,3,3,2,2,3,2,3,5,2,3,3,3,3,3
140,4,2,2,5,2,3,2,2,2,2,3,3,2,2,2,2,5,2,2,7,2,2,3,2,2,2,2,3,2,3,3,3,2
141,4,2,3,2,2,2,2,3,3,7,2,2,2,2,3,3,3,2,3,2,2,3,2,3,2,2,3,3,3,3,2,3,2
142,4,2,2,3,3,2,2,3,2,2,2,3,2,3,3,2,3,2,3,2,3,3,2,3,2,3,3,2,3,3,2,3,2
143,4,3,2,2,3,2,2,3,3,2,3,2,2,3,2,2,2,3,3,2,3,2,3,2,2,2,0,3,3,2,2,2,2
144,4,3,3,2,2,2,2,2,2,5,2,2,3,3,3,2,3,2,3,3,3,2,3,2,5,2,3,3,3,2,3,2,5
145,4,2,2,3,3,3,3,2,3,5,3,3,3,2,3,3,3,3,3,2,2,3,2,2,2,2,2,3,3,2,2,2,2
146,4,2,3,2,3,3,3,3,3,2,3,2,2,3,3,2,3,3,2,3,3,2,3,2,2,3,2,2,2,3,2,3,3
147,4,2,2,2,2,2,2,3,2,2,2,2,2,3,2,2,2,2,2,2,2,2,2,2,2,2,2,2,2,2,2,2,2
148,4,2,2,2,3,2,2,3,2,5,2,3,2,2,2,2,2,2,3,2,2,3,2,3,3,2,2,5,5,2,2,2,3
149,4,2,2,2,3,2,7,3,7,2,7,2,2,3,3,2,2,2,2,2,2,2,0,2,3,2,3,3,2,2,2,2,2
150,4,2,2,2,2,5,3,2,3,3,2,2,2,3,2,2,2,2,2,2,2,3,2,2,2,2,2,2,2,2,2,2,5
151,4,2,5,2,2,2,2,2,3,3,2,2,2,3,2,2,7,2,2,2,2,2,2,2,2,2,2,2,2,2,7,2,2
152,4,2,3,2,2,2,2,3,2,2,3,3,2,2,2,2,2,3,3,2,2,2,3,5,3,2,2,2,2,3,2,2,2
153,4,2,3,7,2,2,2,2,2,3,2,3,2,2,2,2,2,3,2,2,3,3,2,3,3,2,3,2,5,2,2,3,3
154,4,2,2,2,2,3,2,3,2,5,3,2,2,2,2,2,2,3,2,2,2,2,2,3,2,3,2,3,3,3,2,2,2
155,4,2,2,2,2,2,2,7,2,3,2,2,3,2,2,2,2,2,3,2,2,2,2,7,2,2,2,3,3,2,2,3,2
156,4,2,3,2,2,2,2,2,2,3,3,2,2,2,2,2,2,3,7,7,3,2,2,2,3,2,5,2,2,2,2,2,2
157,4,2,2,2,3,2,3,2,3,3,3,2,3,3,5,3,3,3,3,2,2,2,2,2,2,2,3,3,3,5,3,2,3
158,4,2,3,2,2,3,2,3,3,3,2,3,3,2,2,3,3,2,3,2,3,3,3,3,3,3,3,3,2,2,2,3,2
159,4,3,3,3,3,3,3,3,3,3,3,3,3,2,3,3,3,3,3,3,3,3,3,3,3,2,3,2,3,3,2,3,3
160,4,3,3,3,3,3,3,3,3,3,3,5,3,3,3,3,2,3,3,3,3,3,3,3,2,3,3,3,2,2,3,3,3
161,4,3,3,3,3,3,3,3,3,3,2,3,3,3,3,3,3,3,3,2,3,5,3,3,3,2,3,3,3,3,3,3,3
162,4,3,3,3,3,3,3,3,3,2,5,3,3,3,3,2,3,3,3,2,3,3,2,3,3,3,3,3,3,3,3,3,3
163,4,3,3,3,3,2,3,3,3,3,3,3,3,3,3,3,3,3,3,3,3,3,3,3,3,3,3,3,3,3,3,3,2
164,4,3,3,3,3,3,3,3,3,3,3,3,3,3,3,3,3,3,3,3,3,3,3,3,3,5,3,3,3,2,3,3,3
165,4,3,3,3,3,3,3,3,3,3,3,3,2,3,3,3,0,3,3,3,3,3,3,3,3,3,3,3,3,3,3,3,3
166,4,3,3,3,2,3,3,3,3,3,3,3,3,3,5,3,3,3,3,3,3,3,3,3,3,3,3,3,3,3,2,3,3
167,4,3,3,3,3,3,3,3,3,3,3,2,3,3,3,5,3,3,3,2,3,3,3,3,3,3,3,3,3,3,3,3,2
168,4,3,3,3,3,3,3,3,7,3,3,3,3,3,3,3,7,3,3,2,3,3,3,2,3,3,3,3,2,0,3,3,5
169,4,3,3,3,3,3,3,2,3,3,3,3,3,3,3,3,3,3,3,3,3,5,3,3,3,3,3,2,3,3,3,3,2
170,4,2,2,2,2,2,2,2,5,2,2,3,2,2,2,2,2,0,5,2,2,2,2,2,2,5,2,2,2,3,7,2,3
171,4,2,2,2,3,2,2,2,2,7,7,3,2,7,2,2,2,2,2,3,7,3,3,2,3,2,7,2,2,2,2,7,3
172,4,2,3,3,2,5,2,7,3,3,2,3,3,3,2,7,2,3,3,7,2,3,2,7,2,3,2,3,7,2,2,2,3
173,4,2,2,3,2,3,3,2,2,2,2,2,2,3,2,3,3,3,2,3,3,2,2,2,3,3,3,3,2,2,2,2,2
174,4,2,3,2,3,5,2,7,2,3,2,2,3,3,3,3,3,0,2,3,3,2,5,3,3,3,3,2,3,2,3,3,2
175,4,2,2,3,3,5,3,2,3,2,7,3,2,2,5,2,2,3,3,2,7,3,2,3,3,2,3,3,3,2,2,2,2
176,4,2,3,2,3,3,3,2,3,2,2,2,2,3,3,2,3,3,2,2,7,3,2,3,3,2,2,2,2,3,3,2,3
177,4,2,2,3,3,2,2,2,2,2,2,2,2,3,3,2,2,2,3,2,3,2,3,3,3,3,5,0,3,3,3,2,2
178,4,2,2,2,3,2,2,7,2,2,2,3,2,2,2,2,2,3,2,2,3,5,2,2,2,2,2,2,2,2,5,3,2
179,4,2,2,2,2,2,2,2,3,2,2,3,2,2,2,2,3,2,3,3,3,7,3,2,3,2,2,5,5,3,2,3,2
180,4,3,3,3,3,3,3,3,3,3,3,3,3,3,1,3,3,3,3,3,3,3,3,3,3,3,3,3,3,3,3,3,3
181,4,3,2,2,3,3,3,3,3,7,3,3,2,2,3,2,3,3,3,3,3,3,2,3,3,3,3,3,3,3,3,2,3
182,4,2,2,2,3,2,2,3,2,2,2,3,3,7,2,2,2,7,3,3,2,3,2,3,3,7,3,3,2,2,2,3,3
183,4,2,3,2,2,2,7,3,3,3,3,2,3,3,3,3,3,3,7,2,3,2,2,2,7,3,5,3,3,3,2,2,3
184,4,2,3,2,2,5,3,3,3,3,2,7,3,3,3,3,3,2,2,3,3,3,3,3,3,3,3,2,2,2,2,3,2
185,4,3,3,3,3,2,3,3,3,3,3,3,3,3,3,2,3,3,3,2,3,3,3,3,3,3,3,3,3,3,3,2,3
